1
1389 972 1041 1854 3471 4813 6709 7250 6135 6243 5617 6569 5612 3933 3850 3737 3426 3214 3029 3052 3202 2960 2816 2916 2930 2625 2616 2611 2654 2998 3646 4051 4958 5523 6015 7053 8303 9762 11803 13289 13362 12618 11296 10237 8777 7390 6221 5181 4677 4118 3293 2636 2082 1736 1503 1384 1230 1225 1157 1090 979 814 692 681 572 528 464 389 380 371 329 317 378 405 347 361 369 367 389 308 324 331 305 292 302 281 260 243 209 178 191 182 184 145 129 100 102 119 91 83 108 102 108 107 95 89 88 113 95 79 95 77 81 88 93 74 94 83 75 91 71 72 80 69 82 80 72 68 75 74 71 80 62 50 60 55 67 67 59 53 57 59 43 60 46 68 52 64 50 51 71 44 44 49 52 48 54 45 52 56 55 46 41 47 54 67 47 46 62 79 69 56 61 52 48 55 40 66 44 51 53 45 47 42 57 48 37 58 39 49 53 62 56 37 55 43 46 43 52 51 60 57 53 48 38 51 48 61 61 52 42 48 50 48 53 48 59 40 44 39 49 50 45 50 51 43 57 74 53 53 58 36 47 44 39 58 74 61 55 68 43 49 50 66 62 75 65 68 101 107 110 105 98 193 201 1329 
1249 827 853 1126 2306 3765 5204 6848 7083 5904 5328 4532 4364 4503 4206 3413 3342 3342 3670 3858 3826 3888 4022 4020 3872 3691 3297 2907 2894 2723 2525 2420 2570 2868 3199 3635 4077 4483 4948 5557 6806 8175 9920 11418 11762 11428 10397 9727 8498 7684 6517 5767 4804 4205 3632 3255 2796 2409 2046 1640 1379 1071 915 731 675 647 653 625 664 703 755 746 675 686 665 555 497 494 439 384 365 330 302 284 301 256 248 248 251 287 262 273 274 249 215 196 206 181 198 177 228 221 216 213 202 177 161 178 169 182 134 90 82 82 79 85 97 74 79 76 63 80 77 63 73 66 61 69 59 82 61 57 43 66 54 68 49 66 55 53 45 52 60 42 51 49 49 50 57 58 53 38 43 51 41 49 44 47 61 55 46 46 39 57 47 46 50 49 45 53 46 37 52 47 50 51 44 43 53 54 35 38 35 45 27 43 40 46 66 48 42 42 44 44 47 36 45 51 52 48 65 71 39 55 44 49 43 54 46 43 49 47 49 43 39 41 54 39 46 40 41 48 54 49 68 44 54 50 29 46 38 44 40 48 61 61 59 60 47 47 47 53 49 59 68 62 69 56 81 101 104 107 115 177 182 1183 
876 379 381 390 545 786 1802 2811 2917 2386 2265 2863 2863 2019 1434 1087 1195 1153 1168 1239 1325 1418 1528 1585 1697 1718 1641 1694 1691 1613 1720 1640 1800 1976 2108 2478 2802 3082 3636 4081 4604 5209 6207 7209 8419 9650 11860 13129 11918 12205 11716 10772 9720 8910 8444 8341 8328 7695 7305 6988 5790 4905 4254 3519 2790 2418 2074 1803 1413 1268 1002 1011 903 946 848 871 914 901 853 772 694 628 552 422 437 480 419 392 351 400 354 339 335 313 297 287 303 273 296 244 268 306 266 234 212 204 192 205 226 234 265 273 200 226 214 206 154 117 117 79 93 90 81 88 83 86 72 80 72 76 56 69 56 67 61 47 54 42 53 62 58 48 47 63 49 53 42 58 50 70 43 51 46 56 54 43 57 46 52 40 55 51 51 61 52 64 60 51 55 50 41 48 58 62 49 53 39 42 38 45 50 41 36 47 37 42 55 43 51 31 49 34 42 46 42 63 38 50 50 58 45 62 51 64 61 41 37 51 46 49 35 38 49 36 43 40 53 51 45 47 41 48 38 47 57 48 53 49 53 49 45 43 51 37 55 43 73 62 55 47 52 48 66 48 72 58 59 61 82 94 118 134 115 151 202 1132 


0 13 39 24 35 109 75 51 61 54 68 65 69 62 64 63 67 79 74 97 108 92 153 206 315 397 575 670 901 1182 1335 1514 1777 2208 2758 3562 4382 4759 5413 5906 6462 6317 6328 6168 6232 6416 6280 6435 7100 7590 8118 8331 9007 10037 10724 11195 12379 12753 13865 14881 15793 16020 15599 15707 15075 14217 13028 11760 10303 9194 8533 8311 8154 8146 7718 7581 7234 6801 6270 5961 5771 5451 5495 5400 5324 5053 4938 4620 4474 4278 4197 4360 4159 4015 3801 3809 3558 3156 3161 2896 2694 2328 2081 1965 2010 1923 1706 1585 1409 1289 1117 1010 997 951 865 761 639 559 501 495 453 408 341 392 327 350 321 319 304 286 297 269 271 239 249 231 261 231 221 224 260 265 254 216 223 224 234 201 173 164 186 154 122 135 111 108 107 102 79 95 106 78 70 82 97 90 75 95 88 95 77 86 76 78 81 79 69 79 65 68 64 63 67 61 60 67 62 51 75 45 63 66 65 55 47 54 59 49 54 63 60 47 62 69 57 69 73 73 90 79 85 78 78 88 78 80 67 77 67 69 72 44 53 66 57 79 69 48 65 52 65 62 67 86 70 72 75 86 78 101 91 72 265 1675 510 297 981 369 205 985 558 282 266 1447 502 123781 
0 2 38 25 26 58 102 52 46 56 51 55 61 56 65 72 51 58 50 84 65 68 65 78 78 81 94 105 163 198 195 238 268 363 569 943 1534 2511 2990 3386 3686 4263 4346 4485 4868 4936 4853 5038 5364 5759 5923 6537 7209 7800 8279 8821 9033 9841 10614 11720 13085 14627 15433 15157 15890 14947 14137 13076 12115 11395 11052 10369 9450 8504 7802 7456 7495 7149 6878 6777 6690 6389 6265 6310 6180 5696 5378 5232 5051 5127 5108 4961 4916 4889 5035 5096 5095 5162 5006 4648 4846 4758 4426 4272 3968 3776 3589 3183 2850 2691 2858 2661 2348 2156 2044 1892 1611 1608 1430 1314 1289 1087 986 938 870 769 755 626 524 497 478 481 435 386 342 353 320 307 280 239 219 213 242 248 179 191 170 180 168 148 165 140 145 134 112 122 98 96 100 87 106 80 87 83 79 108 95 103 75 60 58 63 66 51 47 49 42 55 60 57 61 77 60 54 51 43 42 56 55 50 45 41 45 48 51 35 49 52 35 37 35 58 47 56 54 37 58 53 40 42 42 43 45 38 47 41 56 41 55 54 45 42 37 41 36 47 53 66 48 50 55 71 69 58 57 71 75 84 74 68 81 98 111 764 1059 455 596 756 337 557 920 364 329 1297 596 123913 
0 2 4 5 5 14 65 60 55 39 30 41 36 33 39 42 53 37 33 37 50 46 40 51 55 52 61 81 112 144 175 162 192 243 337 583 1086 1695 2005 2644 3217 3626 3957 4083 4494 4834 5197 5255 5513 5648 6195 6507 6721 7209 7542 7945 7903 7794 8651 9501 10358 11343 11860 12456 13040 12582 12375 11643 11265 11150 11215 10033 9186 8557 8221 7800 7351 7044 6806 6860 6532 6367 6402 6143 6089 5758 5620 5273 5153 5118 5133 5034 4999 4707 4506 4669 4726 4662 4638 4724 4714 4467 4228 4312 4411 4430 4418 4273 4140 3800 3670 3476 3299 2964 2916 2818 2655 2604 2387 2275 2229 2073 1996 1953 1879 1753 1698 1658 1589 1393 1313 1201 1119 1037 1009 956 832 831 753 744 696 658 625 603 569 502 518 464 458 403 376 362 350 358 332 282 302 280 282 270 235 225 254 246 215 226 195 209 193 184 167 127 132 156 164 150 169 126 107 118 123 104 128 134 121 108 99 107 101 91 105 87 79 85 75 84 78 87 76 74 94 77 87 91 76 87 76 82 85 76 81 67 78 82 60 69 76 75 75 66 53 61 64 67 63 54 65 76 64 62 67 87 85 81 87 92 81 75 75 91 94 111 82 683 1128 466 604 803 378 479 983 394 328 1299 631 123922 


