1
7649 8613 11774 13048 14376 14568 12687 9638 8622 7986 6981 7583 7391 7528 7943 8025 8043 7856 7760 7291 6373 5563 4530 3895 3479 2960 2414 1841 1692 1831 1399 1393 1363 1224 1192 1268 1251 1252 1594 1434 1011 969 1145 1039 1121 1023 963 958 1008 1036 1044 850 895 823 938 857 725 757 663 594 645 664 701 751 868 864 944 961 924 827 839 774 797 1000 1023 783 628 584 458 399 418 391 390 388 420 475 458 402 348 367 367 373 371 360 481 493 418 367 283 283 269 275 250 237 247 254 240 267 299 276 248 255 236 256 252 229 180 155 155 161 126 109 103 99 60 57 71 47 66 32 42 45 45 46 26 44 27 20 25 22 19 12 10 4 2 3 0 5 0 1 2 1 0 1 2 2 1 0 1 1 1 0 0 1 0 0 0 0 1 0 0 0 0 0 0 0 0 0 0 0 0 0 0 0 0 0 0 0 0 0 0 0 0 0 0 0 0 0 0 0 0 0 0 0 0 0 0 0 0 0 0 0 0 0 0 0 0 0 0 0 0 0 0 0 0 0 0 0 0 0 0 0 0 0 0 0 0 0 0 0 0 0 0 0 0 0 0 0 0 0 0 0 0 0 0 0 
5531 3202 4099 4971 6584 7489 8034 8258 7966 8011 7621 6594 6304 6269 5921 6153 5633 4171 3636 3489 3405 3465 3518 4122 4263 4010 4781 4687 4201 3991 3513 3592 3840 3738 4069 3976 3616 3764 3964 4344 4314 4696 4874 4487 4881 5679 6206 5012 2244 1598 1191 1071 915 915 881 822 784 755 734 724 707 761 716 688 683 703 640 677 632 610 612 557 528 536 455 449 440 447 389 401 465 531 576 552 522 496 454 456 483 483 650 704 638 636 611 603 581 567 607 463 520 547 508 457 386 301 316 328 313 248 315 262 228 181 186 165 140 126 126 97 79 91 73 53 49 47 38 34 38 34 40 28 32 38 37 35 18 25 25 17 15 11 9 5 3 4 3 1 0 1 2 0 0 3 0 1 0 0 0 0 0 5 2 0 2 1 1 0 1 0 0 0 1 0 0 0 0 0 0 0 0 0 0 0 0 0 0 0 0 0 0 0 0 0 0 0 0 0 0 0 0 0 0 0 0 0 0 0 0 0 0 0 0 0 0 0 0 0 0 0 0 0 0 0 0 0 0 0 0 0 0 0 0 0 0 0 0 0 0 0 0 0 0 0 0 0 0 0 0 0 0 0 0 0 0 0 
4065 2464 2686 3114 4467 4886 4567 5359 4877 3297 3021 2757 2496 2403 2200 2292 2185 2225 2513 2598 2903 3331 3530 3294 3683 4079 4834 4632 5207 5783 6554 6754 5894 5825 5765 5501 6667 7331 6289 7478 7369 7110 8290 7010 6632 6553 5374 3626 2380 1563 1173 1012 895 797 676 700 693 626 622 631 545 509 545 550 597 744 739 660 587 560 564 1139 955 862 729 662 595 541 840 1022 938 774 856 928 1026 937 865 827 891 967 966 733 889 867 878 1102 1035 1014 839 899 829 739 622 549 602 466 417 403 418 427 386 461 533 568 552 518 534 460 426 383 355 321 285 264 270 306 295 321 354 266 278 202 209 155 129 110 99 76 73 50 39 49 32 41 26 33 33 50 32 29 27 25 27 18 14 13 9 3 1 2 0 3 2 1 1 0 1 1 1 0 0 0 1 0 0 0 0 0 0 0 0 0 0 0 0 0 0 0 0 0 0 0 0 0 0 0 0 0 0 0 0 0 0 0 0 0 0 0 0 0 0 0 0 0 0 0 0 0 0 0 0 0 0 0 0 0 0 0 0 0 0 0 0 0 0 0 0 0 0 0 0 0 0 0 0 0 0 0 0 0 0 0 0 0 0 0 


0 1 3 2 2 12 23 48 63 65 74 135 253 723 2396 7146 23482 44281 51585 54135 36557 26768 23620 22191 21079 20111 18863 17286 15978 14538 13872 13169 12950 12966 13277 13530 13682 13867 14291 14611 14888 14852 13946 13940 12479 6946 2773 1536 1107 951 877 758 704 649 649 601 582 576 512 525 468 522 499 464 472 510 480 485 452 502 422 365 319 341 326 326 293 307 259 278 271 282 252 292 259 266 241 240 232 236 240 225 233 243 239 242 233 237 189 239 207 201 187 219 215 211 202 201 194 188 226 201 222 190 221 182 187 180 177 196 199 208 181 173 188 194 167 199 174 190 186 199 170 186 187 188 190 182 197 208 204 208 238 214 183 202 218 240 226 234 216 252 225 244 266 247 239 246 282 221 256 268 273 273 285 293 332 337 352 376 407 439 407 445 516 709 1190 1369 1377 953 967 1850 3739 5300 5502 6497 3847 2504 1801 1650 1508 2005 2165 2172 1795 1963 1261 721 514 342 197 235 312 293 466 455 566 590 524 779 558 542 337 383 505 250 103 42 32 23 17 10 10 10 4 4 1 6 2 0 0 0 0 0 0 0 0 0 0 0 0 0 0 0 0 0 0 0 0 0 0 0 0 0 0 0 
0 0 1 1 2 3 6 4 15 15 17 25 22 50 41 69 178 804 3264 8789 11453 10374 9582 10092 10600 12280 13520 14624 15679 16497 16561 15026 11786 9934 9075 8241 7397 6946 6749 6329 6376 6251 6141 6196 6271 6351 6348 6434 6650 6771 6774 6403 5532 4561 3573 2965 2710 2347 2175 2201 2021 2145 2151 2374 2749 3519 4699 6455 9349 12681 16372 20513 23465 24150 22415 19081 16055 13023 12134 12618 14503 16147 9105 4912 3354 2683 2492 2134 2128 2074 1811 1687 1735 1403 1069 903 862 732 582 447 400 347 263 275 257 247 255 208 232 234 255 244 227 210 247 243 194 234 195 203 205 179 210 222 206 217 221 214 226 227 204 201 224 214 194 216 204 227 227 238 212 236 225 216 232 202 239 225 252 254 251 264 253 275 263 269 274 258 260 253 268 255 279 317 307 359 365 405 387 433 464 479 522 608 1449 1926 1123 724 733 1813 3319 7389 5690 6542 3144 1561 1263 1837 1256 1643 1089 2257 2112 1817 1798 1854 923 497 178 170 143 135 178 249 317 535 576 505 488 579 577 568 471 628 609 384 183 93 91 61 47 30 30 18 12 9 4 4 5 1 2 1 1 0 0 0 0 0 0 0 0 0 0 0 0 0 0 0 0 0 0 0 0 0 0 0 
0 0 0 0 0 0 1 8 8 10 12 19 9 27 24 47 321 1381 4388 8845 12460 12042 11429 11468 11879 12646 13860 14519 15234 15233 14954 13306 11394 9946 8788 8164 7657 7150 7011 6774 6416 6358 6058 6144 5998 6171 6090 6229 6290 6455 6405 5758 4762 3982 3475 3141 2911 2957 2982 3263 3709 4113 4852 5531 6683 7928 9473 11116 12823 14725 16391 17868 16747 16896 16288 14716 13288 12129 11779 14625 13197 10156 7641 5791 4542 3898 3383 2427 1905 1512 1289 1209 1073 963 939 717 661 617 412 439 428 357 350 301 286 242 274 246 228 257 271 242 217 230 222 210 249 237 215 218 195 213 194 229 210 231 217 191 218 223 221 212 246 214 227 251 198 211 252 244 225 226 258 211 222 236 248 229 252 258 261 246 260 286 296 296 295 308 291 265 263 286 341 322 362 419 453 469 427 504 515 655 1254 2001 1323 737 920 2102 5607 7387 4965 4754 2641 1865 1467 1322 1230 1437 1507 1660 1741 1940 2513 2090 970 558 280 188 228 382 443 667 583 608 698 624 543 488 575 514 365 209 145 53 44 44 30 35 28 27 29 23 12 11 5 7 1 2 0 3 2 0 1 1 0 0 0 0 0 0 0 0 0 0 0 0 0 0 0 0 0 0 0 0 0 0 


