1
0 0 0 0 0 0 0 0 0 0 0 0 0 0 0 0 0 0 2 16 27 25 24 8 8 6 11 10 8 17 15 27 43 115 381 1738 1213 182 151 109 145 153 147 191 201 215 230 257 334 411 459 515 626 706 868 1090 1345 1764 2176 3167 4627 6076 8533 10850 12530 14788 16611 16063 15198 14440 12914 10026 7589 5693 4028 2880 1911 1057 669 463 328 345 322 281 282 287 260 244 237 245 268 300 259 260 302 277 300 310 287 348 328 311 303 340 313 377 431 381 394 429 403 419 456 438 513 523 511 503 532 530 579 592 547 503 550 565 561 557 534 531 524 534 549 524 526 541 493 492 433 502 471 470 496 430 410 424 406 381 348 353 324 309 313 310 273 293 288 263 235 227 197 208 188 176 191 159 138 172 154 111 157 104 96 115 124 115 108 107 104 99 113 76 88 90 62 80 77 67 43 50 48 54 43 34 34 31 22 27 19 15 18 7 8 4 7 6 6 3 1 4 0 0 2 0 1 1 0 0 0 0 0 0 0 0 0 0 0 0 0 0 0 0 0 0 0 0 0 0 0 0 0 0 0 0 0 0 0 0 0 0 0 0 0 0 0 0 
0 0 0 0 0 0 0 0 0 0 0 0 0 0 0 0 0 0 0 0 5 15 30 23 24 10 5 6 3 10 13 10 13 23 33 133 367 2405 296 91 55 47 47 53 58 60 44 66 55 73 71 70 74 102 97 83 95 113 109 123 133 167 130 148 156 161 158 207 210 199 187 254 244 254 288 313 295 356 459 468 480 575 609 729 767 870 1016 1133 1428 1886 2458 3120 3910 4888 6234 8100 9707 11917 12882 14029 14178 14289 13690 13192 11257 9489 7465 5593 3795 3137 2196 1513 1074 897 659 595 609 617 549 585 577 542 533 584 580 553 546 588 546 535 500 556 499 538 476 473 461 482 475 467 458 436 416 416 382 347 354 336 291 308 318 288 272 280 245 233 237 206 185 198 195 159 168 145 168 141 139 127 110 124 125 117 89 119 110 90 101 94 78 99 77 73 69 58 47 54 52 47 38 39 34 31 25 24 14 20 10 7 6 6 5 8 1 2 4 0 0 2 0 1 1 0 0 0 0 0 0 0 0 0 0 0 0 0 0 0 0 0 0 0 0 0 0 0 0 0 0 0 0 0 0 0 0 0 0 0 0 0 0 0 0 0 0 0 0 0 
0 0 0 0 0 0 0 0 0 0 0 0 0 0 0 0 0 0 0 0 5 13 28 26 18 10 12 4 5 9 9 11 14 23 31 130 372 2397 310 73 44 45 44 74 36 38 53 53 68 63 44 57 45 67 62 69 80 77 94 84 107 86 80 84 99 107 106 99 113 127 117 143 133 143 150 147 154 180 177 188 183 184 202 191 228 222 215 232 270 295 281 301 333 317 324 393 357 384 414 406 419 451 494 476 544 546 558 612 656 693 843 958 1011 1075 1196 1358 1500 1875 2247 2722 3664 4405 5483 6897 9026 11117 12207 14705 16446 16179 17421 14892 12793 10609 7599 5330 3710 2691 1775 1344 938 628 510 447 411 357 341 344 332 323 299 304 282 287 255 234 235 211 211 194 175 175 179 134 146 158 148 119 114 124 105 111 104 123 88 106 109 85 80 84 69 73 73 59 51 45 46 51 46 42 32 38 29 24 14 22 14 9 7 9 5 7 1 4 4 0 0 2 0 1 1 0 0 0 0 0 0 0 0 0 0 0 0 0 0 0 0 0 0 0 0 0 0 0 0 0 0 0 0 0 0 0 0 0 0 0 0 0 0 0 0 0 0 0 0 0 


0 0 0 0 0 0 2 1 6 13 32 52 67 118 135 174 284 688 959 967 821 488 276 171 148 111 103 74 52 55 53 37 52 54 53 80 137 64 63 52 48 54 49 63 42 45 52 53 59 71 75 97 77 110 113 111 120 186 232 226 317 331 419 606 802 994 1075 1139 1147 1017 1015 879 902 972 820 670 643 571 570 503 486 495 514 477 516 551 553 572 595 583 595 648 624 647 676 748 801 783 850 851 890 1019 1034 1088 1137 1198 1263 1358 1413 1593 1720 1843 1989 2163 2213 2487 2606 2865 2959 3169 3237 3440 3635 3868 4112 4258 4537 4678 4854 4950 5042 5102 5041 5181 5412 5301 5267 5461 5697 5742 5911 5829 6080 6265 6340 6684 6746 6786 6802 7135 7210 7525 7806 7833 7827 7413 7216 7384 7268 7366 7526 7328 7570 7458 7577 7385 7550 7403 7530 7576 7457 7591 7636 7622 7530 7384 7442 7421 7528 7432 7331 7271 7210 7213 6890 7046 6866 6867 6787 6412 6566 6416 6352 6056 6109 6078 5972 5954 5744 5808 5735 5459 5541 5447 5315 5266 5100 5231 5142 5044 4886 5019 4810 4620 4738 4637 4624 4418 4342 4430 4230 4158 4140 4125 4022 3862 4087 3992 3712 3583 3574 3398 3197 3146 3078 2902 2867 2874 2657 2539 2473 2313 2252 2067 1841 1690 1530 1418 1373 1161 985 731 468 285 130 28 
0 0 0 0 0 2 7 18 33 59 95 135 133 132 189 650 1481 1072 439 272 209 155 146 118 108 103 88 78 79 71 57 63 57 50 55 46 74 149 79 69 45 50 57 53 67 77 72 81 75 97 112 93 107 127 115 110 122 140 147 146 155 174 161 174 160 199 234 219 255 263 272 270 287 293 353 323 357 359 376 396 412 435 406 463 442 509 496 541 617 614 696 707 764 772 875 1057 1138 1299 1481 1664 1757 1819 1835 1732 1805 1920 1812 1783 1744 1665 1692 1760 1762 1768 1889 2022 2133 2335 2515 2526 2635 2892 3100 3262 3587 3696 4070 4233 4328 4678 4837 5097 5285 5293 5376 5675 5801 5871 5905 5871 5961 6275 6160 6166 6454 6613 6678 6754 6812 7127 7114 7169 7400 7478 7601 7773 7758 7633 8093 8176 8572 8337 8584 8507 8628 9029 8792 8524 8554 8457 8223 8077 8017 8085 8029 8052 8089 7871 7955 7911 7761 7947 7706 7723 7493 7417 7546 7193 7042 6944 6940 6706 6697 6484 6443 6507 6316 6171 5928 5942 5731 5696 5568 5515 5464 5464 5336 5164 5258 4951 5049 4844 4702 4685 4682 4514 4509 4266 4248 4275 4216 4140 4190 4019 3883 3888 3708 3502 3495 3269 3175 3042 2838 2958 2828 2651 2494 2289 2051 1805 1742 1501 1389 1284 1015 666 433 251 118 43 16 3 1 0 0 0 
0 0 0 0 0 0 1 5 9 11 29 65 93 214 453 763 1031 967 568 335 218 178 133 138 98 100 120 84 102 78 56 62 75 57 50 57 67 127 82 63 53 53 77 69 53 57 83 84 88 90 99 112 110 125 110 121 121 156 130 145 164 162 152 146 184 209 234 231 239 237 259 267 295 277 302 319 322 317 398 394 371 415 433 445 440 447 442 485 475 523 548 547 550 682 645 640 702 678 692 722 731 754 840 870 930 967 961 1022 1088 1134 1169 1220 1366 1419 1511 1603 1785 1868 2044 2099 2349 2437 2660 2947 3161 3651 3984 4452 5072 5173 5244 5287 5649 5730 5750 5860 6111 6315 6202 6369 6478 6455 6259 6435 6491 6733 6608 6849 6994 7056 7038 7279 7399 7420 7612 7714 7714 7920 7965 7907 8051 8249 8319 8683 8805 8610 8511 8616 8727 8894 9006 9032 8883 8718 8381 8122 8291 7971 8020 7999 8071 7963 7946 7936 7723 7657 7739 7559 7304 7195 7311 7147 6920 6817 6656 6661 6507 6398 6146 6230 5898 5808 5711 5636 5589 5515 5397 5394 5236 5039 5098 5006 4858 4902 4788 4630 4445 4445 4387 4347 4309 4128 4203 4068 4122 3866 3786 3568 3391 3396 3196 3092 3040 2970 2720 2821 2514 2455 2202 2121 1861 1712 1618 1418 1170 900 523 308 138 51 15 5 0 1 0 0 


