1
0 0 0 0 0 0 0 0 0 0 0 0 0 0 1 0 2 2 27 63 64 56 31 22 37 14 19 17 20 38 47 117 760 137 219 279 279 451 88 126 123 149 168 199 208 237 199 251 285 342 331 402 506 654 749 835 1047 1362 1956 3151 4936 7121 9863 11997 12744 13918 14373 13304 12909 12608 11139 8977 7200 5507 3994 2539 1511 922 733 579 526 429 402 404 394 380 375 387 350 414 417 367 419 411 391 411 424 436 453 471 497 479 542 573 527 571 599 609 579 651 609 656 622 610 614 678 645 624 672 581 661 649 614 583 552 567 630 605 587 591 567 520 495 490 508 494 456 488 445 455 419 415 417 406 415 393 371 384 388 355 331 357 363 336 329 287 318 304 299 300 257 270 255 252 239 196 211 153 136 130 107 105 105 94 75 77 67 58 36 48 40 33 33 25 18 12 9 5 6 6 3 4 3 2 0 2 3 2 2 0 1 0 2 0 0 0 1 0 0 0 0 0 0 0 1 0 0 0 0 0 0 0 0 0 0 0 0 0 0 0 0 0 0 0 0 0 0 0 0 0 0 0 0 0 0 0 0 0 0 0 0 0 0 0 0 0 
0 0 0 0 0 0 0 0 0 0 0 0 0 0 1 0 1 1 4 14 39 65 66 41 27 20 18 15 26 22 33 34 55 85 235 677 233 235 344 196 51 51 70 46 57 68 67 54 67 68 86 66 76 81 86 96 77 107 103 119 115 119 172 156 191 201 214 225 238 247 277 226 263 322 312 323 342 359 422 407 467 487 548 644 725 855 967 979 1279 1518 1875 2748 3793 5444 7272 9280 11006 12593 12576 13240 12804 13150 12426 11541 9712 8064 6290 4875 3670 2396 1555 1260 1042 771 718 690 659 622 661 698 632 607 591 682 640 605 642 549 546 592 581 578 576 547 533 485 447 518 475 479 432 489 426 418 425 400 408 416 403 395 407 371 365 350 321 349 345 331 350 307 297 295 286 275 284 262 249 255 238 191 217 156 143 148 116 125 110 101 91 74 70 61 47 42 39 39 31 26 9 15 6 7 5 6 5 6 1 3 0 5 0 2 1 0 0 2 1 0 0 0 0 0 1 0 0 0 0 0 1 0 0 0 0 0 0 0 0 0 0 0 0 0 0 0 0 0 0 0 0 0 0 0 0 0 0 0 0 0 0 0 0 0 0 0 0 0 
0 0 0 0 0 0 0 0 0 0 0 0 0 0 1 0 1 4 6 10 30 66 69 39 26 18 17 18 22 12 30 34 49 87 160 776 227 230 341 199 43 41 66 53 54 72 49 59 50 69 73 72 68 88 78 76 91 95 87 97 107 109 111 150 115 125 142 151 140 146 153 156 147 153 198 185 201 210 205 213 228 211 241 258 257 276 302 290 302 316 331 358 359 389 364 388 420 426 437 489 524 525 528 588 589 634 658 690 704 757 812 932 933 1077 1205 1385 1554 1796 2176 2592 3432 4624 6340 8299 9931 11846 12134 13751 15292 14961 15254 13197 10902 8292 6219 4545 3188 2097 1417 1177 777 593 533 466 429 407 435 413 421 401 378 397 394 353 379 349 309 354 326 333 318 307 302 263 296 284 267 282 248 228 235 192 169 161 153 130 109 118 87 84 84 79 48 51 42 41 41 29 22 18 10 10 8 3 5 8 3 3 3 3 2 3 1 0 1 0 0 1 1 0 0 0 0 0 0 1 0 0 0 0 1 0 0 0 0 0 0 0 0 0 0 0 0 0 0 0 0 0 0 0 0 0 0 0 0 0 0 0 0 0 0 0 0 0 0 0 


0 0 0 0 0 0 0 0 0 0 0 0 0 1 0 0 2 5 5 8 11 19 37 28 30 49 59 74 71 88 86 70 84 86 86 103 163 330 158 183 255 349 432 435 454 550 591 606 603 679 721 806 773 754 732 677 686 706 754 795 873 975 1107 1174 1224 1305 1433 1664 1739 1868 1950 1760 1593 1749 1690 1657 1636 1678 1682 1685 1792 1854 1703 1760 1841 1836 1734 1882 1919 1938 1946 1929 2031 1965 1955 1918 2019 2089 1976 1951 1871 1811 1942 1882 1926 1968 2054 2070 2071 2077 2202 2099 2164 2162 2211 2199 2278 2281 2431 2296 2441 2443 2483 2464 2694 2676 2590 2664 2718 2762 2728 2787 2854 2936 2941 2932 3046 2989 3174 3251 3312 3250 3336 3476 3547 3630 3647 3637 3804 3985 4048 4063 4316 4387 4362 4503 4571 4802 4801 5042 5080 5118 5329 5296 5470 5545 5760 5663 5783 5922 6032 6028 6314 6521 6407 6696 6794 7014 6981 7132 7254 7376 7443 7640 7715 7759 8061 8142 8183 8415 8396 8502 8605 8557 8694 8866 8960 9053 9095 9309 9289 9266 9389 9508 9384 9435 9422 9252 8953 8725 8573 8499 8137 7865 7414 6953 6446 6026 5902 5173 4914 4589 4489 4116 3783 3463 3286 3057 2841 2455 2283 2145 1897 1805 1639 1473 1345 1194 1191 1141 1085 1011 1056 920 914 954 941 889 922 1041 1075 1128 1204 1503 2192 4406 
0 0 0 0 0 0 0 0 0 0 0 1 0 1 3 5 6 8 9 15 22 28 34 37 45 78 76 70 55 69 59 63 72 85 84 74 92 117 227 254 129 157 154 236 266 264 347 386 487 448 467 529 637 639 634 685 764 788 761 767 701 641 612 691 719 749 803 796 834 841 893 931 908 957 1002 1114 1053 1191 1270 1297 1273 1382 1528 1476 1593 1567 1590 1590 1643 1716 1774 1859 2017 2092 2164 2211 2306 2260 2377 2294 2471 2631 2753 2830 2905 2697 2584 2547 2372 2362 2351 2157 2240 2240 2230 2254 2258 2301 2322 2338 2419 2463 2439 2460 2465 2492 2553 2655 2630 2694 2620 2721 2761 2760 2842 2847 2903 2958 2955 3103 3137 3107 3208 3291 3456 3359 3482 3538 3614 3574 3793 3767 3937 3854 4065 4177 4268 4399 4367 4534 4796 4818 4880 5081 5251 5266 5233 5437 5505 5499 5743 5883 6052 6024 6128 6211 6515 6588 6647 6684 6890 6975 7209 7151 7408 7568 7661 7815 7989 8186 8194 8318 8648 8710 8853 8874 9239 9377 9333 9400 9784 9676 9653 10004 9935 9983 9993 10085 10080 10439 10350 10306 10141 10265 9977 9689 9238 8953 8322 7705 7014 6313 5872 5249 4461 4015 3491 3100 2641 2295 2104 1864 1701 1562 1514 1335 1221 1084 971 941 872 787 803 729 709 687 622 716 600 620 671 615 589 585 634 566 
0 0 0 0 0 0 0 0 0 0 0 0 1 0 0 2 5 4 11 15 17 18 19 27 38 50 62 60 66 75 75 83 66 74 72 94 93 110 266 246 120 150 145 159 185 239 232 290 313 341 350 450 500 554 570 641 558 666 599 614 605 603 756 814 822 816 782 760 767 801 862 892 861 852 830 918 1003 1041 1052 1161 1155 1223 1225 1258 1369 1304 1342 1400 1504 1676 1619 1742 1753 1779 1849 1919 1888 1860 1887 1942 1953 2021 2087 2222 2118 2059 2120 2145 2136 2148 2142 2184 2139 2167 2150 2089 2139 2153 2257 2322 2479 2569 2622 2612 2736 2693 2770 2857 3118 3285 3525 3468 3467 3328 3244 3262 3140 3152 3011 3034 3091 3205 3186 3236 3246 3264 3391 3489 3528 3460 3559 3681 3680 3773 3805 3994 3987 4234 4272 4358 4389 4463 4643 4674 4895 5012 5098 5257 5321 5433 5429 5620 5567 5853 5747 5890 6060 6328 6349 6560 6568 6734 6733 6987 7213 7176 7430 7558 7580 7950 8043 8096 8314 8331 8695 8969 8857 9128 9310 9374 9589 9702 9532 9708 9939 9928 9940 10174 10262 10370 10414 10549 10653 10618 10645 10377 10277 9784 9466 8962 8332 7743 7195 6424 5696 5046 4457 3843 3425 3050 2719 2442 2146 1879 1714 1584 1438 1320 1255 1120 953 920 792 737 752 689 668 646 636 649 628 541 542 509 528 509 


