0
2378 1177 1003 757 544 430 445 282 273 249 224 232 187 184 170 138 146 139 165 130 120 131 142 157 172 193 193 219 224 246 247 267 288 255 247 258 305 287 261 309 291 270 279 267 291 274 273 296 283 266 277 236 282 266 262 274 268 279 290 347 363 382 377 454 454 501 511 538 614 630 658 719 767 837 897 1045 1129 1167 1307 1384 1384 1535 1450 1587 1502 1720 1451 1472 1450 1323 1197 1239 1288 1109 1098 1181 1355 1039 1358 1288 1281 1228 1295 1519 1530 1599 1470 1638 1356 1599 1857 2600 2798 1542 2962 2621 2594 998 2097 1576 1246 945 847 916 384 929 220 113 82 54 56 47 42 26 26 17 16 22 17 11 15 13 11 8 5 12 11 11 8 8 2 5 5 7 3 1 4 4 4 5 0 2 4 3 4 2 4 0 2 1 1 0 0 1 2 1 1 1 0 1 1 0 1 2 0 0 1 1 0 1 0 1 0 0 0 0 0 0 0 0 0 0 0 0 0 1 0 0 0 0 0 0 2 0 0 0 0 0 0 1 1 1 0 0 2 0 0 0 1 0 0 0 0 1 1 0 1 0 1 1 0 0 2 0 2 0 1 0 4 2 0 0 0 2 0 0 
53 88 143 131 184 155 220 277 380 435 464 681 699 582 471 384 358 291 231 235 224 162 171 130 110 109 101 72 91 83 94 72 100 97 79 72 85 73 64 64 59 68 53 51 60 45 55 53 75 58 46 49 51 55 50 48 54 55 54 48 46 42 44 57 52 53 53 52 51 54 50 43 55 57 43 54 52 60 49 56 62 59 45 66 65 58 81 75 80 103 135 115 114 116 129 119 133 118 117 122 114 117 111 130 122 110 105 119 127 109 107 100 109 104 107 114 119 113 114 113 143 119 109 113 112 107 124 109 107 112 119 125 136 100 119 108 117 139 134 145 157 146 135 147 139 147 154 153 154 157 171 142 171 178 179 166 187 224 177 223 207 240 259 239 279 262 253 247 250 296 281 292 281 386 363 405 374 419 416 439 432 505 519 595 607 618 704 820 708 789 849 937 885 969 1072 1051 1018 1020 1057 1071 1086 1148 1061 1012 973 1068 986 1029 1002 903 1019 1009 970 974 1109 1068 960 1049 1156 1276 1277 1310 1261 1273 1344 1525 1422 1557 1808 2162 2503 2832 1512 2943 2430 1699 1600 1972 1390 1248 1246 1092 633 784 376 206 120 66 39 32 12 16 4 7 5 5 
45 53 88 72 92 72 93 130 149 126 183 169 133 168 145 171 180 213 276 270 395 430 414 307 272 282 236 182 208 194 231 192 213 188 170 201 154 174 156 135 135 98 86 98 78 57 75 72 65 79 59 62 68 58 63 54 61 51 66 56 42 43 52 53 49 48 48 36 50 49 32 44 64 44 42 42 34 43 40 30 43 36 25 30 26 38 37 41 26 26 33 33 47 25 39 36 43 46 43 38 36 39 56 43 48 43 52 58 53 51 65 69 61 76 65 70 61 60 63 69 75 65 93 89 95 90 87 93 107 82 95 110 83 106 93 92 82 78 84 75 102 88 97 100 108 114 97 111 97 127 114 96 127 108 130 104 131 123 118 118 107 119 131 135 131 138 145 170 190 224 240 193 215 209 207 186 186 213 193 206 228 223 197 192 211 217 197 199 228 229 235 239 266 287 290 282 279 281 293 304 287 260 268 316 324 358 396 410 436 564 616 477 534 478 469 442 436 461 507 525 499 562 558 620 610 764 664 731 886 933 849 1016 1010 1028 1203 1180 1326 1358 1168 1396 1437 1187 1127 1150 1044 1077 1411 1445 1369 1806 2131 3319 5611 6800 7903 13610 


7 2 1 1 1 5 2 3 5 5 1 7 9 9 7 8 16 12 11 10 22 22 18 29 31 34 35 33 52 40 57 74 101 100 139 147 213 343 440 560 706 911 1243 1500 1791 2383 2793 3365 3797 4557 5142 5949 6264 6945 7326 7318 8068 8371 8707 8652 9493 9580 9845 10588 11184 11200 11566 12207 12067 12195 11881 12119 11902 12294 12327 13008 13216 13467 14450 14577 14866 15471 15487 15129 15624 15495 15601 15878 15892 16602 17092 17405 17378 17536 18138 18017 17525 17748 17069 16532 16175 15137 14257 13285 12563 11580 11284 10447 10013 9590 9192 8606 8218 7788 7238 6784 6267 5808 5389 5028 4373 4040 3434 3119 2747 2394 2022 1824 1393 1184 1091 890 757 633 530 441 367 325 264 238 180 190 156 150 123 136 98 109 92 62 66 55 47 28 19 18 12 3 10 4 6 3 2 5 2 3 2 2 5 3 3 2 2 2 1 1 4 2 1 2 0 3 4 4 1 1 6 2 0 1 4 2 3 1 4 4 1 3 1 2 0 3 0 1 0 1 3 1 0 0 2 3 4 2 0 0 5 2 2 2 2 1 1 1 0 2 3 0 1 1 0 0 0 1 0 1 0 0 1 0 2 2 0 3 1 0 0 2 3 2 3 4 2 4 2 12 
0 0 0 0 1 0 2 0 0 0 0 1 0 0 0 0 1 1 0 2 2 2 2 0 2 0 3 2 4 2 4 7 6 4 3 7 5 7 4 13 11 6 11 12 11 16 18 12 24 17 28 31 31 32 47 63 74 120 143 195 294 394 501 632 899 1041 1223 1683 1945 2084 2610 3089 3473 3823 4229 4822 5062 5535 6001 6264 6325 6808 7067 6989 7291 7349 7926 7932 8435 8925 9336 9521 10064 10291 10891 10336 10422 10557 10345 10318 10623 10886 11010 11811 12268 12755 13291 14298 14752 14775 14933 14757 14487 14105 14151 14109 14352 14196 14681 15116 15122 16017 16328 16287 16680 16503 16085 14948 14079 14096 13667 12982 12816 12447 12030 11378 10985 10296 9737 9285 8994 8912 8506 8411 8076 7409 7057 6738 6223 5531 5093 4655 4048 3998 3470 3318 2751 2490 2281 1787 1360 1191 1044 847 727 634 543 411 375 289 255 234 191 160 156 142 126 142 110 99 91 78 62 54 30 25 23 12 22 19 12 20 16 14 14 20 18 17 7 10 8 8 7 12 8 6 7 13 7 11 11 11 10 4 8 7 16 8 9 3 6 8 5 8 8 6 7 8 7 6 7 3 2 4 3 2 2 6 4 0 4 1 3 1 1 5 3 4 3 5 0 3 1 1 4 4 
0 0 0 0 0 0 0 0 0 0 0 0 0 0 0 1 0 0 0 0 0 0 0 1 0 1 0 0 1 0 0 0 0 0 1 3 3 2 1 3 5 4 2 2 2 3 7 4 5 2 4 9 5 8 6 5 10 12 13 9 12 13 18 15 23 20 26 36 42 65 89 128 198 296 382 476 634 737 804 1087 1219 1480 1775 2034 2329 2676 2817 3284 3525 3920 4327 4474 4998 5042 5803 5571 5829 5546 5882 5994 6393 6622 6923 7305 7532 8113 8109 8535 8484 8980 8844 9049 9100 9053 9518 9297 9431 9419 9827 9927 10402 10466 10919 11317 11449 11938 12425 12524 12539 12873 13227 12926 12748 12932 12925 12603 12890 12782 13252 12997 13689 14013 13968 13930 14622 14066 13809 13803 13683 13518 13071 12823 12719 12446 11743 11589 10953 10705 10106 9857 9514 8998 8682 8479 8134 7706 7521 7336 6851 6593 6423 5990 5673 5207 4771 4189 3931 3578 3305 2751 2409 2219 1647 1406 1095 1047 863 669 603 523 403 343 275 239 210 183 182 135 117 98 78 64 54 37 28 25 14 19 17 11 14 9 12 9 11 9 11 10 13 10 10 8 8 16 8 14 10 10 11 12 7 5 9 6 13 13 12 4 10 7 8 8 6 12 6 6 4 6 5 2 5 3 4 6 6 11 


