0
1587 650 435 305 319 252 236 207 194 175 142 132 153 132 127 131 118 118 111 92 97 121 107 113 132 122 117 140 117 137 151 148 154 156 134 163 156 190 167 180 183 213 198 212 216 228 224 270 235 257 260 322 352 389 457 427 414 431 411 451 495 546 588 645 673 725 742 793 901 952 1092 1204 1227 1309 1391 1190 1424 1369 1558 1443 1412 1448 1498 1404 1403 1594 1425 1444 1228 1145 1161 1191 1141 1144 1110 1071 1224 1315 1400 1324 1548 1550 1709 2391 1927 2380 2175 2525 1535 2092 2445 2473 1351 1489 1018 712 442 543 360 150 115 97 59 53 47 33 44 32 45 56 33 24 16 14 20 8 20 11 11 13 8 13 8 8 5 9 5 5 2 9 5 6 5 1 1 4 1 1 2 1 1 4 0 2 2 0 1 1 1 2 0 2 1 0 0 0 0 0 0 0 0 1 2 0 0 0 0 0 1 0 0 1 2 1 0 0 0 0 0 0 0 0 0 0 0 0 0 1 0 1 0 0 1 1 0 0 1 0 1 0 0 0 0 0 0 0 0 1 0 1 1 0 0 0 0 0 3 1 0 0 2 0 3 0 0 0 2 1 1 0 1 1 0 0 0 1 
52 70 126 172 121 96 86 100 101 131 158 173 216 219 240 198 186 187 135 147 132 125 112 95 82 89 80 77 67 71 63 62 62 71 58 62 52 50 52 51 53 45 53 51 54 44 47 52 49 43 41 46 46 45 46 45 41 47 42 50 46 48 41 30 34 45 61 53 55 46 52 48 60 58 43 53 60 58 67 52 59 54 57 63 71 79 75 78 74 92 96 106 87 96 96 88 132 118 115 116 103 115 124 99 101 100 119 116 121 97 97 105 114 90 93 105 93 113 108 86 94 97 79 89 97 98 106 87 97 99 97 108 93 100 103 97 94 115 129 106 99 120 124 137 132 123 145 123 138 148 153 163 176 206 252 303 324 288 249 246 239 254 247 300 266 280 292 271 314 351 337 361 409 360 363 367 457 463 501 516 559 607 648 720 750 710 746 704 757 814 930 924 956 975 937 1042 1087 1147 1158 1060 1163 1083 1060 1041 987 1080 940 928 979 1031 1073 1035 1067 1079 1023 1048 1110 938 1041 1048 1110 1140 1142 1259 1370 1765 1991 1527 2409 2456 2378 2919 1736 1660 1503 1271 953 758 566 562 308 372 170 132 93 73 74 44 22 20 13 10 11 10 8 2 
47 58 75 155 88 43 39 26 44 31 34 43 41 36 48 48 62 75 80 103 87 114 94 114 121 137 105 121 111 93 106 140 144 144 141 106 109 84 101 84 84 95 71 63 66 67 53 52 54 48 53 44 57 47 48 58 50 53 42 51 48 46 42 30 44 39 41 46 50 36 40 50 37 44 37 41 52 37 44 37 37 45 51 34 42 40 44 44 49 44 31 34 36 37 29 40 51 49 51 40 34 36 44 45 40 53 46 42 56 56 50 55 70 72 71 85 93 76 86 82 87 90 85 93 92 95 88 93 95 76 104 106 95 99 100 105 84 86 85 77 101 86 79 86 89 85 81 115 107 94 91 110 95 121 97 112 103 109 106 126 129 131 122 148 161 165 171 171 178 166 193 198 227 200 276 324 255 256 240 218 212 193 198 187 205 201 194 206 210 202 215 217 200 226 232 246 256 278 362 361 399 460 424 393 483 339 339 327 357 313 380 407 381 378 379 430 420 456 474 499 521 584 578 559 566 657 733 680 837 799 805 934 1125 1130 986 1087 1116 1105 1057 1404 1397 1194 1184 1245 1183 1173 1227 1361 1387 1651 1992 2763 4577 5965 7178 12047 


11 6 4 7 5 4 4 10 10 6 8 10 12 7 9 15 17 15 18 26 15 31 29 48 32 56 65 62 74 94 101 140 153 184 244 254 349 433 524 678 890 1217 1517 1922 2217 2834 3392 3915 4672 5527 6367 7055 8204 8766 9105 9574 10087 10381 10502 10944 11222 11694 11706 12470 12496 12496 12451 13257 13037 13364 13582 13883 14045 14012 14313 14792 15223 15658 15889 16133 16425 16788 17090 17425 17947 17631 17706 17972 17893 18069 17487 17289 16896 16106 15836 15000 14553 13685 12976 12307 11748 11165 10740 10237 9759 9211 8780 8427 8005 7470 7072 6774 6248 5996 5542 5370 4881 4843 4337 4052 3826 3488 3044 2756 2363 2261 1993 1786 1589 1385 1259 1133 969 941 773 660 613 600 522 446 385 348 292 253 265 227 168 119 103 73 58 44 32 25 22 24 16 10 5 2 3 3 4 1 1 2 3 1 3 0 2 0 1 1 2 0 4 0 0 2 2 3 4 1 4 1 0 1 2 3 2 3 0 3 1 1 5 1 2 1 3 4 0 2 1 1 0 0 1 0 1 2 3 0 3 1 1 1 1 1 1 4 2 0 0 0 0 0 0 0 0 0 1 2 1 1 1 2 2 3 1 2 2 0 4 1 2 0 3 2 4 3 7 3 6 12 
0 0 0 0 0 0 0 0 0 0 0 0 1 1 0 1 1 1 2 2 2 2 3 3 2 1 0 7 3 3 7 5 5 4 4 8 8 7 3 9 15 8 5 11 13 10 22 24 29 28 35 33 59 70 99 123 144 194 253 353 460 613 709 876 1059 1109 1304 1613 1960 2401 2778 3350 3895 4250 4734 5522 6077 6653 7389 7859 7778 8081 8266 8433 8435 8652 9318 9585 9719 10226 10620 10055 10478 10464 10557 10370 10466 10681 10668 10863 11028 11131 11495 12089 12547 13074 13946 14556 15458 15851 16490 16854 16568 15930 16023 15485 15031 14442 14442 14134 14263 13912 13960 13776 13641 13572 13434 13038 12624 12052 12020 11445 11017 10588 10450 10120 10031 9652 9350 9201 8710 8300 7916 7670 7216 6917 6357 6170 5785 5524 5170 5084 4598 4140 3940 3464 3024 2755 2355 2121 1798 1622 1448 1309 1143 1030 878 757 730 642 577 497 418 380 327 301 286 230 173 117 101 84 69 48 29 33 30 23 15 16 12 12 6 7 8 5 9 9 9 10 12 8 9 8 11 6 4 8 3 4 7 10 5 11 5 10 6 2 5 3 6 10 4 4 3 5 3 4 5 4 2 3 6 3 6 2 4 1 4 4 1 1 5 3 5 6 5 5 1 5 3 5 3 6 5 6 
0 0 0 0 0 0 0 0 0 0 0 0 0 0 0 0 0 0 0 0 0 0 0 0 0 0 0 0 0 0 1 0 0 1 0 0 1 0 2 0 1 3 3 3 3 9 3 2 7 7 4 6 8 9 5 6 6 3 10 17 14 14 36 41 38 70 71 128 174 208 232 340 381 494 573 562 655 829 872 1125 1306 1502 1830 1974 2476 2900 3186 3525 4087 4286 4846 5067 5461 5685 6132 6345 6584 6737 7178 7368 7547 7797 7923 8550 8457 8749 8638 8851 8762 8816 9095 8775 8844 9110 8943 9119 9439 9935 10221 10300 10875 11436 11677 12534 12876 13501 13664 13849 13949 14129 13805 13706 13349 13339 12866 12643 12470 12344 12206 11886 11543 11839 11568 11587 11563 11593 11345 11628 11541 11647 11488 11370 11118 11123 10940 10646 10575 10437 9906 10066 9830 9455 9314 8973 8553 8332 7836 7622 7180 6783 6487 6129 5775 5440 5185 4833 4356 4093 3704 3224 2844 2454 2184 1817 1642 1405 1142 1021 920 780 658 563 452 397 362 328 252 183 120 118 79 54 52 45 29 23 18 18 12 15 13 15 14 10 8 10 10 7 6 8 9 11 7 3 11 5 8 6 9 6 7 4 10 9 3 11 6 9 9 5 4 9 9 6 5 5 4 5 6 5 4 4 2 2 2 6 


