1
0 0 0 0 0 0 0 0 0 0 0 0 0 0 0 0 0 0 0 0 3 10 25 22 10 12 17 8 17 27 32 48 48 45 67 96 253 1335 1193 243 148 166 167 141 161 173 173 189 206 247 277 338 413 410 468 450 567 624 801 1054 1462 1805 2205 3267 4248 5628 7855 9419 11535 13717 15526 16071 15721 14236 11922 8794 6200 3818 2393 1572 996 676 497 388 380 329 389 361 344 334 322 335 311 346 324 321 327 346 346 333 396 358 337 416 384 416 416 415 440 417 457 452 470 460 462 449 480 470 449 492 508 558 509 469 474 468 478 447 448 473 467 470 416 437 430 392 407 427 422 425 413 379 386 416 415 381 411 412 391 395 364 391 357 367 372 390 370 323 310 310 315 314 331 324 272 313 302 233 276 263 279 261 311 254 263 231 223 204 209 207 205 205 214 170 139 143 110 130 97 95 96 61 54 45 42 32 16 12 9 8 3 0 0 0 0 0 0 0 0 0 0 0 0 0 0 0 0 0 0 0 0 0 0 0 0 0 0 0 0 0 0 0 0 0 0 0 0 0 0 0 0 0 0 0 0 0 0 0 0 0 0 0 0 0 0 0 
0 0 0 0 0 0 0 0 0 0 0 0 0 0 0 0 0 0 0 0 1 4 9 16 22 12 14 14 19 19 18 28 20 21 22 25 46 91 248 1723 689 160 100 91 67 64 73 77 63 64 105 78 112 105 106 106 105 103 108 119 115 116 123 135 127 170 161 152 152 163 161 202 169 223 213 262 222 254 271 324 328 324 320 421 429 477 560 586 562 607 706 857 1008 1393 1827 2193 2769 3621 4279 5616 6808 8763 10417 11662 12765 13049 13753 13672 12754 11169 8520 6512 4857 3503 2608 1719 1141 886 670 658 592 551 547 534 552 510 446 475 441 468 463 496 477 460 393 433 418 397 398 424 425 410 354 393 415 387 384 399 397 382 408 366 403 399 353 377 373 350 359 355 296 289 302 315 348 310 318 276 284 285 268 261 255 261 255 271 306 271 250 223 214 217 237 234 206 212 143 144 136 127 109 109 107 68 69 47 34 26 19 21 13 13 4 0 0 0 0 0 0 0 0 0 0 0 0 0 0 0 0 0 0 0 0 0 0 0 0 0 0 0 0 0 0 0 0 0 0 0 0 0 0 0 0 0 0 0 0 0 0 0 0 0 0 0 0 0 
0 0 0 0 0 0 0 0 0 0 0 0 0 0 0 0 0 0 0 0 1 7 5 14 23 22 8 20 12 17 33 24 28 19 24 32 43 85 251 1745 678 146 96 85 75 53 67 53 61 70 97 89 85 92 95 81 89 77 85 114 97 85 99 97 94 110 128 98 107 109 133 130 153 150 148 127 156 176 164 167 189 169 168 201 184 227 253 228 257 236 269 282 265 331 288 316 317 357 368 354 354 363 410 399 435 473 443 477 479 527 541 581 561 617 647 692 700 798 846 918 957 1089 1210 1564 1989 2516 3233 3898 5332 6339 8356 10029 11436 12807 14085 15187 14269 13063 11601 9671 7248 5141 3677 2718 1819 1313 888 645 505 436 414 379 402 377 358 389 373 348 366 323 323 302 332 343 321 311 315 295 294 276 276 273 248 269 262 296 279 270 227 236 228 236 228 216 212 151 143 145 151 113 127 102 78 47 62 57 35 27 25 17 7 12 2 0 0 0 0 0 0 0 0 0 0 0 0 0 0 0 0 0 0 0 0 0 0 0 0 0 0 0 0 0 0 0 0 0 0 0 0 0 0 0 0 0 0 0 0 0 0 0 0 0 0 0 0 0 


0 0 0 0 0 0 0 0 0 0 0 0 3 0 0 1 5 1 3 11 15 24 51 106 183 228 275 333 325 287 205 208 209 184 193 198 187 217 213 228 366 603 820 710 435 271 200 217 201 212 177 236 210 199 262 254 277 258 320 307 340 376 391 453 489 557 640 734 941 1074 1218 1462 1314 1383 1380 1598 1885 2043 2312 3295 3440 2961 2330 2928 4890 6714 8892 7021 3873 2178 1215 1098 1080 1155 1110 1186 1283 1284 1333 1387 1464 1486 1633 1649 1669 1840 1810 1914 1959 2162 2273 2334 2364 2528 2714 2932 2899 2985 3157 3306 3498 3633 3773 3877 4114 4322 4300 4548 4556 4948 5031 5087 5184 5497 5403 5662 5784 6185 6100 6360 6480 6541 6547 6791 6801 6898 6882 6988 6964 7034 7094 7243 7084 7058 6975 7158 7138 7271 7249 7245 7241 7239 7072 7086 6942 7027 6964 6964 6964 6821 7057 6947 6813 6688 6691 6762 6692 6835 6593 6550 6640 6732 6497 6454 6417 6468 6437 6347 6243 6198 6150 6095 6175 6018 5932 6083 5918 5852 5870 5866 6034 6325 6377 6754 6485 5817 5640 5513 5374 5324 5346 5232 5088 5074 5058 4949 4739 4677 4515 4312 4165 3972 3631 3301 3120 2909 2646 2557 2368 2354 2228 2159 2014 1903 1703 1519 1243 893 627 394 248 149 82 45 38 23 7 2 6 1 0 0 0 0 0 0 
0 0 0 0 0 0 0 0 3 0 0 1 2 4 2 6 8 20 24 48 57 104 110 208 306 316 302 275 206 186 191 197 192 194 180 200 207 188 229 303 601 718 811 425 229 170 169 186 173 195 182 196 210 205 175 245 231 254 240 256 281 285 281 307 294 336 305 363 399 389 420 446 446 456 535 545 692 853 1103 1355 1649 2265 2651 3805 3814 3767 6013 7683 8634 6145 2037 1000 869 936 927 1083 1016 1134 1138 1302 1372 1559 1714 1749 1936 2036 2088 2116 2092 2123 2132 2179 2187 2157 2104 2250 2251 2326 2379 2452 2579 2732 2897 2928 3048 3343 3326 3517 3792 3851 4007 4072 4389 4482 4614 4674 4801 4981 5172 5379 5458 5522 5683 6021 6127 6222 6276 6462 6377 6767 6827 6858 6963 7167 7187 7378 7370 7244 7333 7460 7288 7526 7386 7412 7516 7502 7471 7454 7205 7427 7431 7486 7296 7427 7267 7155 7145 7141 7024 6944 7079 7065 7048 6989 7016 6934 6674 6599 6646 6582 6719 6625 6541 6240 6369 6206 6202 6145 6088 5997 5986 5952 5913 5759 5773 5739 5632 5783 5684 5558 5647 5413 5489 5556 5543 5560 5558 5830 5949 6155 6230 5371 4775 4680 4269 4096 4117 3592 3208 2919 2747 2639 2546 2392 2307 2155 2069 1890 1644 1335 1088 705 475 314 206 95 53 34 24 13 3 4 4 0 0 0 
0 0 0 0 0 0 0 0 0 0 0 0 0 0 0 0 0 0 4 11 26 65 78 161 216 253 224 142 109 106 91 121 104 129 148 137 171 171 160 194 202 192 171 177 164 180 185 241 275 335 380 440 543 820 786 429 350 317 260 281 287 268 304 300 324 329 319 361 375 361 348 386 430 406 368 442 443 438 478 492 564 489 522 565 616 604 620 674 676 717 772 871 984 1166 1258 1403 1646 1896 2018 2645 4040 4835 4051 4267 5499 6894 7785 6365 4330 2086 1592 1570 1622 1703 1700 1871 1896 1918 2018 2164 2224 2283 2463 2601 2700 2870 3116 3178 3420 3577 3779 4094 4376 4601 4759 4990 5065 5147 5310 5460 5510 5585 5650 5811 6009 6140 6331 6299 6509 6683 6887 7118 7298 7157 7269 7626 7615 7607 7697 7847 7702 7891 7806 7914 7811 7745 7835 7866 7605 7660 7562 7688 7519 7511 7540 7365 7374 7335 7235 7404 7288 7237 7175 7215 7230 7166 6979 6938 6944 6792 6786 6780 6750 6606 6466 6447 6277 6137 6130 6253 6283 6003 6075 6027 5918 5857 5825 5768 5655 5559 5641 5506 5528 5489 5521 5529 5464 5487 5497 5179 5213 5358 5381 5455 5346 5438 4624 4092 3554 3139 3052 2643 2521 2356 2287 2332 2118 1918 1649 1391 1040 805 521 350 171 102 72 23 10 11 3 1 0 0 0 0 


