1
864 618 291 291 302 353 299 302 316 364 342 370 241 269 299 348 362 440 540 648 893 1470 1013 14 9 9 11 23 20 46 122 243 489 534 448 313 294 322 387 431 501 477 412 389 358 295 199 141 145 124 86 101 103 82 99 91 84 85 104 92 86 88 82 78 106 90 70 90 80 86 103 107 103 96 96 92 96 104 86 106 96 114 84 106 96 112 127 129 113 122 136 118 111 148 116 113 192 751 2331 1337 4971 6141 10051 3147 905 348 154 130 147 138 174 138 118 129 137 140 134 156 137 150 140 129 169 161 152 163 155 163 171 164 185 185 192 187 211 191 191 219 225 221 240 249 275 283 276 278 324 303 328 358 340 393 375 391 379 399 419 441 442 456 411 405 351 359 375 371 374 404 393 379 421 395 436 512 517 556 573 537 563 620 610 746 829 854 940 1081 1592 2226 2045 1230 485 83 82 100 105 106 118 108 113 136 135 121 127 138 126 134 153 129 148 204 170 189 220 276 243 175 189 222 211 235 237 269 250 233 294 357 149 12 8 10 12 13 9 12 14 9 17 18 27 22 30 26 25 20 28 33 17 9 6 1 0 0 0 0 0 0 
861 612 290 280 301 330 291 313 311 341 354 366 249 260 293 339 346 434 502 615 791 1336 1276 112 8 16 9 7 10 16 14 14 13 21 37 42 52 64 125 181 239 307 333 361 470 549 642 582 453 366 315 281 287 251 241 237 172 153 107 114 105 93 104 98 85 97 77 89 85 85 92 107 114 105 91 99 97 108 114 111 100 125 106 111 112 109 129 121 134 130 138 148 118 136 147 119 143 150 280 276 1685 5144 14474 5992 1428 647 146 127 131 155 139 142 133 124 125 126 147 140 156 129 161 146 139 164 161 151 168 165 164 174 171 200 177 201 204 227 187 192 227 240 233 234 251 285 291 292 278 303 313 306 345 336 377 390 404 371 365 407 448 446 441 413 405 347 364 371 369 366 383 418 384 402 379 434 477 524 548 545 564 539 584 615 716 800 860 868 1041 1302 2065 2329 1298 918 99 92 99 103 113 131 109 124 125 142 138 127 119 148 133 145 134 143 172 181 158 226 255 242 202 192 210 206 251 215 236 236 259 266 305 362 28 11 9 11 12 6 14 13 12 11 15 20 31 25 31 26 21 38 32 24 8 3 3 0 1 0 0 0 
861 609 291 280 296 327 296 296 311 342 360 356 258 260 286 347 336 426 495 612 766 1308 1301 166 4 8 7 10 11 12 8 6 14 10 13 11 8 6 11 14 11 11 18 23 20 16 46 38 66 123 177 300 492 473 429 371 325 337 344 369 372 378 354 311 291 249 220 160 126 102 95 95 97 65 80 73 75 62 68 73 80 66 66 50 73 59 72 66 72 75 72 71 65 68 63 70 64 59 77 58 122 650 9999 13714 3289 1316 377 89 76 85 83 97 73 86 86 75 78 88 86 66 84 102 100 105 83 97 94 108 102 88 88 110 106 87 103 124 100 112 73 102 96 90 82 103 110 109 112 92 105 108 108 95 112 121 129 112 96 111 116 125 123 131 114 137 136 105 128 141 133 130 139 151 136 137 139 146 162 147 167 144 156 188 160 179 188 175 190 220 194 211 193 231 246 241 237 263 254 305 300 284 332 315 315 344 314 362 345 359 392 367 419 449 456 467 511 521 500 488 492 516 569 541 492 532 495 513 555 594 384 257 258 291 272 277 269 298 279 273 306 348 387 403 397 400 369 436 415 419 466 445 482 557 659 731 1033 8054 


0 4 2 3 10 3 3 0 0 2 1 0 0 1 0 1 2 3 2 1 2 3 0 0 0 0 0 1 3 1 0 0 1 1 3 1 1 3 3 0 2 2 1 2 0 0 3 0 2 1 1 1 1 2 5 3 5 3 2 2 2 1 3 1 1 4 2 3 2 0 1 5 3 4 4 7 3 1 5 1 4 7 5 2 2 4 0 0 4 1 4 3 4 5 7 7 3 4 13 10 24 52 55 40 14 12 8 15 4 12 9 13 10 14 9 13 14 15 10 8 10 7 13 4 7 4 8 11 8 12 10 4 10 9 7 7 4 2 7 5 5 8 4 8 7 9 7 4 8 7 4 9 15 7 13 5 5 8 10 6 11 5 8 5 7 9 4 4 10 10 6 9 11 11 12 19 30 37 52 71 85 118 195 175 280 331 402 486 642 788 1028 1256 1501 1651 1880 2255 2297 2416 2718 2848 3149 3176 3389 3274 3819 3893 4564 5298 5824 6779 7620 8984 10232 11651 14182 15482 16983 20397 21076 24138 26951 28071 27687 27526 28650 31876 28984 28414 28314 26513 26543 28878 31552 30261 31389 29338 27793 25460 24648 22401 23853 17948 13117 10517 11029 9390 8083 8536 7896 5564 4405 2921 2244 847 287 95 
0 3 2 4 10 2 3 1 0 2 2 0 0 1 0 1 1 3 1 1 3 4 4 1 0 1 0 0 3 2 0 0 0 0 2 2 1 1 3 2 2 3 2 3 0 0 1 3 1 1 1 3 1 3 6 1 1 3 6 2 1 2 4 2 3 5 7 4 1 3 1 5 1 2 4 9 6 4 4 5 3 7 5 8 2 4 5 0 2 1 4 4 3 6 7 5 6 6 4 2 7 35 95 49 17 17 8 13 5 11 13 11 11 7 13 11 13 15 12 9 10 11 9 11 7 3 5 8 7 15 10 6 6 6 10 10 8 3 2 8 7 3 7 5 5 8 10 5 8 7 4 10 11 8 7 8 10 6 11 9 6 5 6 8 4 8 5 6 6 6 10 6 12 6 6 4 7 9 8 9 11 5 7 11 15 14 10 20 27 39 59 101 150 176 243 319 409 530 629 794 914 985 1187 1221 1552 1868 1929 2590 3075 3649 3970 4343 4451 5257 5982 6225 6964 8476 9735 12854 16151 19089 20843 22157 27841 36240 36419 37762 37968 37230 39415 39473 39238 38637 40603 39834 37970 33268 30353 30854 35186 29657 21106 15777 14133 11648 9854 7462 4812 2450 949 163 41 4 2 0 
0 3 3 4 10 1 4 0 1 1 1 2 1 0 1 1 3 3 3 0 1 4 3 2 5 1 2 2 3 2 1 0 1 0 0 3 1 3 2 3 5 3 6 3 1 1 1 1 3 1 0 2 1 3 2 5 3 2 4 5 3 1 2 5 4 3 4 7 5 2 0 8 1 1 5 4 8 5 4 9 3 6 5 9 6 4 2 4 3 3 0 5 4 2 4 14 6 5 6 6 3 15 53 99 25 14 18 11 13 4 13 12 15 7 10 7 11 13 16 16 10 8 9 13 8 7 6 6 11 6 9 8 8 5 5 12 9 7 3 5 7 7 8 2 8 7 7 5 7 9 6 4 10 7 10 7 4 9 8 7 5 9 8 8 5 10 6 6 6 6 6 6 4 7 8 4 8 1 9 9 5 8 6 5 8 6 6 10 4 8 7 12 15 11 14 18 25 32 60 127 145 209 360 527 726 921 1154 1310 1411 1570 1571 1922 2185 2701 3401 4093 5926 8063 10515 13333 17008 19176 19366 20879 23459 27270 28205 29265 29758 32378 36758 43627 53302 54795 58243 47675 40207 34438 34733 35765 36920 32041 23443 17451 17155 12550 7596 5500 2739 986 207 20 7 1 0 0 


