0
0 0 0 0 0 0 0 0 0 0 0 0 0 0 0 0 0 0 0 0 0 0 0 0 0 0 0 0 0 0 0 0 0 0 0 0 0 0 0 0 0 0 0 0 0 0 0 0 0 0 0 0 0 0 0 1 1 3 3 5 10 11 6 19 22 25 32 29 46 43 54 59 78 86 105 84 80 81 94 70 58 62 62 58 50 37 29 31 39 35 44 35 39 31 30 30 29 29 30 31 48 36 27 30 34 31 35 34 30 29 33 35 31 29 25 34 39 32 26 44 41 38 43 40 39 34 45 40 43 51 53 59 53 59 60 53 56 48 51 53 49 67 54 58 53 62 56 42 67 68 64 63 79 72 86 71 88 97 90 87 95 100 82 89 76 83 89 73 88 78 86 102 106 98 97 104 78 94 62 74 53 49 80 63 60 69 65 52 59 63 56 50 54 44 64 57 61 53 49 59 55 61 49 40 68 63 55 69 60 70 84 62 71 65 72 77 72 68 61 52 81 79 91 110 131 280 404 386 356 366 370 358 357 304 181 130 109 98 83 74 59 57 49 54 57 64 56 61 74 61 63 62 90 188 593 4139 
0 0 0 0 0 0 0 0 0 0 0 0 0 0 0 0 0 0 0 0 0 1 1 0 1 0 2 0 0 2 2 1 2 1 1 1 4 3 2 4 6 1 2 2 4 3 7 6 2 4 4 6 6 5 2 9 1 2 7 6 5 6 2 4 4 10 1 4 7 6 5 8 4 8 9 5 13 9 2 10 9 8 7 6 11 12 10 7 9 14 10 10 10 10 13 10 8 6 7 12 18 4 8 10 12 9 7 13 12 10 14 17 14 20 15 18 18 15 15 19 18 13 10 25 21 18 25 32 25 38 42 57 52 48 56 85 66 112 101 120 135 170 147 168 152 140 124 129 115 128 135 113 91 96 94 65 93 63 64 76 64 67 56 59 62 77 80 65 69 79 81 79 75 80 84 90 88 87 103 99 130 132 128 99 117 131 127 137 130 156 191 152 164 175 192 173 150 128 131 122 104 126 129 134 133 219 318 437 401 309 360 532 489 364 213 175 134 106 108 80 83 53 62 55 52 63 54 44 45 57 40 30 35 38 42 42 33 53 58 43 53 64 141 335 502 542 560 359 400 363 309 257 254 230 242 266 
5 3 3 4 2 5 4 2 5 6 5 5 6 5 5 6 4 2 1 8 1 0 7 0 7 3 3 2 6 3 4 3 1 4 14 4 7 8 1 6 6 1 6 7 3 4 7 6 7 6 2 3 5 2 7 6 4 1 6 3 4 0 4 2 0 6 7 4 4 4 12 4 5 6 8 1 8 1 7 5 3 7 4 6 12 5 3 9 10 8 7 12 12 13 13 8 6 8 10 10 12 6 13 12 14 16 9 12 8 15 8 14 12 19 19 11 11 18 12 16 24 9 17 16 14 22 18 12 8 23 26 19 8 11 17 16 17 22 16 25 26 20 23 19 23 34 27 30 25 33 39 23 28 25 30 33 38 35 27 43 43 43 49 32 46 37 41 47 48 50 57 44 48 57 54 66 74 66 90 74 76 94 81 101 112 91 122 105 121 166 261 400 656 687 729 542 344 237 229 195 219 199 195 196 209 208 214 216 248 213 216 209 176 190 141 174 129 148 137 115 191 337 498 569 713 462 416 327 304 292 276 271 259 199 223 191 222 204 236 233 224 174 126 76 84 49 20 20 10 8 7 1 2 3 1 0 


0 0 0 0 0 1 1 0 1 3 2 3 4 8 8 5 23 17 58 45 88 143 161 257 365 513 609 703 764 862 927 866 813 783 651 565 439 346 292 264 205 190 165 174 173 150 145 158 155 147 148 141 146 138 151 143 164 146 172 156 207 155 161 177 166 187 194 187 188 215 229 205 217 225 263 269 254 278 264 261 272 267 228 264 247 254 241 244 215 244 241 226 205 188 203 187 177 199 172 186 181 175 203 263 342 332 295 302 293 265 244 251 291 301 288 286 333 384 477 577 748 963 1155 1517 1908 2338 2658 3123 3632 4235 5003 5815 6770 7866 8709 9629 10772 11714 13129 15139 17279 18964 20126 21792 23023 23944 24947 25797 26047 25603 24690 23644 21795 21079 20551 20607 20786 20757 20639 19836 18595 17778 16652 15459 14095 12577 11742 11227 10461 9713 9788 9769 9647 9198 8359 7809 7005 6706 6322 6185 5878 5569 5340 5233 5127 4923 4825 4514 4348 3969 3883 3763 3632 3418 3278 3234 3310 3084 2965 2824 2761 2782 2759 2657 2786 2602 2711 2759 2701 2569 2672 2610 2611 2709 2951 3305 3917 4666 5580 5307 4308 3167 2478 2154 1928 1734 1599 1383 1279 1082 959 832 725 648 507 436 405 339 293 242 223 185 161 145 124 121 78 65 64 50 42 45 44 35 42 35 
0 0 0 0 0 0 0 0 0 0 0 0 0 0 0 0 0 0 0 0 0 0 0 0 0 0 0 1 0 2 1 2 3 4 6 7 12 17 17 29 48 40 64 94 157 182 274 355 468 601 832 930 1118 1201 1217 1107 902 736 561 446 344 271 205 207 195 163 201 167 168 152 178 203 192 203 196 236 216 208 207 224 212 208 222 237 240 234 233 260 227 246 235 247 222 271 223 206 222 261 203 207 211 174 191 150 161 128 131 114 117 113 104 120 105 105 127 134 111 124 132 132 147 134 142 184 163 166 175 206 262 295 327 365 375 354 328 381 334 345 350 385 452 436 507 518 626 549 653 752 810 858 965 1071 1169 1283 1571 1804 2094 2584 3322 3886 4455 5464 6170 7183 8135 9541 11181 13390 16005 18804 21943 24190 26542 29566 32403 34546 35101 35174 35260 35591 35243 34983 33147 31056 29273 27332 24803 22409 20183 18064 18015 18026 16996 16118 15486 13991 11489 8997 7636 6582 5832 5337 4931 4814 4535 4442 4643 4291 4291 4010 3971 3879 3710 3542 3401 3393 3348 3285 3166 3054 2859 2640 2360 2151 1863 1686 1489 1245 1111 1011 862 722 601 549 474 402 319 307 259 250 213 170 144 120 103 93 62 65 44 44 33 32 34 22 21 1 
0 0 0 0 0 0 0 0 0 0 0 0 0 0 0 0 0 0 0 0 0 0 0 0 0 0 0 0 0 0 0 0 0 0 0 0 0 0 0 0 0 0 0 0 0 0 1 0 0 2 0 0 0 0 0 0 2 2 0 2 3 1 1 4 2 2 7 7 5 8 5 4 7 4 8 4 6 7 8 5 5 7 5 3 8 5 7 11 13 10 8 14 11 17 15 21 17 20 33 23 24 27 31 56 58 72 68 92 82 96 100 147 163 163 185 204 233 275 272 323 352 346 454 483 508 485 546 531 585 525 600 596 578 627 605 603 639 599 560 536 536 466 434 408 421 377 326 297 279 274 248 243 235 217 232 216 259 214 274 300 342 408 411 496 404 397 390 403 388 456 633 802 1134 1444 1807 2266 2649 2495 2248 1749 1471 1467 1785 1972 2515 3095 4045 5588 7876 10790 14942 19724 24766 28409 31511 33644 37063 40126 43636 45966 47059 45410 43342 41836 43040 45110 45246 41209 35025 29701 24432 19299 14800 11288 9400 8169 7600 6847 6574 5958 5473 5028 4734 4366 3774 3242 2840 2458 2165 1921 1590 1449 1300 1057 896 822 690 624 486 451 375 356 291 258 216 162 143 124 104 106 63 63 54 47 43 33 


