1
0 0 0 3 35 146 433 709 1141 1649 2338 3816 5031 4813 4471 4252 4685 4503 4220 3719 3000 2529 2017 1676 1804 1621 1681 1592 1512 1598 1472 1305 1163 1001 866 849 797 777 766 714 733 736 673 669 702 606 559 487 528 613 506 458 415 404 370 337 339 358 320 340 398 470 498 529 546 539 443 459 454 423 382 356 303 316 292 303 320 268 265 215 200 227 240 272 217 194 246 221 236 254 199 191 180 162 159 146 148 164 147 109 86 91 74 74 39 29 34 18 5 4 2 2 0 0 0 0 0 1 0 0 1 1 0 0 1 0 0 0 1 0 0 0 0 0 0 0 0 0 0 1 0 0 1 0 0 0 0 0 0 0 0 0 0 0 0 1 0 0 0 0 0 0 0 0 0 0 0 0 0 0 0 0 0 0 0 0 0 0 0 0 0 0 0 0 0 0 0 0 0 0 0 0 0 0 0 0 0 0 0 0 0 0 0 0 0 0 0 0 0 0 0 0 0 0 0 0 0 0 0 0 0 0 0 0 0 0 0 0 0 0 0 0 0 0 0 0 0 0 0 0 0 0 0 0 0 0 0 0 0 0 0 0 0 0 0 0 
0 0 0 0 0 0 0 0 0 0 0 0 2 34 43 64 87 87 151 221 264 384 553 714 1059 1185 1240 1553 1755 1689 1858 2130 2516 2538 2788 2562 2494 2236 2080 2124 2206 2108 1935 2088 2453 2585 2665 2943 2795 2665 2484 1997 1518 1209 1117 1035 1000 916 869 901 857 793 793 756 803 714 733 698 753 574 504 433 411 451 420 416 372 388 362 350 331 335 381 357 356 335 297 302 315 328 392 363 341 302 302 280 271 260 253 286 278 264 265 240 220 229 236 275 255 253 251 255 245 246 239 232 221 215 200 168 167 164 162 142 147 140 160 105 106 101 83 68 62 59 55 37 36 37 30 33 39 29 29 27 30 32 27 27 36 35 36 31 22 23 21 7 7 3 1 0 0 0 0 0 0 0 1 0 0 1 0 0 0 0 0 0 0 0 0 0 0 1 0 0 0 0 0 0 0 0 0 0 0 0 0 0 0 0 0 0 0 0 0 0 0 0 0 0 0 0 0 0 0 0 0 0 0 0 0 0 0 0 0 0 0 0 0 0 0 0 0 0 0 0 0 0 0 0 0 0 0 0 0 0 0 0 0 0 0 0 0 0 0 0 0 0 
0 0 0 0 0 0 0 0 0 0 0 0 4 22 37 40 69 76 78 109 117 173 206 256 329 457 775 1153 1332 1643 1815 1841 2233 2199 2063 1935 2068 2190 2164 2033 2128 2153 2131 2469 2662 2754 2681 2457 2168 1821 1514 1422 1358 1278 1261 1379 1302 1177 987 981 920 950 877 847 824 930 949 938 850 764 795 805 693 668 715 631 603 654 601 580 561 520 439 400 364 335 307 359 371 376 378 372 421 375 351 298 283 256 309 258 279 304 297 287 287 251 273 284 273 263 255 238 235 229 225 241 233 239 253 217 236 227 220 219 212 222 238 233 229 204 187 168 169 157 137 157 167 164 163 152 104 104 105 80 76 61 57 62 60 50 43 48 43 33 23 27 29 33 25 31 25 29 24 31 21 26 28 30 27 36 38 51 47 22 17 12 2 0 0 0 0 0 1 0 0 1 0 0 0 0 0 0 0 0 0 0 0 1 0 0 0 0 0 0 0 0 0 0 0 0 0 0 0 0 0 0 0 0 0 0 0 0 0 0 0 0 0 0 0 0 0 0 0 0 0 0 0 0 0 0 0 0 0 0 0 0 0 0 0 0 0 0 0 0 0 0 


0 0 0 0 6 22 37 100 165 398 942 1910 2068 2392 5276 13680 27176 35261 38190 39563 38540 40350 45449 51561 57744 59345 58379 51727 45529 39528 33504 28633 23842 19590 16561 15246 13383 11351 9855 7649 5375 4156 3121 2905 2624 2015 1506 1269 1139 1143 1119 1002 986 976 899 933 937 971 931 916 875 777 782 732 762 803 824 814 836 742 644 625 594 456 459 373 407 342 394 387 367 366 370 324 357 337 334 322 313 290 316 283 298 297 249 299 274 270 258 264 275 255 251 254 255 268 268 284 269 267 255 228 245 253 229 265 236 236 246 263 230 267 264 321 397 947 2245 1734 862 531 178 101 113 99 80 69 52 48 41 38 32 20 19 21 15 23 18 15 23 18 17 23 15 21 13 24 16 19 19 15 15 16 15 11 12 8 7 12 13 15 13 9 6 8 7 7 6 5 3 1 0 1 0 0 0 0 0 0 0 0 0 0 0 0 0 0 0 0 0 0 0 0 0 0 0 0 0 0 0 0 0 0 0 0 0 0 0 0 0 0 0 0 0 0 0 0 0 0 0 0 0 0 0 0 0 0 0 0 0 0 0 0 0 0 0 0 0 0 0 0 0 0 0 0 0 0 
0 0 0 0 0 0 0 0 0 0 0 0 0 2 6 12 10 1312 3747 4175 4517 4792 5263 5445 5586 6118 6583 6815 7232 7404 7939 8440 8816 9073 9018 8876 9252 9616 9518 9930 10055 9950 9972 9830 10610 10665 10716 10627 10398 10357 9821 9518 9217 8691 8262 7627 7670 6848 6622 6647 7170 8313 9675 11518 14139 17272 20644 24334 27289 29859 31975 31892 30550 32246 34218 32313 35724 43147 44188 27464 9116 3087 1952 1622 1346 1101 1010 845 760 673 638 621 603 559 570 521 477 485 471 474 463 396 404 410 382 368 368 358 352 320 340 350 375 360 402 384 366 407 406 352 350 396 388 440 825 2172 1226 648 509 500 345 375 292 298 136 108 111 90 87 82 77 73 57 56 52 48 55 47 46 39 36 35 46 32 35 36 34 34 32 23 20 31 19 28 22 22 23 17 21 15 22 14 18 29 19 8 17 15 18 21 13 18 17 17 14 12 14 15 12 16 20 10 12 11 15 7 7 7 10 6 13 3 4 3 4 1 1 3 2 2 1 1 1 0 0 0 0 0 0 0 0 0 0 0 0 0 0 0 0 0 0 0 0 0 0 0 0 0 0 0 0 0 0 0 0 0 0 0 0 0 0 0 0 0 0 0 
0 0 0 0 0 0 0 0 0 0 0 0 0 6 4 10 8 386 1971 3604 3778 3941 4325 4650 5066 5652 6217 6824 6922 7241 7360 7469 7974 8071 8453 8761 8931 8925 9140 9306 9690 9873 10031 10340 10799 10906 11235 11518 11305 11399 11074 10825 11387 12437 12685 13174 14488 15948 17392 18408 19777 20913 21644 22244 23107 23377 23459 23433 23816 24027 23939 26654 29293 31283 34875 33621 29944 17566 8661 5308 3100 2343 1955 1608 1501 1361 1062 1045 936 875 888 889 870 814 799 740 674 670 663 665 628 631 672 671 676 700 627 571 474 501 454 438 461 428 390 422 425 397 443 375 441 457 654 1654 1554 660 448 352 395 309 312 315 304 292 317 248 255 238 195 175 148 136 145 120 112 102 95 101 91 80 74 76 63 67 55 50 51 54 52 39 47 45 35 36 35 16 28 26 15 25 20 30 30 22 25 15 22 20 13 20 21 17 21 20 11 20 22 17 9 22 13 20 11 18 22 6 15 18 7 18 14 10 12 11 15 10 11 12 6 6 10 6 4 5 5 4 4 2 1 5 2 0 0 0 0 0 0 0 0 0 0 0 0 0 0 0 0 0 0 0 0 0 0 0 0 0 0 0 0 0 0 0 0 0 0 0 


