1
0 0 0 0 0 0 0 0 0 0 0 0 0 0 0 0 0 0 0 0 0 0 0 0 0 0 0 0 0 0 0 0 0 0 7 20 35 46 49 49 49 28 42 37 20 16 19 21 16 11 10 16 15 16 10 17 13 9 5 8 10 16 10 13 16 13 18 11 9 8 10 16 9 15 12 14 7 9 14 10 8 7 8 14 19 20 10 5 6 5 5 14 12 16 13 20 16 14 15 4 6 12 17 12 19 18 22 21 27 11 8 8 14 31 29 27 32 31 25 41 62 55 66 62 90 109 176 319 1261 3985 7386 18484 31086 32050 23921 27919 18083 16217 15371 16840 22757 23019 15847 9097 5401 2580 1487 815 156 41 18 7 6 2 1 0 0 0 0 0 0 0 0 0 0 0 0 0 0 0 0 0 0 0 0 0 0 0 0 0 0 0 0 0 0 0 0 0 0 0 0 0 0 0 0 0 0 0 0 0 0 0 0 0 0 0 0 0 0 0 0 0 0 0 0 0 0 0 0 0 0 0 0 0 0 0 0 0 0 0 0 0 0 0 0 0 0 0 0 0 0 0 0 0 0 0 0 0 0 0 0 0 0 0 0 0 
0 0 0 0 0 0 0 0 0 0 0 0 0 0 0 0 0 0 0 0 0 0 0 0 0 0 0 0 0 0 0 0 0 0 0 0 0 0 4 14 30 34 44 49 41 44 28 44 28 18 19 13 23 14 10 14 9 15 15 12 11 18 12 5 8 5 7 15 11 15 12 12 14 13 13 6 8 12 8 13 12 13 10 11 6 13 14 8 5 8 4 14 20 17 13 6 5 3 5 9 12 18 9 14 13 19 11 14 7 5 8 13 16 16 13 16 25 21 25 8 12 6 19 15 24 30 34 34 30 33 40 74 51 75 63 85 123 188 297 742 1905 4766 10943 25652 37583 30285 26466 24529 18807 15884 18706 21262 23701 14830 8468 5191 2328 1289 321 86 21 11 9 4 1 0 0 0 0 0 0 0 0 0 0 0 0 0 0 0 0 0 0 0 0 0 0 0 0 0 0 0 0 0 0 0 0 0 0 0 0 0 0 0 0 0 0 0 0 0 0 0 0 0 0 0 0 0 0 0 0 0 0 0 0 0 0 0 0 0 0 0 0 0 0 0 0 0 0 0 0 0 0 0 0 0 0 0 0 0 0 0 0 0 0 0 
0 0 0 0 0 0 0 0 0 0 0 0 0 0 0 0 0 0 0 0 0 0 0 0 0 0 0 0 0 0 0 0 0 0 0 0 0 3 7 25 34 50 47 51 48 37 38 30 17 20 20 15 17 12 14 21 10 15 15 14 7 6 13 14 17 13 8 22 15 16 5 14 7 13 14 17 18 13 7 12 9 9 8 12 14 18 15 14 6 10 10 15 10 11 16 16 15 17 14 6 12 17 26 18 20 18 23 22 21 17 13 26 28 48 54 49 57 55 85 107 107 174 330 691 1574 4807 19221 39918 40699 29903 26860 25830 24733 23491 23773 14510 8545 4756 2100 1303 673 263 130 43 12 10 10 2 1 1 0 0 0 0 0 0 0 0 0 0 0 0 0 0 0 0 0 0 0 0 0 0 0 0 0 0 0 0 0 0 0 0 0 0 0 0 0 0 0 0 0 0 0 0 0 0 0 0 0 0 0 0 0 0 0 0 0 0 0 0 0 0 0 0 0 0 0 0 0 0 0 0 0 0 0 0 0 0 0 0 0 0 0 0 0 0 0 0 0 0 0 0 0 0 0 0 0 0 0 0 0 0 0 0 0 0 


0 0 0 0 0 2 6 58 114 224 477 847 1191 1579 1757 1576 1586 1371 1084 997 823 700 729 868 1253 1675 1758 2034 1877 1263 752 543 351 271 288 200 250 227 253 254 279 213 225 187 149 185 159 172 182 172 164 163 180 166 163 178 211 216 233 221 248 203 126 101 111 109 96 90 79 86 70 107 99 111 122 139 168 163 180 177 196 215 250 275 343 341 391 445 424 506 609 806 1078 1389 1278 1117 1035 1071 1048 1239 766 504 233 207 204 193 202 222 247 239 261 290 372 481 664 896 1134 1557 1855 2129 2202 2389 2683 3388 4126 4919 6208 8127 10911 12382 13688 13612 14507 16649 18698 20141 20434 21012 20506 19211 17690 17780 18501 20016 20145 20127 19592 19088 17404 15294 13638 13023 12801 12646 12449 11979 11477 10620 9352 8536 7111 6552 5942 5656 5134 4622 4105 3529 3124 2751 2486 2168 2078 1902 1890 1775 1477 1226 1119 1209 1134 1094 913 927 964 1052 858 909 907 891 1047 952 896 875 844 814 671 518 531 604 637 756 710 534 419 400 389 355 351 406 425 417 356 342 315 315 303 296 307 253 274 235 250 202 301 277 286 274 263 267 275 244 234 229 250 242 255 204 170 168 185 187 173 148 144 132 115 113 123 97 136 122 146 248 514 4428 
1 21 21 28 24 24 22 47 66 105 121 225 279 421 748 1238 1806 2605 3578 4806 4542 3179 1973 1220 725 576 504 346 324 284 253 233 240 239 261 249 272 266 319 302 390 412 455 456 472 546 615 846 1198 1447 1650 1497 1217 838 525 533 434 268 174 117 97 104 128 130 137 129 103 88 102 101 90 79 75 71 82 67 68 76 69 86 69 78 97 85 94 83 108 116 135 140 133 89 101 79 87 86 88 89 82 78 76 70 80 81 94 79 78 61 105 101 99 109 114 154 144 147 147 171 178 207 200 249 245 260 304 327 335 393 511 570 662 804 1008 1417 1911 2283 2328 2357 2300 2469 2873 3519 3990 4949 6086 7469 8592 9140 9277 10591 13770 17942 20341 22409 22992 23986 23160 22099 20365 21429 21631 23557 24064 23313 21324 20219 17114 14057 12473 12602 12592 12784 12014 11527 9871 8517 6515 5523 5156 5191 4999 4968 4335 4232 3401 2650 2249 2091 1915 1916 1853 1913 1688 1429 1205 1002 933 944 1117 1138 1180 1099 973 944 846 846 991 974 983 898 769 684 639 529 440 467 479 484 498 392 410 374 409 368 286 286 310 316 342 260 303 294 290 284 316 317 272 275 255 253 248 270 237 206 176 173 165 149 145 134 161 145 148 223 4123 1109 
11 76 77 71 98 197 236 316 403 616 1059 1658 2063 2806 3277 3609 3417 2967 2300 1594 1069 700 470 380 354 312 336 345 394 464 429 445 449 426 464 563 719 828 948 981 987 991 992 1017 1122 1102 848 581 420 280 156 117 106 86 95 91 89 84 70 66 60 85 82 56 77 76 84 74 71 70 66 70 71 77 60 67 76 73 81 88 95 95 102 106 91 113 108 104 81 93 87 82 78 75 75 83 89 81 74 68 78 88 89 89 81 95 86 97 89 101 116 134 140 157 162 174 176 208 202 249 235 268 299 297 360 374 461 508 659 903 910 804 851 1014 1172 1437 1759 1959 2011 2212 2897 3547 3983 4603 5078 6091 6801 7532 8771 10698 13802 17021 20627 24397 26086 27467 26383 25199 23537 23202 22506 22880 22439 21928 20048 17596 15331 13817 12433 12307 11976 11426 10316 9989 8624 7803 7273 7017 6627 6289 5608 5120 4590 4034 3617 3065 2498 2316 2199 2170 2007 1658 1452 1216 1248 1130 1178 1117 1125 1094 1017 998 942 905 964 782 617 796 814 777 706 664 471 411 413 403 473 491 428 423 393 401 358 307 275 293 274 290 322 287 303 266 293 290 285 271 255 249 213 228 223 211 244 205 218 188 178 174 158 124 134 141 140 163 249 5296 


