1
0 0 0 0 0 0 0 0 0 0 0 0 0 0 0 0 0 0 0 0 0 0 0 0 0 0 0 0 0 0 0 2 1 4 3 9 6 15 18 18 21 25 32 20 27 30 31 26 27 25 13 14 18 15 10 16 16 18 27 20 20 25 11 12 13 11 10 14 22 14 20 16 19 18 9 22 15 19 7 15 12 10 13 15 12 9 14 7 9 7 12 7 14 15 23 30 20 30 15 17 13 12 15 16 18 21 14 26 20 17 28 24 24 30 35 48 65 78 98 119 135 244 392 903 3390 14141 39463 45326 32717 22123 22342 25892 35547 55489 31159 13196 4826 3210 1164 370 194 102 49 12 7 15 29 18 0 0 0 0 0 0 0 0 0 0 0 0 0 0 0 0 0 0 0 0 0 0 0 0 0 0 0 0 0 0 0 0 0 0 0 0 0 0 0 0 0 0 0 0 0 0 0 0 0 0 0 0 0 0 0 0 0 0 0 0 0 0 0 0 0 0 0 0 0 0 0 0 0 0 0 0 0 0 0 0 0 0 0 0 0 0 0 0 0 0 0 0 0 0 0 0 0 0 0 0 0 0 0 0 0 0 0 0 
0 0 0 0 0 0 0 0 0 0 0 0 0 0 0 0 0 0 0 0 0 0 0 0 0 0 0 0 0 0 0 0 0 0 0 0 0 1 3 0 4 9 2 11 14 15 15 19 17 31 22 29 20 26 32 25 16 20 15 14 19 12 10 14 16 16 21 19 23 21 14 13 15 13 8 13 14 17 14 14 17 18 19 20 17 16 11 11 16 12 6 14 15 14 7 7 9 10 3 8 9 9 16 20 33 21 30 16 23 18 13 13 16 21 10 19 16 24 20 19 23 33 25 39 39 56 70 57 100 120 142 223 287 598 1235 4285 20574 43798 47033 32151 25044 22961 32586 49805 41538 17858 6878 3228 1207 530 223 116 44 21 10 10 20 29 8 0 0 0 0 0 0 0 0 0 0 0 0 0 0 0 0 0 0 0 0 0 0 0 0 0 0 0 0 0 0 0 0 0 0 0 0 0 0 0 0 0 0 0 0 0 0 0 0 0 0 0 0 0 0 0 0 0 0 0 0 0 0 0 0 0 0 0 0 0 0 0 0 0 0 0 0 0 0 0 0 0 0 0 0 0 0 0 0 0 0 0 0 0 0 0 0 0 
0 0 0 0 0 0 0 0 0 0 0 0 0 0 0 0 0 0 0 0 0 0 0 0 0 0 0 0 0 0 0 0 0 0 0 0 1 2 1 6 5 5 12 14 14 21 16 22 20 30 27 24 30 29 25 17 14 20 16 10 15 25 17 22 22 27 21 19 9 9 15 22 19 14 26 18 14 19 14 20 19 10 21 7 20 16 15 11 8 13 4 10 12 11 13 28 34 27 22 16 26 23 25 22 25 24 30 27 35 47 51 80 72 96 115 161 246 382 841 2272 10499 33456 57195 48186 44304 33801 48655 43546 17310 5052 2799 1716 792 502 318 211 139 52 10 12 6 7 15 33 3 2 0 0 0 0 0 0 0 0 0 0 0 0 0 0 0 0 0 0 0 0 0 0 0 0 0 0 0 0 0 0 0 0 0 0 0 0 0 0 0 0 0 0 0 0 0 0 0 0 0 0 0 0 0 0 0 0 0 0 0 0 0 0 0 0 0 0 0 0 0 0 0 0 0 0 0 0 0 0 0 0 0 0 0 0 0 0 0 0 0 0 0 0 0 0 0 0 0 0 0 0 0 0 0 0 0 0 0 0 0 0 


0 0 0 0 0 0 0 0 0 0 0 0 0 0 0 0 0 0 0 0 0 0 0 0 1 2 6 1 4 11 11 25 38 91 112 193 305 496 795 1133 1593 1759 1564 1407 1161 1046 858 735 667 493 370 253 251 202 140 115 95 115 116 80 98 73 81 77 65 99 86 74 65 84 109 107 86 105 95 115 109 127 135 146 176 195 230 260 284 334 381 403 450 459 584 611 723 785 908 1014 1037 967 1053 1137 1171 1223 1309 1512 1810 2096 2671 3163 3788 4479 5576 6834 7920 8398 8758 9247 9705 9675 9657 8887 8123 7220 6377 6215 5459 5026 4381 4248 4500 4311 4385 4205 4045 4148 4347 4491 4439 4581 4657 4949 5249 5619 5839 6180 6355 6952 7390 7758 8105 8152 8871 9276 9829 10520 10431 10307 10603 10773 10790 10823 10378 9755 9804 9934 9523 9013 8712 7839 7827 7932 7801 7730 7345 6855 6458 6402 6452 6339 6017 5739 5435 5592 5484 5015 4828 4574 4384 4433 4167 3984 3682 3288 2785 2564 2450 2255 1762 1440 1142 926 749 614 586 532 536 464 405 349 317 342 305 348 337 349 238 226 212 187 175 183 131 123 117 112 95 87 91 80 78 72 74 81 85 73 60 64 75 56 61 61 40 29 24 28 27 27 24 32 47 38 55 50 33 36 32 38 
0 0 0 0 0 0 0 0 0 0 0 0 0 0 0 0 0 0 0 0 0 0 0 0 0 0 0 0 0 0 0 0 3 3 4 4 9 16 27 34 59 100 219 396 569 808 950 1276 1461 1605 1519 1374 1159 1079 808 683 511 318 193 121 114 106 88 105 82 67 82 81 92 72 67 83 63 91 73 65 67 74 71 70 67 66 74 72 91 88 78 99 82 85 104 103 112 115 156 166 194 183 216 234 257 299 327 345 385 427 433 475 520 625 760 826 915 829 774 836 884 913 960 953 1136 1172 1364 1598 1732 1979 2285 2685 3232 3431 3738 4508 5502 6872 7218 7299 7411 8296 9364 9742 9244 8316 7881 8085 8377 7604 6544 5987 5762 5809 5937 5945 5407 5196 5412 5818 6285 6018 5738 5994 6250 6577 6720 6545 6645 6857 6989 7538 8004 7778 6698 6377 6539 6833 6889 6600 6062 5773 6109 7151 7659 7248 6574 6380 6753 7502 7804 7360 7174 7427 8606 9561 8367 7347 6917 6960 7440 6906 6528 5741 5637 5952 5682 4705 4018 3765 4000 4213 3822 3545 3409 3370 3515 3544 3449 3133 2958 3239 3810 3931 3352 2914 3069 3437 3107 2628 2237 2180 1880 1404 875 766 676 515 339 261 197 169 135 113 68 56 62 69 69 71 66 36 22 14 12 9 10 11 15 13 
0 0 0 0 0 0 0 0 0 0 0 0 0 0 0 0 0 0 0 0 0 0 0 0 0 0 0 0 0 0 0 0 3 3 6 17 28 63 148 306 464 622 688 898 1169 1318 1390 1378 1310 1092 898 888 684 619 457 294 256 190 145 115 92 85 82 88 76 91 75 78 75 76 85 83 82 71 75 76 68 68 75 54 68 81 69 65 87 96 89 81 88 97 90 116 135 139 151 139 196 192 234 267 265 283 342 334 376 407 456 481 547 674 747 809 830 850 778 744 891 897 915 1060 1122 1209 1343 1613 1882 2142 2493 2829 3405 3525 3965 4503 5257 6142 6721 7194 7813 8174 9011 9380 9119 8766 8675 8506 8293 7936 7133 6353 5964 5919 6092 5983 5675 5455 5682 5762 6065 6148 6192 6272 6440 6684 6843 6808 6712 6708 6923 7237 6988 6394 6111 5726 5628 6135 5860 5674 5462 5518 5936 6491 6853 7328 7777 7875 8453 8721 9033 9014 8679 8863 9109 9273 8704 7709 7436 7425 7454 7273 6683 6243 6144 6126 6073 5453 5110 4514 4161 4128 3664 3436 3329 3358 3624 3889 3949 3834 3389 3111 2944 3060 2833 2492 2299 2105 1650 1201 864 682 574 410 293 277 258 245 216 192 186 193 179 182 148 145 113 113 99 105 95 52 49 21 6 13 11 12 15 24 


