1
0 0 0 0 0 0 0 0 0 0 0 0 0 0 0 0 0 0 0 0 0 0 0 0 0 3 8 36 92 145 186 183 127 122 94 61 65 50 43 51 54 45 40 33 24 25 17 22 29 27 17 16 15 24 34 22 20 25 18 16 26 14 21 12 20 13 25 23 31 21 15 7 12 14 15 9 12 14 23 22 21 15 11 5 9 5 6 13 10 12 19 14 21 23 16 6 9 12 20 12 22 35 25 20 13 6 15 3 20 21 36 42 32 30 33 33 41 53 47 54 88 92 138 210 503 1265 2906 8660 24199 40235 31720 18872 12327 13792 13084 17710 20760 22169 14528 5536 2889 1689 1040 393 64 2 5 2 1 0 0 0 0 0 0 0 0 0 0 0 0 0 0 0 0 0 0 0 0 0 0 0 0 0 0 0 0 0 0 0 0 0 0 0 0 0 0 0 0 0 0 0 0 0 0 0 0 0 0 0 0 0 0 0 0 0 0 0 0 0 0 0 0 0 0 0 0 0 0 0 0 0 0 0 0 0 0 0 0 0 0 0 0 0 0 0 0 0 0 0 0 0 0 0 0 0 0 0 0 0 0 0 0 0 0 0 
0 0 0 0 0 0 0 0 0 0 0 0 0 0 0 0 0 0 0 0 0 0 0 0 0 0 0 0 0 1 2 12 45 73 98 127 151 135 113 112 98 54 64 52 49 40 49 48 38 40 33 28 22 22 15 20 22 24 15 12 23 23 23 23 23 19 20 19 19 18 16 13 21 17 21 15 19 21 21 12 17 11 9 10 10 12 19 32 17 15 12 6 12 7 7 11 10 12 11 17 14 17 21 16 17 4 10 17 17 13 19 38 21 16 17 9 10 7 16 22 43 29 38 32 38 31 36 46 48 67 77 87 130 159 284 491 1199 2661 8535 23938 42574 30645 22505 16373 13548 15515 18481 22114 16883 10420 4251 2206 1309 403 54 19 5 2 2 1 0 0 0 0 0 0 0 0 0 0 0 0 0 0 0 0 0 0 0 0 0 0 0 0 0 0 0 0 0 0 0 0 0 0 0 0 0 0 0 0 0 0 0 0 0 0 0 0 0 0 0 0 0 0 0 0 0 0 0 0 0 0 0 0 0 0 0 0 0 0 0 0 0 0 0 0 0 0 0 0 0 0 0 0 0 0 0 0 0 0 0 0 0 0 0 0 
0 0 0 0 0 0 0 0 0 0 0 0 0 0 0 0 0 0 0 0 0 0 0 0 0 0 0 0 0 1 2 13 41 67 97 135 131 154 113 111 106 57 55 64 55 50 45 45 46 33 33 28 24 19 17 18 19 25 32 28 29 18 19 21 22 17 22 20 22 24 25 22 16 22 17 16 9 11 6 22 30 30 18 14 6 14 10 13 12 11 12 24 22 19 21 21 17 17 25 15 19 33 23 31 20 19 20 32 33 39 52 39 51 47 78 86 116 121 207 375 707 1651 6979 25580 48030 31882 27449 19339 30038 24053 16139 11385 4925 2756 1867 809 311 89 18 8 3 2 0 1 0 0 0 0 0 0 0 0 0 0 0 0 0 0 0 0 0 0 0 0 0 0 0 0 0 0 0 0 0 0 0 0 0 0 0 0 0 0 0 0 0 0 0 0 0 0 0 0 0 0 0 0 0 0 0 0 0 0 0 0 0 0 0 0 0 0 0 0 0 0 0 0 0 0 0 0 0 0 0 0 0 0 0 0 0 0 0 0 0 0 0 0 0 0 0 0 0 0 0 0 0 0 0 0 0 0 0 0 0 0 0 0 


157 144 101 79 72 73 79 90 120 127 119 129 129 144 132 154 207 202 240 261 246 243 238 242 271 271 264 262 275 347 431 423 510 594 714 689 636 639 649 741 856 1013 1260 1302 1287 1249 1234 1105 964 846 727 679 682 680 837 1000 1284 1766 1949 2151 2223 2134 2074 2028 1933 1822 1651 1666 1742 1732 1384 1128 901 728 563 558 510 452 441 451 490 464 503 555 536 570 631 695 675 747 785 864 930 1043 1083 1144 1235 1395 1579 1802 1985 2207 2622 3086 3706 4317 5165 6201 7542 8957 10235 10817 10896 10940 10649 10874 11075 12029 12793 12648 12418 11578 10912 11502 12170 12809 12376 12092 11902 11005 10628 10637 10637 10553 10146 9643 8711 8554 8773 9026 9423 9237 8821 8664 8339 8380 8276 8333 8471 8203 7616 7046 6724 6601 6669 6797 6602 6558 6416 6540 6630 6478 6386 6185 5633 5303 4843 4667 4687 4921 4724 4303 3671 3385 3220 3120 2920 2536 2335 2135 2039 2081 2159 2095 1800 1610 1413 1303 1313 1206 1136 1035 976 761 714 697 665 749 740 739 584 510 479 441 467 495 453 446 416 445 378 439 398 397 364 334 343 357 391 345 324 339 339 385 397 329 328 340 294 271 307 316 324 257 268 309 234 223 228 198 237 211 232 199 207 182 229 235 204 202 180 216 248 234 429 4199 
31 80 52 55 48 52 34 29 35 56 57 46 43 44 50 44 55 74 84 105 99 109 92 141 151 140 174 149 188 159 172 156 171 159 228 235 225 282 270 317 344 431 505 453 438 483 517 565 669 665 729 911 1058 1045 962 925 946 950 928 861 754 604 551 585 546 665 739 712 698 690 717 753 728 834 881 956 987 1168 1284 1513 1422 1417 1345 1329 1311 1324 1065 961 707 639 654 715 711 824 808 918 880 924 837 832 885 901 788 660 652 700 726 735 834 896 919 936 975 1011 983 1100 1098 1202 1170 1277 1352 1409 1699 1990 2397 2779 3243 3954 5209 6442 7866 9822 10360 9969 9640 10231 10851 12092 12121 11716 10601 9956 10373 12172 12798 13414 13386 12856 10868 9982 10153 11458 12558 12623 11509 10106 9257 9527 10268 11547 10929 10535 9882 8532 7551 7660 8572 9291 9252 8797 7749 7164 7288 8181 8412 8722 8339 7498 6035 5523 5556 6149 6390 6562 6246 5783 5662 6108 6735 6626 6381 5846 4948 4887 4923 4826 4392 3805 2987 2432 1940 1876 1535 1236 1116 955 803 703 751 794 854 863 938 735 632 578 581 557 535 555 526 466 526 569 547 519 538 524 419 417 393 384 394 383 362 365 390 277 233 263 253 277 279 288 255 201 224 202 209 198 235 277 289 362 3673 667 
0 3 9 15 26 48 61 22 45 51 37 46 45 53 51 51 57 61 72 86 104 101 124 173 148 151 149 148 160 170 155 162 216 195 244 263 295 344 418 482 509 472 486 450 496 473 617 775 884 921 925 993 1011 1092 956 883 596 530 520 543 529 553 497 543 536 582 539 559 604 637 679 762 784 745 827 935 1011 1218 1345 1619 1621 1540 1451 1322 1332 1319 1146 957 863 792 737 782 812 813 815 960 1024 1001 1008 979 1047 912 784 856 956 1059 992 931 907 945 976 1120 1138 1288 1333 1419 1445 1431 1262 1197 1247 1185 1166 1166 1261 1330 1628 2012 2205 2718 3334 4096 4412 4949 6062 7806 9575 10585 10988 10962 10499 11037 11887 13313 13709 13617 13040 11658 11072 10864 11718 12713 12730 12759 12009 11155 11027 11805 12524 12378 11661 10958 9978 9427 9014 9459 9879 10004 9420 8824 8190 8226 8585 9115 9314 9346 8759 7908 7297 6924 7028 6881 6830 6969 6742 6178 5824 6018 6022 6318 5896 5467 5255 5357 5290 4954 4480 4059 3230 2616 2050 1802 1693 1449 1212 994 874 961 906 826 757 843 798 697 698 664 611 671 624 661 558 622 668 579 477 492 460 459 527 513 458 465 500 534 544 470 424 449 442 433 439 374 347 356 323 306 290 279 271 260 307 258 321 397 689 5209 


