1
0 0 0 0 0 0 0 0 0 0 0 0 0 0 0 0 0 0 0 0 0 0 0 0 0 0 0 0 0 1 1 5 20 54 71 70 64 75 67 61 67 45 37 44 49 46 42 25 35 26 32 31 21 21 19 11 13 18 24 21 16 9 23 15 19 20 21 16 14 21 18 22 26 26 21 18 17 13 18 12 10 16 15 25 21 22 18 18 12 14 11 17 20 19 42 20 31 31 34 26 30 27 19 27 29 54 44 39 41 36 15 27 22 22 44 46 45 49 73 93 92 120 146 210 350 1012 7824 27029 36741 17262 12057 15577 19237 27913 45671 66129 27281 10625 3363 1009 494 282 160 85 37 10 2 7 5 1 2 3 1 2 0 0 0 0 0 0 0 0 0 0 0 0 0 0 0 0 0 0 0 0 0 0 0 0 0 0 0 0 0 0 0 0 0 0 0 0 0 0 0 0 0 0 0 0 0 0 0 0 0 0 0 0 0 0 0 0 0 0 0 0 0 0 0 0 0 0 0 0 0 0 0 0 0 0 0 0 0 0 0 0 0 0 0 0 0 0 0 0 0 0 0 0 0 0 0 0 0 0 0 0 0 0 
0 0 0 0 0 0 0 0 0 0 0 0 0 0 0 0 0 0 0 0 0 0 0 0 0 0 0 0 0 0 0 0 0 0 0 0 1 1 2 16 20 57 64 75 59 68 64 62 57 41 39 35 44 38 48 30 27 30 23 24 26 22 20 14 13 13 19 15 15 12 13 26 21 16 20 12 11 8 18 19 26 28 23 19 15 15 12 12 12 12 12 13 27 21 16 15 17 10 14 11 6 14 16 19 37 26 19 29 27 22 17 17 17 13 18 24 35 45 30 29 28 46 51 46 69 74 44 55 65 69 102 109 164 190 265 389 1125 8408 28899 37657 19202 14543 18857 24557 37376 57223 46061 16488 5226 1869 867 462 259 159 78 34 32 16 13 37 22 32 15 20 13 12 17 5 5 7 2 7 0 0 3 2 0 0 0 0 0 0 0 0 0 0 0 0 0 0 0 0 0 0 0 0 0 0 0 0 0 0 0 0 0 0 0 0 0 0 0 0 0 0 0 0 0 0 0 0 0 0 0 0 0 0 0 0 0 0 0 0 0 0 0 0 0 0 0 0 0 0 0 0 0 0 0 0 0 0 0 0 0 0 0 0 
0 0 0 0 0 0 0 0 0 0 0 0 0 0 0 0 0 0 0 0 0 0 0 0 0 0 0 0 0 0 0 0 0 0 0 0 1 1 3 13 23 57 63 68 48 78 66 55 59 52 46 36 50 41 41 31 31 32 20 23 26 13 12 25 12 22 20 17 18 14 23 15 27 18 19 29 19 16 22 19 15 19 14 24 11 16 15 17 17 19 16 11 13 20 12 23 29 25 31 30 23 27 19 20 22 24 27 35 25 34 26 33 46 69 65 76 124 178 270 454 954 5260 25741 44767 29136 21406 24330 41961 86924 22119 6574 3311 2143 1450 1206 1096 636 343 207 100 50 24 17 19 21 13 22 21 18 13 10 16 11 16 11 14 12 12 16 11 8 14 11 21 11 15 6 6 2 7 8 1 4 0 0 0 1 0 0 0 0 0 0 0 0 0 0 0 0 0 0 0 0 0 0 0 0 0 0 0 0 0 0 0 0 0 0 0 0 0 0 0 0 0 0 0 0 0 0 0 0 0 0 0 0 0 0 0 0 0 0 0 0 0 0 0 0 0 0 0 0 0 0 0 0 0 0 0 0 0 0 0 0 0 0 0 


0 0 0 0 0 0 0 0 1 2 1 4 0 1 5 6 3 4 3 2 3 29 43 29 44 75 154 200 118 91 103 76 57 52 42 50 48 58 70 86 161 217 257 323 438 658 895 1015 1113 1142 1026 1069 1432 1509 1169 907 762 663 736 716 629 428 307 327 334 285 280 306 378 628 840 1173 1327 1615 1550 1429 1184 1073 881 681 546 494 433 377 306 302 211 212 222 238 151 213 242 321 384 501 562 863 1120 1420 1720 2184 2702 3446 4104 4482 5111 5840 7014 8375 8557 8028 7644 7836 8041 8581 8907 8764 9110 9527 10324 10535 10635 10500 11033 11775 12842 12691 11709 11314 11814 13373 13019 12410 11579 11294 11136 11238 11848 11594 10438 9377 9199 9461 9427 9194 8753 8760 9439 10117 11222 11608 11418 11044 11228 12149 12609 12218 11069 9284 8325 8170 7913 6919 5581 4878 4298 3833 3213 2619 2077 1594 1192 1019 708 496 344 193 61 26 16 9 1 0 0 0 0 0 0 0 0 0 0 0 0 0 0 0 0 0 0 0 0 0 0 0 0 0 0 0 0 0 0 0 0 0 0 0 0 0 0 0 0 0 0 0 0 0 0 0 0 0 0 0 0 0 0 0 0 0 0 0 0 0 0 0 0 0 0 0 0 0 0 0 0 0 
0 0 0 0 0 0 0 0 0 0 0 0 0 0 0 0 0 0 0 0 0 0 0 0 0 0 0 0 0 20 30 38 35 40 60 99 119 131 134 125 113 60 47 55 58 66 93 157 326 518 679 907 1387 1684 1526 1559 1775 1751 1477 1134 728 571 428 372 342 320 172 146 129 95 103 95 89 91 87 81 80 85 70 77 82 97 77 72 74 63 70 83 75 80 89 83 71 78 82 86 79 87 94 89 104 86 86 118 110 115 120 129 138 132 164 179 186 203 214 254 293 290 353 383 426 509 630 730 835 824 1001 1216 1543 1702 1862 1903 1880 2177 2776 3383 4082 4181 4143 4851 6307 8040 8854 9567 9473 10358 12087 14056 14242 12952 12265 13280 15616 18128 18769 18653 15807 14406 14983 16454 14805 13522 11811 11595 12679 13317 12370 10648 9459 8875 9414 9861 9813 9433 9425 10249 12124 14055 14312 13930 12310 11113 10962 11312 10757 9057 6899 5763 5548 5805 5165 4245 2972 2485 2271 2162 1568 1174 887 735 533 384 121 30 19 13 4 2 0 0 0 0 0 0 0 0 0 0 0 0 0 0 0 0 0 0 0 0 0 0 0 0 0 0 0 0 0 0 0 0 0 0 0 0 0 0 0 0 0 0 0 0 0 0 0 0 
0 0 0 0 0 0 0 0 0 0 0 0 0 0 0 0 0 0 0 0 0 0 3 12 25 10 11 17 22 22 21 46 69 94 86 86 113 157 75 66 51 43 36 43 35 72 114 254 547 784 1042 1206 1541 1936 2105 2028 1704 1294 934 642 548 370 298 259 226 157 119 107 95 103 83 108 84 79 81 82 76 83 75 87 71 73 81 72 85 72 73 71 72 87 62 95 92 90 67 76 88 91 108 83 99 102 126 90 106 114 127 108 136 141 153 173 173 201 216 217 263 291 383 397 477 509 623 777 895 1034 1299 1607 2070 2801 2976 3203 3525 3792 4293 4789 5030 5316 5197 5594 6148 7214 7941 8246 8159 8569 9428 10312 10469 10396 10641 11287 12324 13909 14609 13897 13403 13475 15009 15189 14103 13500 13033 12496 12929 12963 12783 12322 11489 11347 11187 10851 10138 9672 9299 9786 11041 12300 13195 13161 13135 12595 12674 13006 12077 10519 9109 7928 7293 6633 6341 5510 4222 3506 2941 2270 1693 1258 1101 956 788 559 349 223 122 48 2 0 0 0 0 0 0 0 0 0 0 0 0 0 0 0 0 0 0 0 0 0 0 0 0 0 0 0 0 0 0 0 0 0 0 0 0 0 0 0 0 0 0 0 0 0 0 0 0 0 


