0
23 12 4 5 8 9 7 6 8 10 9 14 12 19 10 10 23 28 23 31 37 29 43 33 49 38 52 54 50 54 58 49 44 60 52 56 71 81 76 86 118 137 127 115 161 155 140 193 218 176 137 184 146 131 119 102 109 112 102 115 130 159 159 169 195 278 272 270 301 327 288 356 320 308 347 314 312 257 304 368 363 300 333 401 279 285 300 352 337 437 505 567 506 719 843 593 819 724 565 501 826 790 965 588 1064 1221 607 725 354 345 288 303 263 245 213 246 236 289 279 266 303 275 308 281 333 299 335 370 344 317 340 384 361 396 516 486 439 488 584 544 545 551 653 602 648 795 865 692 780 603 465 441 379 411 378 288 348 326 258 228 234 218 199 180 181 222 229 236 322 298 391 469 493 378 389 272 222 226 210 141 111 106 119 103 102 55 78 40 39 32 16 20 23 15 18 9 14 15 20 11 16 5 3 12 5 4 7 3 5 1 3 6 6 3 3 3 2 2 1 1 1 2 1 1 1 1 1 0 1 0 0 0 0 0 0 0 0 0 0 3 0 0 0 1 0 0 0 0 0 0 0 0 0 0 0 0 
0 5 2 1 4 2 2 0 4 8 6 4 3 4 5 8 4 7 10 8 12 8 18 18 25 28 18 18 29 25 39 28 34 39 29 25 33 28 31 27 39 39 35 37 50 62 53 80 74 105 98 95 115 111 101 98 111 107 125 186 199 154 116 149 163 116 102 103 94 94 96 81 85 88 93 91 126 150 165 144 142 184 167 201 213 280 314 267 254 306 361 306 338 332 339 259 322 384 386 317 338 333 354 287 249 328 334 373 449 461 472 629 778 646 925 807 745 518 822 741 851 560 951 1122 556 717 484 446 402 640 555 354 292 255 307 255 327 347 311 283 335 271 302 292 319 356 347 387 469 514 500 654 707 581 573 659 684 729 746 906 814 800 625 537 439 417 425 372 312 369 340 294 245 255 247 198 193 188 232 234 238 298 297 410 460 459 399 386 265 229 238 200 157 116 121 128 117 62 80 58 28 41 20 22 16 21 13 15 12 13 20 18 14 8 5 9 6 8 5 3 4 2 2 7 6 1 4 2 3 2 0 2 0 1 3 1 1 0 1 1 0 1 0 0 0 0 0 0 0 0 0 2 1 0 1 0 
2 0 1 1 3 2 2 3 5 6 3 5 3 2 6 6 8 5 7 5 7 16 17 21 27 26 18 36 17 27 28 24 29 36 23 31 22 22 30 31 32 41 40 40 47 37 41 46 54 63 97 89 92 83 113 120 108 100 131 115 139 177 188 137 126 148 163 109 116 103 83 89 90 83 93 95 85 98 133 168 153 143 165 199 200 182 276 305 296 259 299 348 307 336 319 345 284 278 391 423 346 370 333 277 295 282 333 332 397 493 568 461 685 708 517 849 831 685 562 802 844 900 537 928 1146 548 659 494 442 468 438 659 560 369 322 309 320 308 338 306 260 287 273 269 289 334 373 397 354 450 482 430 539 614 632 557 610 782 654 724 787 829 729 839 644 560 404 432 406 337 325 317 294 256 193 203 198 180 183 210 211 198 209 247 268 385 433 485 406 380 266 235 235 188 145 115 125 126 120 67 80 55 33 39 13 20 17 20 17 17 14 10 18 12 8 5 5 7 6 4 4 2 3 1 3 6 6 1 3 3 3 2 0 1 0 1 3 1 1 0 1 1 0 1 0 0 0 0 0 0 0 0 0 2 2 0 


0 0 2 1 2 3 0 2 4 7 7 3 7 13 16 19 27 37 48 57 91 124 169 225 323 505 788 1188 1753 1784 2128 2241 2851 2837 2898 2410 2057 1727 1332 1117 704 521 373 311 275 255 315 568 637 610 800 902 1098 913 1201 638 519 356 360 361 323 368 295 362 411 480 527 880 826 707 579 722 633 555 637 679 525 450 591 523 665 564 683 736 879 842 726 885 794 792 849 919 752 769 1222 1064 1214 1604 2283 1188 2561 2056 1623 958 1797 1843 1600 1838 2279 2299 1265 2009 1802 1195 876 1073 963 993 786 910 917 927 981 1119 819 1023 1211 992 1117 1255 1419 1931 2428 2432 3233 3321 3530 3187 3785 4210 4678 4034 5263 5459 4930 5698 6526 6458 5748 7794 9268 10275 8605 11610 12799 13722 13211 16456 17299 15426 18967 20280 20228 19540 21653 20845 19487 17590 17993 18599 16064 17252 16776 15750 13941 15305 14238 14075 12640 12614 12150 11543 12139 12099 11562 11435 11730 11394 12403 12418 12719 12067 11171 10700 9469 8884 8325 8212 7446 7443 6720 6508 6136 5170 5002 3977 3370 2614 2293 1606 1254 901 894 765 552 483 377 239 163 86 79 42 34 20 16 14 15 11 6 8 6 5 3 7 6 11 14 16 8 15 19 15 15 22 22 27 34 26 53 94 703 1798 782 3780 2259 979 
0 0 0 0 0 1 0 0 0 0 0 1 0 0 0 5 3 12 8 8 12 17 24 36 52 66 78 89 157 184 344 313 493 551 759 938 1238 1461 1820 2141 2356 2150 1592 1229 1162 1308 1441 1488 1165 1036 852 704 682 733 826 763 796 762 1012 1453 1364 1398 876 645 392 366 338 276 221 194 170 184 193 218 209 259 250 321 415 425 752 733 658 502 644 536 463 389 392 461 516 577 691 897 688 747 972 940 730 801 949 587 765 889 821 710 876 1066 1138 797 1141 1555 1039 1785 1674 1510 914 1340 1431 1319 989 1374 2049 1409 2014 2419 2057 1203 1254 1154 943 656 819 971 671 894 880 857 811 1004 1235 1476 1658 2298 3016 2868 3716 4008 4063 4043 4777 5527 5769 5518 6559 7084 6853 8674 9831 9700 8952 10158 11848 13080 12560 15243 16961 17155 19665 21950 22362 21644 22819 22021 20343 18799 18992 18811 18093 18194 17699 16203 15531 15291 14712 14076 13004 13319 13527 13219 13795 14009 12931 12165 12951 12976 13134 12085 11850 11292 9853 9571 9385 8618 7935 8041 7055 6741 6077 5827 5403 4471 4034 3373 2481 2074 1790 1416 1126 1025 981 839 653 490 364 282 180 114 78 70 54 45 33 28 31 41 42 79 118 56 76 1086 493 1567 1903 1224 865 571 774 1040 253 109 106 86 58 30 
0 0 0 0 1 0 0 0 0 0 0 1 1 1 0 6 2 6 5 11 15 11 20 26 43 49 65 76 137 161 272 236 351 355 305 355 470 740 1118 1791 1966 1691 1534 1559 1235 905 935 847 731 614 587 668 624 855 933 1206 1213 1075 930 961 1115 1642 1892 1735 1842 1223 1000 647 553 435 301 249 165 182 187 212 210 238 222 323 410 422 750 754 658 514 700 568 479 399 469 509 508 688 785 830 567 804 1038 1045 586 913 886 553 821 927 902 566 995 929 1069 655 1058 1650 910 1834 1894 1568 784 1556 1327 1255 886 1449 2244 1168 2346 2138 1325 796 940 1009 1066 919 962 1203 769 840 851 860 887 917 1210 1413 1474 2264 3144 3175 3901 4244 4553 4594 5244 6324 7024 6606 8665 9959 9596 9424 11434 11915 12250 11780 14546 17461 15612 19892 22246 21264 20994 23043 21324 19755 18245 18331 18584 16096 17590 17559 16313 15629 16179 15559 14584 14661 14346 14419 13696 14375 14821 14029 14018 14303 14524 13814 12679 12079 11749 9939 10131 9843 9160 8139 8266 7130 6418 5812 5414 5496 4389 4289 4076 3234 3036 2720 2072 1611 1375 1199 1069 835 815 651 497 364 244 165 132 91 59 63 44 67 127 92 53 163 390 99 715 2056 719 1606 2415 734 161 681 172 109 67 76 45 36 10 0 


