1
0 0 0 0 0 0 0 0 0 0 0 0 0 0 0 0 0 0 0 0 0 0 0 0 0 0 0 0 0 1 1 0 7 16 46 103 141 195 218 221 200 209 158 155 118 96 95 66 58 49 60 59 66 59 33 33 29 32 27 29 30 27 37 48 33 35 35 28 21 28 26 17 30 34 38 36 13 15 24 20 27 28 24 12 29 38 43 27 28 18 27 22 21 24 15 25 32 42 29 30 24 23 27 17 19 25 25 36 48 40 35 32 28 35 34 69 89 150 213 311 527 1359 2243 3490 4284 6357 12610 28441 45413 36704 23063 19909 22797 25574 15790 14045 10743 9102 8661 7794 6346 4414 5047 2982 2993 1681 455 139 33 26 10 5 0 0 0 0 0 0 0 0 0 0 0 0 0 0 0 0 0 0 0 0 0 0 0 0 0 0 0 0 0 0 0 0 0 0 0 0 0 0 0 0 0 0 0 0 0 0 0 0 0 0 0 0 0 0 0 0 0 0 0 0 0 0 0 0 0 0 0 0 0 0 0 0 0 0 0 0 0 0 0 0 0 0 0 0 0 0 0 0 0 0 0 0 0 0 0 0 0 0 0 0 0 0 0 0 
0 0 0 0 0 0 0 0 0 0 0 0 0 0 0 0 0 0 0 0 0 0 0 0 0 0 0 0 0 0 0 0 0 0 0 2 5 9 28 65 112 134 179 193 190 198 176 152 149 129 108 82 72 72 41 45 63 57 49 57 48 26 26 26 27 31 30 33 24 28 43 38 24 34 27 18 28 25 22 23 29 32 34 22 22 15 22 22 19 20 20 18 12 40 41 34 32 18 24 23 18 16 21 17 15 31 38 43 27 23 17 25 19 14 19 19 25 39 41 43 35 27 32 30 42 74 106 161 218 314 436 615 1063 2002 3082 4210 6576 12920 28956 44172 40312 24701 20716 24982 23074 17900 13079 9567 8120 8563 8205 4716 5263 4120 3009 1868 517 161 56 37 12 7 0 0 0 0 0 0 0 0 0 0 0 0 0 0 0 0 0 0 0 0 0 0 0 0 0 0 0 0 0 0 0 0 0 0 0 0 0 0 0 0 0 0 0 0 0 0 0 0 0 0 0 0 0 0 0 0 0 0 0 0 0 0 0 0 0 0 0 0 0 0 0 0 0 0 0 0 0 0 0 0 0 0 0 0 0 0 0 0 0 0 0 0 0 0 
0 0 0 0 0 0 0 0 0 0 0 0 0 0 0 0 0 0 0 0 0 0 0 0 0 0 0 0 0 0 0 0 0 0 0 2 5 7 27 65 100 128 159 185 169 190 179 169 146 127 125 86 81 75 84 68 63 57 37 32 40 41 43 45 32 39 41 29 38 23 26 33 29 31 38 37 36 24 23 25 16 30 20 19 27 39 46 26 36 25 23 26 23 27 18 35 44 41 30 30 28 15 18 18 24 33 47 58 40 50 67 80 143 211 301 448 602 871 1445 3139 6409 13083 32358 49203 46458 26545 20572 21269 25497 18279 13069 10131 8335 6148 4944 4167 4084 2821 1965 792 287 133 49 31 36 22 13 17 11 8 6 6 3 2 1 0 1 0 0 0 0 0 0 0 0 0 0 0 0 0 0 0 0 0 0 0 0 0 0 0 0 0 0 0 0 0 0 0 0 0 0 0 0 0 0 0 0 0 0 0 0 0 0 0 0 0 0 0 0 0 0 0 0 0 0 0 0 0 0 0 0 0 0 0 0 0 0 0 0 0 0 0 0 0 0 0 0 0 0 0 0 0 0 0 0 0 0 0 0 0 0 0 0 0 0 0 


0 0 0 0 0 0 0 0 0 0 0 0 0 3 4 4 9 9 14 15 17 18 19 17 22 24 24 26 31 36 34 29 33 39 52 45 46 54 69 52 63 100 82 107 109 143 109 109 116 122 125 123 134 163 191 168 183 175 165 198 194 204 211 245 240 283 327 333 390 466 605 700 654 547 568 636 637 685 721 754 858 880 992 970 1094 1288 1461 1796 1865 1835 1900 1932 1866 1689 1678 1611 1513 1476 1436 1427 1442 1509 1611 1640 1771 1780 1964 2158 2397 2457 2675 3115 3470 3848 3912 4156 4054 4524 5253 5541 5424 5561 5723 6080 6657 7566 8423 9475 10019 10173 9527 8846 8514 9122 8983 8844 7716 6545 5429 4832 4540 4143 4030 3970 3828 3946 4116 4298 3832 4019 4158 4671 5174 5472 5412 5291 4951 5030 5130 5321 5777 6201 5877 5724 5284 5233 5031 5211 5459 6251 6881 7254 7243 7622 8603 10195 12124 13781 13674 15016 14138 13526 12985 13820 13587 13302 11654 9936 8025 6574 5600 5306 4876 4646 3372 2720 2008 1483 1306 1459 1369 1293 1124 932 657 529 374 415 375 439 469 430 425 539 582 620 665 664 576 482 390 351 304 265 345 372 258 207 159 132 123 163 114 56 64 55 70 50 42 54 54 46 38 25 12 20 24 6 0 0 0 0 0 0 0 0 
0 0 0 0 0 0 0 2 1 4 5 4 6 13 13 20 16 25 12 18 18 23 20 28 39 30 54 97 68 83 91 91 101 107 137 166 214 219 207 199 189 248 302 444 586 629 643 521 485 540 634 790 695 659 456 327 355 326 288 256 364 486 730 899 1199 1649 2168 2682 2586 2491 2007 2051 2195 2301 2061 1821 1283 746 473 397 353 295 359 398 357 376 349 350 346 368 449 567 628 668 687 777 708 693 742 816 944 1065 967 848 735 728 722 732 765 755 771 732 748 744 851 1004 1183 1199 1168 1154 1041 1036 1064 1107 1315 1515 1372 1401 1439 1480 1772 2314 2610 3173 3579 3760 3547 3674 4218 5079 5852 6828 7248 8211 8068 7787 7271 7379 8627 9471 9303 9591 9062 8012 6493 5596 5334 5829 5854 6076 4769 3602 2959 2829 2970 3345 3490 3660 3518 3724 3434 3639 3885 4258 4725 5149 4764 4683 4761 4902 5412 6303 6469 6650 6257 5865 5519 5313 5432 6459 7230 8545 8849 8620 8592 9039 11194 14404 15573 17218 17194 16688 13980 12239 12281 13206 11853 10710 8252 6814 4933 4009 3789 3431 2679 2033 1658 1227 855 591 591 489 564 587 444 522 677 942 829 788 673 498 375 303 344 397 316 270 168 122 89 130 165 120 70 68 63 67 55 47 65 64 31 17 24 0 
0 12 24 54 46 35 42 39 64 60 83 103 152 192 194 262 295 462 696 989 1154 1037 897 776 600 455 351 345 415 506 795 1127 1551 2113 2651 3102 3286 3272 2800 2326 1502 1063 649 373 246 181 176 166 160 134 149 129 134 124 133 108 100 118 108 79 101 112 117 109 96 118 130 144 140 152 161 155 164 160 195 216 274 288 287 373 399 376 357 370 350 362 356 349 331 386 445 557 637 649 633 643 615 571 587 610 670 737 783 778 686 627 584 647 624 663 625 642 657 634 672 716 800 770 862 876 986 1144 1253 1185 1274 1258 1431 1477 1290 1311 1341 1362 1582 2047 2222 2314 2620 2926 3391 3937 4534 5284 5334 5702 5425 5264 5444 6532 7457 8176 8490 9127 8658 7802 7330 7732 8236 8627 8420 7448 5894 5042 4774 4905 4663 4467 4105 3888 3585 3403 3163 3255 3350 3710 4018 3938 4141 4426 4388 4184 4441 4688 5245 5741 6486 6555 6068 5664 5750 6061 6093 6056 5893 5885 6193 6877 7805 9262 9645 11082 12846 13391 13214 13915 15861 16582 14118 12001 12259 11412 9996 9994 8887 8045 6469 5340 4205 3315 2578 2123 1693 1550 1392 823 573 525 463 502 489 578 676 690 600 778 754 714 555 387 329 284 354 380 307 233 162 139 126 178 108 72 69 78 69 70 109 142 


