1
11475 1104 1272 863 1340 1986 2690 4856 3501 2940 4471 4070 3433 2778 2838 2933 3761 4736 5353 7235 9336 11899 14495 17325 18698 21930 25130 26936 26789 24007 20683 14516 9547 5695 4424 2780 836 274 82 13 11 13 15 11 7 15 14 12 14 18 16 10 12 13 19 16 31 31 34 40 55 64 67 64 93 117 99 84 107 99 139 124 155 159 215 270 428 475 615 818 1038 1274 1478 1859 2492 2764 3014 3309 3463 3586 3353 3367 4043 3844 3758 3403 3661 3404 3113 2828 2632 2837 2531 2359 2138 2156 1937 2062 1878 1959 2035 1818 1698 1641 1830 1654 1509 1265 1275 1131 842 649 507 374 280 240 180 184 146 146 107 97 78 43 32 25 10 9 2 3 3 1 0 0 3 0 1 1 5 0 0 2 0 1 0 1 1 1 3 0 0 0 0 0 0 0 2 0 0 1 0 0 0 0 1 0 1 0 0 0 1 0 2 4 1 3 4 0 1 0 0 1 0 0 0 0 0 1 0 1 2 1 1 0 0 1 0 1 0 1 0 0 1 0 1 0 0 1 0 0 0 0 0 0 0 1 4 3 3 2 0 1 0 0 0 0 0 0 0 0 1 0 0 1 0 0 0 1 1 0 1 1 0 0 4 152 
9404 2474 1026 529 533 699 1024 3023 2303 1273 2823 2910 2321 2470 2735 3111 3814 4831 5837 7073 9090 11441 14592 16790 19342 19332 25434 27512 27943 25957 23793 17032 12434 6725 5003 3443 1531 519 364 142 108 66 67 40 38 39 25 22 25 16 17 10 14 17 10 13 9 14 5 10 15 20 22 25 32 24 38 41 42 69 65 80 83 79 96 85 94 93 92 95 143 128 188 234 373 429 530 668 805 1069 1079 1179 1627 1808 2047 2146 3033 3400 3711 3648 3497 4514 4519 3949 3615 3741 3670 3358 2828 3127 3079 2551 2157 2012 2448 2173 2137 1956 2061 2063 1840 1869 1945 1600 1301 1408 1399 1370 959 662 497 419 312 217 225 153 124 126 88 83 83 72 48 42 31 12 2 2 1 0 0 7 2 1 0 1 0 0 2 0 0 4 1 3 2 1 0 0 1 0 0 1 1 0 0 1 0 0 0 1 0 0 0 0 0 1 3 2 3 3 3 0 0 1 0 0 1 0 0 1 0 1 1 1 0 3 0 0 1 0 0 0 1 1 1 0 0 1 0 0 1 0 0 0 0 0 0 3 2 4 3 1 0 1 0 0 0 0 0 0 0 0 1 0 1 0 0 0 2 0 0 2 0 0 4 152 
7515 2413 1919 930 550 731 989 2919 2255 1196 2710 2796 2113 2110 2348 2600 3198 4149 5059 6307 8185 10760 13456 15586 17985 18121 23592 26372 28164 26362 23851 17314 12711 6463 4712 3274 1649 517 336 132 137 143 157 188 198 236 285 279 310 345 355 358 369 352 368 374 365 362 367 354 383 368 345 379 367 288 292 307 312 290 347 337 317 302 329 326 384 399 272 329 335 376 329 339 328 290 302 231 236 241 311 324 380 419 506 521 707 843 1144 1243 1392 1935 1987 2062 2120 2617 2863 3278 3215 3938 5089 4785 4515 3969 4527 3996 3650 3082 3213 3183 2577 2557 2744 2334 1971 2150 2164 2376 2086 1674 1603 1605 1478 1101 974 874 507 408 297 274 217 186 140 126 97 79 91 68 86 76 74 55 56 35 33 33 18 9 0 1 1 2 0 1 6 0 1 1 2 1 1 0 0 0 0 2 2 5 0 1 0 1 0 0 0 0 0 0 0 2 3 3 2 4 0 1 0 0 0 0 0 0 1 1 1 2 0 3 0 0 0 1 0 0 1 1 2 0 0 1 0 1 0 0 0 0 0 0 1 3 4 4 1 0 1 0 0 0 0 0 0 0 1 0 0 1 0 0 1 1 0 2 0 0 4 152 


25 6 7 4 11 7 6 5 2 7 2 2 2 3 2 6 3 4 9 6 7 10 11 15 30 22 36 40 43 48 32 41 49 43 37 62 61 82 77 89 108 146 201 236 231 215 192 197 211 184 143 123 136 147 139 109 104 107 101 91 99 111 98 121 145 167 201 239 263 367 453 542 613 590 709 824 931 1112 1280 1336 1441 1412 1604 1872 2021 2349 2542 2660 2886 3145 3377 3856 4275 4280 4631 5089 5711 5862 6288 6368 6190 6361 6834 6897 6822 6496 6102 5689 5661 5888 5755 5787 5704 5513 5494 5677 5872 5726 5326 5186 5002 4886 5293 5493 5590 5397 5099 5301 5765 5840 5969 6051 5956 5624 5587 5772 5941 6088 6087 6097 5818 5940 6314 6375 6441 6172 5926 5864 6228 6501 6766 6455 6181 5954 5860 5674 5789 5858 5582 5436 4787 4782 4747 4827 4694 4462 4259 4393 4432 4636 4668 4307 3971 3730 3555 3555 3528 3403 3199 2964 2591 2547 2464 2335 2264 2028 1929 2088 2074 1970 1749 1647 1280 1148 1166 1098 999 924 817 712 621 569 517 437 333 294 257 195 167 126 162 158 130 143 121 106 79 53 66 59 68 68 97 72 100 99 86 92 65 59 71 63 64 60 52 59 84 88 71 59 99 64 76 63 64 71 52 94 48 39 54 48 61 79 101 2079 
34 9 9 8 8 20 24 22 35 25 37 38 37 36 45 49 61 59 53 67 84 86 76 95 127 93 104 109 79 86 105 121 133 114 180 215 200 250 180 198 164 137 132 93 116 120 91 92 106 99 130 114 108 109 114 100 111 119 135 104 139 140 143 150 143 154 141 159 144 148 146 148 149 165 157 160 139 151 181 201 243 214 227 279 325 441 614 666 691 742 929 1127 1221 1292 1440 1540 1893 2230 2389 2266 2496 2808 3237 3629 4180 4230 4279 4423 4659 5264 5734 6179 6105 5968 6148 6610 7382 7749 7174 6336 5559 5570 5905 6106 6231 5673 5178 5162 5708 5671 5797 5747 5543 5016 4876 5225 5814 5784 5736 5314 5398 5772 6112 6446 6368 6207 5765 5760 6276 6889 7034 7000 6514 6116 5990 6386 6882 7296 7187 6784 5710 5595 5761 6213 6006 5572 5028 4899 4971 5233 5186 4716 4386 4220 4210 4525 4751 4813 4605 4154 4036 4011 4218 4451 3917 3580 3492 3379 3717 3668 3540 3418 2855 2871 2988 3049 3025 2800 2230 1962 2082 2067 1861 1632 1447 1257 1243 1298 1160 992 769 717 721 703 645 455 385 226 266 206 137 129 86 94 86 83 68 48 50 63 68 56 49 20 21 24 21 25 15 12 22 17 31 28 12 24 34 37 41 42 41 34 32 22 29 1475 
39 10 8 12 13 18 17 16 20 34 27 29 26 26 32 39 35 54 63 93 121 149 179 180 188 200 219 232 221 242 300 295 291 205 179 174 148 130 96 94 71 98 81 77 68 73 88 84 94 87 97 92 97 94 91 93 85 98 106 110 115 129 121 120 112 132 126 115 113 101 100 131 105 113 118 127 149 121 125 114 137 105 105 151 137 152 177 154 156 187 211 171 176 196 223 195 292 347 387 423 499 505 636 807 1002 1060 1017 1076 1201 1368 1592 1628 1748 1840 1982 2340 2837 3110 3156 3357 3345 3823 4691 5444 5607 5768 5715 5868 6403 6638 7187 7284 7271 6834 6667 7101 7726 7666 7311 6683 6493 6478 6914 7036 6629 5987 5444 5346 5544 6001 5956 5839 5720 5278 5218 5596 5917 6206 6217 6308 5461 5566 5555 6228 6288 5968 5765 5806 6212 6564 6637 6271 6054 5578 5658 5859 5964 5870 5476 5029 4810 4690 4656 4541 3961 3742 3489 3507 3805 3791 3682 3449 3095 3053 3345 3390 3491 3357 2895 2860 3070 3416 3512 3331 3080 2971 2928 3067 3195 2923 2795 2566 2859 2916 3041 2822 2591 2434 2535 2781 2668 2407 2000 1973 1748 1726 1455 1140 991 1051 927 828 608 491 427 394 402 268 190 119 92 84 60 64 54 57 46 40 29 21 16 14 8 17 23 1472 


