0
3882 3857 2568 1566 975 700 566 450 425 355 358 365 392 358 378 378 360 314 314 323 298 290 273 271 248 277 258 252 234 221 211 198 187 178 166 159 156 126 145 161 142 162 150 168 173 172 194 201 205 211 191 189 168 187 186 202 215 194 222 240 223 229 244 228 237 235 191 214 208 208 200 219 207 236 254 209 253 246 271 225 218 225 209 199 185 182 173 148 144 128 138 138 128 102 130 111 109 127 97 111 97 90 88 99 96 101 98 108 99 91 100 96 86 96 84 92 91 95 85 100 82 72 78 96 83 81 63 76 78 70 78 82 88 82 91 94 95 80 87 56 67 67 58 71 78 70 80 68 71 75 70 63 71 62 68 71 79 57 49 72 76 60 66 54 57 69 48 45 41 65 66 60 65 54 63 64 71 54 70 63 73 67 48 52 46 49 70 48 38 45 50 43 36 45 45 32 28 23 28 20 26 23 17 31 18 19 27 26 19 19 21 16 27 23 25 23 23 16 19 26 27 15 23 23 22 21 22 24 26 25 23 32 27 24 31 34 30 32 33 25 23 39 32 33 36 49 48 60 46 61 71 93 123 160 258 550 
0 0 0 0 0 0 0 0 0 0 0 0 0 0 0 0 0 0 1 0 0 1 0 0 0 1 1 1 1 2 3 5 6 2 4 9 15 10 4 18 20 22 23 39 28 42 50 68 90 86 101 93 92 75 60 66 76 69 44 45 52 48 36 44 40 47 44 61 53 64 48 68 90 84 67 104 89 104 108 91 99 73 86 87 71 86 79 49 90 96 96 96 99 97 104 99 117 130 149 147 128 116 105 123 139 132 168 187 171 154 175 189 179 173 171 171 156 148 137 139 148 137 148 125 147 127 124 118 111 110 104 112 136 119 113 108 138 114 135 119 123 106 115 115 116 145 125 125 151 159 147 138 148 142 136 157 140 122 135 144 116 146 101 120 109 105 109 113 120 103 116 120 116 106 101 107 101 94 98 130 147 138 165 151 150 156 150 177 150 165 170 183 176 198 195 200 206 207 207 231 264 270 263 298 325 364 364 364 352 345 362 415 435 470 518 479 480 469 497 474 397 425 401 384 362 356 383 402 437 546 740 1044 1455 1586 1630 1343 936 583 421 326 283 238 227 200 178 197 163 167 162 188 182 190 195 252 388 381 
0 0 0 1 0 0 0 0 1 0 0 0 1 0 2 1 2 2 4 1 1 3 2 1 5 7 5 3 6 11 10 9 12 17 17 24 15 31 24 37 39 48 64 74 46 45 35 56 54 40 34 26 22 23 10 13 8 4 2 9 3 7 2 5 8 12 10 7 6 10 9 11 13 9 12 13 12 16 16 20 20 29 13 19 23 19 19 16 15 16 25 21 13 19 29 23 19 28 29 26 24 43 37 28 38 44 41 44 49 62 50 52 50 59 62 37 62 55 50 54 50 73 75 68 88 81 76 87 87 93 97 107 113 116 114 111 94 118 123 123 147 141 159 154 154 170 154 164 152 153 137 130 123 120 122 116 124 139 124 124 113 104 86 104 93 115 73 85 71 118 116 113 96 124 132 143 132 136 131 141 163 151 170 202 195 211 226 252 267 278 287 313 287 315 340 388 409 451 433 419 421 420 422 424 525 530 599 668 651 562 535 492 493 538 511 496 499 503 547 579 565 619 748 810 953 1064 1350 1597 1766 1610 1232 852 553 420 344 294 208 241 219 194 186 207 170 141 158 154 145 143 154 144 131 151 141 219 288 377 


25 36 25 24 32 27 35 35 56 68 84 119 174 241 348 507 581 731 807 872 990 1000 1019 1023 919 854 796 824 790 798 774 793 731 618 508 453 378 315 291 229 213 202 201 181 179 177 183 177 185 169 168 178 172 214 183 200 171 215 221 218 236 243 263 283 260 288 314 297 275 289 314 300 299 288 320 328 335 308 316 326 308 306 304 277 318 302 294 323 294 279 306 281 283 285 268 249 265 228 240 251 256 295 326 360 401 413 441 546 497 443 463 460 499 514 589 560 586 495 477 485 468 465 549 543 528 599 631 840 967 1224 1641 1994 2424 2985 3444 4043 4686 5264 6223 7410 8954 11263 13462 15399 17456 18957 19936 20576 20718 21003 20641 20604 20599 20782 21061 20981 21455 21949 20776 19204 17880 16406 14975 14129 13414 13016 12755 13109 13595 14067 14403 14194 13215 11994 10835 9816 8816 8499 8057 7591 7164 6742 6118 5814 5273 4904 4648 4560 4466 4404 4492 4599 4606 4575 4363 4397 4208 4006 3846 3759 3701 3619 3511 3788 3593 3664 3719 3716 3758 3826 3819 3539 3319 3180 3099 2872 2882 2845 2884 3205 3862 4317 4668 4825 5047 4705 3778 3428 3311 3233 3301 3166 3237 3042 2978 2649 2495 2027 1650 1308 1032 845 728 571 486 408 401 299 270 257 233 194 195 185 194 219 
16 25 8 32 19 27 24 35 47 58 61 95 142 235 370 447 556 608 573 525 434 298 240 178 139 107 85 58 65 58 47 41 42 46 40 58 44 46 59 52 69 66 87 78 98 105 124 163 185 238 328 480 595 873 1041 1122 1241 1214 1125 1096 1028 934 853 720 512 409 319 287 272 234 208 208 226 204 199 224 214 236 238 250 243 272 258 298 306 281 322 332 319 305 293 291 292 316 278 314 275 272 290 268 283 279 269 269 254 255 231 205 215 208 175 181 163 143 154 148 152 150 148 165 180 225 269 357 367 391 347 328 308 294 267 306 309 332 339 374 414 429 416 410 373 391 481 416 453 403 427 391 465 485 542 690 837 1085 1346 1574 1899 2155 2478 2828 3253 3657 4285 4869 5902 6934 8520 10351 12517 15445 18196 19983 21343 21882 22696 22942 23845 25032 26755 27950 29779 30915 30762 29421 28165 27393 26309 25344 24416 23024 22389 21932 20916 19018 16658 15199 13783 12328 11028 10269 9224 8594 8014 7391 7307 7291 7038 6053 5321 4725 4453 3937 3549 3438 3498 3574 3644 3831 3840 4181 4132 4141 4089 4257 3677 3389 2693 2302 1861 1552 1230 994 959 736 700 556 504 467 380 307 287 284 253 213 209 175 132 137 120 83 92 64 74 65 51 14 
0 1 2 2 6 17 18 24 17 24 44 51 53 72 116 198 333 432 546 539 593 549 467 384 303 183 157 130 114 81 64 63 59 68 57 63 49 47 38 55 49 50 49 43 56 41 43 64 60 59 51 58 52 61 49 35 46 50 44 39 47 38 29 20 24 26 18 13 20 17 14 8 11 13 9 7 9 15 10 12 8 13 9 5 7 13 12 8 7 9 6 7 13 7 10 6 14 10 9 7 13 9 14 11 14 14 28 33 23 19 25 16 31 18 19 33 30 36 25 23 42 29 36 33 34 48 34 36 37 43 45 41 38 54 51 62 53 60 73 81 79 89 85 83 92 81 86 122 104 112 126 170 238 296 389 377 414 348 303 289 280 283 280 269 296 343 387 386 474 516 502 506 595 614 648 691 746 932 1070 1283 1555 2026 2697 3451 4423 5523 6730 8270 10239 12831 16299 20025 23379 25739 27634 29501 30611 32579 35189 37648 39766 40519 40989 40154 39445 39074 37728 35999 32925 29918 26837 24267 22334 21043 20751 19821 17411 12879 9393 7321 5901 4931 3929 3182 2612 2100 1750 1502 1315 1114 959 920 782 715 648 554 462 448 384 335 332 298 272 204 201 227 153 163 141 120 96 89 79 62 54 20 


