0
292 459 582 623 718 863 1180 3623 2367 904 968 877 770 675 589 456 446 447 389 409 380 397 374 324 304 304 312 297 295 316 268 231 223 214 208 207 224 197 281 320 327 335 322 335 335 344 284 216 208 184 195 197 174 153 165 195 221 218 247 173 192 207 181 178 196 230 283 340 391 347 350 353 368 369 262 223 205 193 120 83 89 76 45 47 35 33 26 25 28 33 24 23 28 23 25 29 34 21 34 18 31 25 26 29 26 27 25 32 15 29 20 19 16 22 18 17 22 17 27 32 25 21 22 22 19 18 12 22 25 21 22 18 23 25 26 22 27 23 26 27 35 17 22 27 23 22 30 20 23 28 24 36 23 26 26 21 21 25 26 24 30 37 30 38 33 38 40 31 25 41 32 37 35 36 46 36 40 35 48 30 41 27 28 32 50 38 33 38 33 30 37 62 78 50 49 49 56 38 42 45 50 47 66 47 76 46 47 67 66 69 64 53 55 52 62 41 53 52 72 76 99 125 119 98 143 153 196 155 169 139 151 146 125 95 104 79 95 89 59 46 57 43 37 37 36 38 32 33 25 25 22 14 16 9 2 0 
289 252 319 292 312 351 384 706 696 243 225 222 190 165 176 186 188 172 205 202 216 187 218 203 186 197 200 200 197 193 234 270 280 338 306 343 366 369 348 324 345 371 395 435 428 430 448 542 569 523 530 553 603 526 504 465 464 518 475 416 421 416 482 469 460 428 396 447 418 391 468 395 534 555 493 490 550 556 477 463 413 345 322 264 221 198 172 144 127 92 80 71 64 88 79 68 54 91 68 52 70 76 65 71 54 74 57 52 60 71 47 64 67 73 72 79 73 65 64 70 55 33 44 41 38 31 27 30 37 24 30 30 25 40 32 31 31 27 21 27 22 28 24 26 20 26 31 27 26 34 24 39 27 23 30 30 31 27 29 29 34 35 34 24 37 31 29 38 42 36 28 29 41 42 42 47 33 31 36 35 34 37 35 26 38 31 42 34 41 35 38 38 47 78 68 53 44 55 35 47 59 49 55 67 65 60 58 53 73 66 73 57 48 60 64 60 77 92 143 103 86 95 108 159 204 213 154 174 162 111 106 102 109 92 80 73 97 84 44 36 44 35 29 38 30 20 17 20 14 18 12 18 4 1 0 0 
0 0 0 0 0 0 0 0 0 0 0 0 1 1 0 2 1 4 1 4 4 3 8 6 4 11 9 9 9 4 13 13 17 23 21 16 20 30 32 35 32 37 29 48 51 54 68 90 56 67 73 80 100 106 95 118 127 143 137 128 144 157 158 155 155 150 135 133 143 121 147 135 114 134 122 128 147 144 147 154 129 124 143 136 139 146 170 187 192 229 249 293 282 275 345 339 372 241 232 249 164 146 123 111 79 68 65 56 43 34 34 40 48 47 28 25 14 19 19 25 20 22 23 22 19 22 25 15 16 12 20 19 17 21 25 22 21 13 30 30 20 26 21 19 18 26 23 20 18 24 19 22 17 27 29 13 22 23 20 26 31 25 22 24 22 21 26 28 25 27 30 38 43 40 40 27 40 33 50 46 56 61 47 69 65 67 84 80 72 84 82 75 82 122 154 139 151 128 128 158 169 197 192 199 229 210 220 237 270 269 322 310 284 326 342 351 399 379 382 389 477 467 440 418 435 427 399 418 434 336 367 305 273 296 259 261 234 285 285 261 228 233 314 330 363 429 436 577 679 836 1182 1424 1323 1100 1893 2962 


20 20 26 36 69 75 52 47 44 38 41 35 62 55 53 51 64 76 79 78 120 132 195 218 272 353 388 412 476 454 510 593 593 677 650 618 669 666 723 728 823 908 987 1054 979 1081 1085 1231 1206 1249 1289 1279 1425 1536 1577 1770 1826 1889 2036 2172 2269 2400 2375 2484 2549 2593 2680 2861 2858 2898 3109 3191 3287 3327 3378 3513 3463 3619 3693 3800 3830 3804 3944 3989 4031 4150 4266 4467 4385 4558 4860 5153 5443 5670 6075 6482 6638 7021 7389 7861 8224 8704 9001 9623 9941 10351 11004 11706 12277 12662 13365 13584 14081 14680 15409 15729 16095 16319 16473 16726 16912 17242 17141 17097 17606 17361 17408 17374 16606 16211 15304 14657 13753 13059 12205 11475 10664 9732 9341 8291 7892 7312 6815 6321 5828 5684 5362 4870 4588 4436 4182 3948 3667 3402 3392 3151 3042 2876 2730 2537 2462 2300 2174 2029 1943 1733 1643 1410 1293 1157 1081 962 847 749 718 658 630 548 461 438 381 387 334 374 339 318 291 278 257 297 280 228 241 227 231 209 191 189 172 171 178 179 176 166 172 264 265 234 210 240 243 234 222 201 227 231 271 277 277 289 308 317 355 436 573 666 671 591 664 754 1050 1313 1821 2283 3766 8875 19653 22924 11742 3538 1095 368 230 129 66 38 23 12 9 5 1 1 1 0 0 0 
33 42 48 57 54 56 49 62 44 11 8 6 24 14 15 16 13 20 18 35 22 28 37 31 38 46 38 42 57 38 69 58 66 85 94 114 105 144 142 178 160 172 191 207 228 238 224 268 264 254 306 357 389 381 398 461 496 517 543 573 579 567 633 619 647 682 733 723 774 824 878 855 946 978 1003 1068 1158 1202 1326 1395 1468 1543 1649 1702 1726 1868 1918 1955 2086 2189 2223 2261 2394 2489 2523 2702 2799 2835 2848 3081 3219 3329 3413 3467 3629 3652 3724 3920 3971 4193 4296 4439 4551 4901 5144 5327 5691 5858 6418 6616 7365 7808 8430 9188 10078 10632 11587 12531 13541 14697 15940 17195 17900 18973 19889 20759 21511 21689 22139 22216 21737 21631 20512 19780 19018 17867 16705 15501 14659 13864 13275 12728 11979 11505 11178 10675 10445 9967 9449 9077 8570 8385 7860 7312 6866 6553 6155 5778 5405 4821 4699 4252 3822 3483 3102 2762 2495 2317 1998 1856 1612 1466 1276 1132 1075 1022 921 774 693 651 667 590 512 463 424 407 405 347 304 299 226 256 231 233 219 223 228 246 303 276 285 221 252 247 285 231 266 255 256 295 274 312 361 448 593 547 532 481 542 601 675 854 1045 1410 1817 2381 4243 10918 22971 17797 11979 2655 575 266 201 86 36 24 12 7 5 1 1 0 0 0 
0 0 0 0 0 0 0 0 0 0 0 0 0 0 0 0 0 0 1 0 1 1 2 2 1 2 2 6 6 3 6 5 18 18 13 24 30 39 55 54 58 57 86 87 82 88 96 110 110 120 134 152 158 171 168 171 181 192 177 170 200 207 212 216 218 223 247 215 225 220 241 233 240 256 300 308 315 308 366 399 398 422 460 509 539 577 599 630 681 770 776 844 941 984 1092 1107 1153 1232 1266 1352 1391 1409 1551 1650 1697 1688 1801 1899 2052 2199 2218 2454 2420 2511 2683 2790 2823 2974 3059 3227 3366 3429 3596 3656 3902 3975 4160 4499 4712 4931 5127 5579 5954 6383 6984 7733 8145 9162 9481 10406 11214 11945 12631 13137 13867 14375 14840 14821 15184 15509 15679 15783 16134 15702 15704 15899 15996 15944 16058 16187 16104 16457 16434 16562 16507 16365 16295 16041 15615 15366 15333 15205 14901 14735 14369 14206 13532 12929 12101 11421 10607 9387 8530 7625 7057 6278 5614 4944 4392 3648 3262 2704 2345 1958 1765 1563 1370 1125 971 782 689 585 524 419 433 406 403 447 314 313 306 290 299 276 284 285 283 292 318 354 397 432 466 432 469 457 491 469 518 606 639 720 816 1169 1402 1834 2379 4518 12417 16379 16735 15297 3888 780 353 215 122 66 34 20 14 12 17 15 0 0 


