1
962 200 184 167 162 237 362 534 789 1609 3919 10400 9596 7023 549 138 138 154 149 240 339 187 207 815 1908 2430 1955 544 171 190 210 240 241 274 296 285 330 334 436 491 653 1007 1279 1088 384 140 99 106 92 97 93 101 107 119 121 154 174 363 1137 3376 7860 15551 17998 15155 6667 1298 275 122 69 42 54 49 61 58 82 104 162 231 310 346 619 738 867 1087 1184 1246 1233 1425 1529 1658 1731 2053 2653 2564 2610 2593 3081 2342 1977 2091 1882 1987 1730 1488 1343 1013 799 740 530 384 299 236 202 135 93 77 55 43 28 21 16 17 16 8 10 19 24 23 33 61 95 70 58 79 93 103 96 96 118 105 148 196 252 237 193 163 132 129 119 76 50 62 41 47 31 24 17 14 14 21 13 11 9 1 9 3 4 2 2 1 0 0 0 0 0 0 0 0 0 0 0 0 0 0 0 0 0 0 0 0 0 0 0 0 0 0 0 0 0 0 0 0 0 0 0 0 0 0 0 0 0 0 0 0 0 0 0 0 0 0 0 0 0 0 0 0 0 0 0 0 0 0 0 0 0 0 0 0 0 0 0 0 0 0 0 0 0 0 0 0 0 0 0 0 0 0 
960 197 166 168 139 218 288 428 624 1089 2434 6515 11074 8774 3364 219 125 125 128 163 266 270 130 114 113 127 125 139 207 412 1346 1478 2035 1870 1081 396 301 339 339 418 467 628 942 1257 1139 481 143 91 99 70 64 77 73 88 72 77 86 65 69 57 60 72 75 68 70 82 113 122 212 472 1255 2819 5924 9906 13223 14341 11549 6900 2302 612 161 96 73 52 40 49 48 46 114 143 184 303 493 619 858 1042 1455 1394 1529 1819 2289 2352 2295 2514 2730 2823 2581 2998 2641 2394 2044 1817 2008 1636 1306 1007 924 645 497 496 384 284 188 168 114 68 77 67 46 38 18 16 15 13 10 9 3 6 5 8 6 8 4 16 23 24 29 49 62 72 85 125 158 121 189 233 193 181 203 219 201 167 118 84 74 81 57 53 34 26 29 23 17 27 24 17 13 16 10 13 15 9 9 3 3 3 2 0 0 0 0 0 0 0 0 0 0 0 0 0 0 0 0 0 0 0 0 0 0 0 0 0 0 0 0 0 0 0 0 0 0 0 0 0 0 0 0 0 0 0 0 0 0 0 0 0 0 0 0 0 0 0 0 0 0 0 0 0 0 0 0 0 0 0 0 0 
959 193 169 166 141 206 293 410 603 1042 2358 6278 11111 8756 3642 226 137 127 130 135 245 294 139 96 106 115 112 111 122 147 150 222 241 292 327 557 1275 1514 1644 1975 1500 1149 1040 1265 1199 516 171 87 104 69 75 74 62 71 59 75 82 72 49 50 48 43 51 32 48 43 38 50 46 47 54 41 51 54 76 77 80 100 141 261 560 1250 2693 5100 7003 9646 12135 12056 9824 5801 2278 667 220 80 77 66 74 60 96 106 203 257 317 471 683 1012 1064 1676 1925 2112 2331 2456 2918 2831 2731 2573 2956 2885 2370 2450 2127 1920 1757 1383 1234 1090 788 712 553 343 267 207 180 122 92 90 50 37 16 16 9 11 4 1 5 4 1 5 2 1 6 3 5 3 5 3 0 2 5 7 6 20 24 44 59 73 83 131 121 153 148 149 217 256 240 203 187 160 111 103 97 57 64 62 50 47 38 40 28 35 27 35 8 11 2 4 5 4 4 2 2 1 0 0 0 0 0 0 0 0 0 0 0 0 0 0 0 0 0 0 0 0 0 0 0 0 0 0 0 0 0 0 0 0 0 0 0 0 0 0 0 0 0 0 0 0 0 0 0 0 0 0 0 0 0 0 


24 0 0 0 0 0 0 0 0 0 0 0 0 0 1 0 0 1 0 1 0 0 0 1 1 0 0 1 1 2 1 3 4 8 8 46 60 46 59 87 152 199 329 418 470 553 648 773 838 925 975 795 767 769 722 727 726 716 632 644 698 737 657 661 613 567 536 530 554 526 527 523 549 587 569 547 594 628 631 701 686 635 559 568 616 665 653 699 784 866 937 954 1124 1363 1551 1646 1876 2036 2280 2228 2192 2267 2402 2619 2672 2775 2787 2938 3282 3497 3602 3828 3857 3918 3743 4091 4586 5090 5154 5254 5401 5173 5392 5580 5709 5627 5764 6011 6997 6975 7302 7528 7408 7589 8187 8852 9000 8987 8618 8400 8810 9281 9608 9153 8883 8662 8797 9298 9556 9944 9884 10121 10215 11093 11687 11912 11679 11839 11324 12304 11994 11693 11305 11194 10874 11257 11427 11493 11039 10423 9797 9453 9668 9509 9244 8499 7729 7335 7332 6903 6718 6424 5777 5772 5810 5919 5729 5326 5150 4682 4799 5122 4807 4271 4045 4032 4152 3899 3790 3375 3048 2915 2950 2899 2597 2521 2152 2072 2063 1820 1691 1477 1301 1248 1266 1176 1080 1004 973 942 948 860 790 820 678 671 618 629 608 580 624 682 645 704 680 777 858 811 747 710 602 579 592 510 449 443 426 416 366 316 327 358 321 389 479 3021 
24 0 0 0 0 0 0 0 0 0 0 0 0 0 0 0 0 1 1 0 0 1 0 0 0 0 0 1 0 1 0 0 1 0 0 1 0 1 2 3 1 1 1 5 2 4 4 4 16 9 9 12 30 36 39 68 102 192 302 431 538 768 914 1177 1061 861 772 639 641 599 661 633 623 689 725 711 552 600 627 605 606 546 512 525 537 623 602 590 585 553 532 616 624 584 640 677 680 659 580 638 685 760 799 947 1086 1178 1242 1308 1380 1582 1797 1999 2172 2078 2094 2179 2457 2616 2763 2864 2614 2525 2758 2866 2966 2954 3044 3302 3839 4110 4148 4136 3825 3867 4265 4731 4958 4957 4800 4864 5528 6341 6802 7228 7019 6594 6748 7552 8842 8899 8665 8516 9095 10057 10781 10994 10232 9868 9577 10585 10485 10696 10257 10272 10238 11345 12365 12766 13027 12523 12213 12374 13152 13638 13318 12718 11479 10556 10915 11492 11422 10681 10197 10185 10411 11225 10526 10005 9118 8240 8366 9119 8285 7477 7043 6757 7062 7198 6973 6404 5795 5454 5619 5568 5373 4939 4581 4630 4988 4791 4557 3941 3516 3546 3798 3508 3044 2571 2452 2430 2227 1954 1659 1411 1180 1114 936 798 663 585 525 505 401 308 273 207 173 109 80 54 39 42 37 31 27 35 23 39 32 31 24 10 9 20 33 1628 
24 0 0 0 0 0 0 0 0 0 0 0 0 0 0 0 0 0 0 1 1 0 1 0 0 0 0 0 0 1 0 0 0 1 1 0 0 0 0 0 0 2 0 4 1 0 4 3 6 3 1 3 4 8 8 13 5 3 12 13 8 17 16 9 20 40 51 65 140 268 334 380 514 657 726 874 860 891 852 809 713 687 639 654 679 760 921 784 683 686 699 679 617 583 557 509 532 525 618 604 571 541 561 626 603 579 550 582 569 661 656 726 763 700 731 786 796 889 950 1033 1041 1144 1307 1303 1417 1426 1477 1569 1956 2055 2173 2110 2002 1992 2137 2382 2578 2662 2493 2596 2975 3489 3808 3980 3871 3629 3580 4035 4294 4413 4475 4355 4545 5133 5569 5914 6159 6355 6505 7575 7921 8712 8890 8766 8979 10349 11207 11364 11530 11209 11076 11399 12226 12655 13100 12589 11931 11839 12382 12938 13496 13205 12962 13056 13501 14086 13885 13223 12859 11781 12010 12568 11685 10908 10414 10193 10685 10549 10130 9693 9233 8883 8700 8768 8687 8218 7572 7523 8040 8066 7948 7130 6724 6632 6789 6367 5707 5121 4939 5186 5046 4606 4004 3611 3128 3115 2698 2436 1986 1663 1606 1632 1332 1110 896 853 837 781 644 546 396 397 314 234 170 132 138 108 95 97 104 46 48 49 52 1665 


