1
3011 244 908 3455 2492 1965 1716 2789 14978 4434 4869 8991 3931 1902 1720 1851 1988 2447 2669 2715 2746 2311 1712 1168 593 447 264 137 128 89 85 70 72 57 62 82 121 239 496 966 1435 2094 2054 1549 903 538 263 156 94 45 30 25 23 17 10 14 9 8 6 11 6 7 3 4 6 3 5 8 4 2 3 1 1 0 0 3 3 2 1 3 3 2 0 0 0 1 1 1 1 2 2 1 3 1 3 0 1 0 0 0 1 1 0 0 0 0 0 0 1 1 1 0 1 0 0 0 0 0 0 0 0 0 0 0 0 0 0 0 0 0 0 0 0 1 0 2 1 0 0 0 0 0 4 3 1 0 0 0 1 0 1 0 0 0 0 0 0 0 0 2 1 1 0 0 1 1 0 3 3 0 0 0 0 0 0 0 0 0 0 0 0 0 1 1 0 0 0 0 0 1 1 0 0 0 0 0 0 0 0 0 0 0 0 0 0 0 0 2 0 0 0 0 0 0 0 1 1 5 1 1 1 0 0 0 0 0 0 0 0 0 1 3 0 0 0 0 0 0 0 0 0 0 5 3 0 0 2 0 0 2 0 0 0 2 0 18 
2873 169 121 84 79 70 74 59 817 1473 1017 1269 1245 877 914 850 805 814 670 728 806 941 1262 2008 3750 9522 8822 8008 2641 1118 869 802 864 949 922 908 873 872 841 1004 1256 1804 2379 2737 3268 3352 2866 2348 2129 1581 849 702 547 487 319 209 151 70 59 41 38 30 23 16 7 16 6 7 6 9 6 4 3 3 5 5 7 6 10 4 1 2 4 1 3 3 1 3 5 3 2 3 4 4 2 1 1 4 4 0 3 0 5 7 2 3 0 5 1 3 1 1 0 1 3 2 3 1 2 1 3 1 2 1 0 3 2 1 0 1 1 0 1 1 1 0 2 0 2 0 2 0 3 0 1 0 3 3 5 0 1 0 1 0 0 1 1 0 0 1 0 1 0 2 0 1 1 1 2 2 3 0 2 2 0 0 1 1 0 0 0 0 0 0 1 1 0 1 1 0 0 0 1 0 2 0 1 0 0 0 1 0 0 0 0 0 0 1 0 2 1 0 0 0 0 0 0 1 1 6 1 1 1 1 0 0 0 0 0 0 0 1 3 0 0 0 0 0 0 0 0 0 1 7 0 0 2 1 0 1 1 0 0 2 0 18 
2890 177 121 92 88 76 77 1266 1406 1325 1293 1145 1019 894 934 791 762 887 910 1245 2011 5287 10170 5888 6497 4132 1280 863 862 791 812 883 914 960 887 905 995 1416 2061 2715 3510 3142 2653 1998 2075 1570 1966 1351 931 776 576 447 488 307 196 115 71 47 42 41 20 19 13 11 13 6 4 6 3 3 8 6 1 3 9 8 1 1 1 4 7 4 3 3 2 3 0 2 3 2 0 1 2 6 0 4 2 7 4 3 3 5 1 2 2 2 2 1 2 0 1 1 2 2 3 3 0 1 1 1 4 0 1 0 1 0 1 0 1 2 0 0 2 2 0 0 0 1 0 2 1 2 0 0 0 0 4 3 0 1 1 3 0 0 1 1 1 1 0 1 1 0 2 0 1 1 0 1 1 0 3 1 3 0 0 0 0 0 1 0 0 1 1 0 1 0 1 1 1 0 0 1 0 0 1 0 0 0 0 0 0 0 0 0 1 0 1 0 1 1 0 0 0 0 1 0 2 0 1 6 1 0 1 0 0 0 0 0 0 0 0 2 2 0 0 0 0 0 0 0 0 0 1 7 0 1 2 0 0 1 1 0 0 2 0 18 


0 0 0 0 0 0 0 0 0 0 0 0 0 0 1 4 7 10 28 46 104 241 671 1448 2993 5667 9201 17358 42704 70480 77155 58187 46247 40156 35560 32599 30477 28673 28759 30157 32328 36855 39318 43972 76414 77995 22356 4209 2782 2400 1570 913 682 486 508 403 390 373 321 360 319 330 322 304 304 270 272 264 253 226 182 174 182 176 175 150 118 82 71 64 67 46 68 43 53 54 78 74 72 64 75 55 92 83 35 23 12 10 10 14 12 20 17 24 20 19 17 16 13 19 21 17 15 11 13 18 11 9 8 11 9 5 10 11 9 1 7 4 9 6 3 5 7 3 7 6 4 7 4 1 2 5 4 4 3 11 10 1 6 1 4 3 3 3 4 4 6 5 6 3 3 2 4 1 2 2 7 3 0 6 5 4 1 8 4 3 6 5 3 1 4 10 3 3 5 5 7 5 6 4 11 8 10 30 62 28 3 0 0 0 0 0 0 0 0 0 0 0 0 0 0 0 0 0 0 0 0 0 0 0 0 0 0 0 0 0 0 0 0 0 0 0 0 0 0 0 0 0 0 0 0 0 0 0 0 0 0 0 0 0 0 0 0 0 0 0 
0 0 0 0 0 0 0 0 0 0 0 0 0 0 0 0 0 0 0 0 0 0 0 0 0 0 0 0 0 0 107 4570 7039 7027 7760 8316 8643 8972 9185 9682 9730 10709 11974 12801 14278 15498 17328 18925 17585 15777 14292 12465 9289 7084 6088 5373 4948 4353 3825 3317 3002 2762 2585 2385 2361 2135 2165 2146 2253 2674 3050 4395 7346 12304 21535 30186 42050 48868 46164 34181 24260 26403 32623 30550 23568 16876 15073 13661 12175 11517 11516 11052 10655 10985 11111 10454 11512 11862 13430 13840 10719 7640 4209 1355 233 24 16 18 26 9 18 13 9 13 12 13 15 15 11 15 9 13 13 13 7 12 13 11 4 10 10 9 7 3 11 6 5 1 8 9 6 3 3 7 6 6 4 5 3 5 7 3 4 3 3 3 7 8 8 6 3 3 2 12 2 1 5 7 2 4 5 10 9 2 3 3 8 3 2 5 3 6 1 6 9 4 3 3 4 5 5 8 3 3 7 3 9 5 4 4 13 14 9 33 21 21 19 13 10 13 6 0 0 0 0 0 0 0 0 0 0 0 0 0 0 0 0 0 0 0 0 0 0 0 0 0 0 0 0 0 0 0 0 0 0 0 0 0 0 0 0 0 0 0 0 0 
0 0 0 0 0 0 0 0 0 0 0 0 0 0 0 0 0 0 0 0 0 0 0 0 0 0 0 0 0 0 98 1184 3632 5156 5617 6157 6991 7543 8349 9037 9667 10341 12069 13839 15366 17795 19443 19406 18866 17963 15490 13367 10205 7691 6529 5436 4835 4556 4017 3530 3281 3189 2947 2892 3050 3296 3542 4205 5239 7352 11016 17141 24273 30326 36015 38443 40016 33260 31888 37799 41918 32158 22466 19331 16553 15166 13838 12102 10737 10504 10324 11091 11921 12096 10681 8649 7084 5399 4680 3852 2328 1285 677 266 113 63 51 52 30 34 26 23 18 15 9 10 11 13 16 13 12 10 12 10 13 6 14 11 14 11 9 9 9 11 7 11 7 2 8 6 7 9 4 2 3 9 7 3 8 3 4 6 9 3 4 4 4 4 3 6 7 3 7 6 7 3 7 3 5 4 2 6 4 6 4 8 4 9 5 1 2 3 3 6 5 2 2 9 5 7 5 3 3 7 5 5 5 6 5 6 8 20 16 18 16 12 17 17 8 21 12 8 9 6 0 0 0 0 0 0 0 0 0 0 0 0 0 0 0 0 0 0 0 0 0 0 0 0 0 0 0 0 0 0 0 0 0 0 0 0 0 0 0 0 0 0 


