0
4014 4824 3322 2005 1269 855 733 661 568 496 353 341 255 256 215 190 205 193 188 171 145 142 130 143 147 137 131 129 136 149 113 110 130 124 134 148 179 170 172 181 158 167 169 161 143 167 151 145 136 156 156 160 158 144 129 154 142 150 160 142 149 149 152 176 167 161 146 162 163 168 171 166 169 126 160 134 105 101 108 86 94 96 94 107 67 83 74 72 48 62 63 49 41 38 43 41 37 39 46 33 35 31 37 48 43 37 45 29 38 36 44 33 44 55 38 44 48 44 40 35 39 44 39 55 30 38 40 40 48 45 42 39 37 41 52 49 44 56 54 52 55 44 41 57 65 66 76 68 80 84 83 75 88 90 86 67 87 70 77 72 71 55 77 67 77 60 75 56 45 55 74 38 60 61 51 49 38 51 57 50 66 44 49 54 34 42 42 45 40 41 38 43 45 32 22 31 27 42 24 21 31 20 25 13 20 17 19 20 27 15 24 21 33 23 20 13 24 28 22 26 18 23 28 28 23 29 25 23 33 28 26 25 24 35 30 25 24 30 37 31 33 35 41 44 29 29 41 45 63 58 48 54 73 111 178 415 
0 0 0 0 0 0 0 0 0 0 0 0 0 0 0 1 0 0 0 0 0 0 1 3 1 3 3 5 6 4 11 16 18 18 31 33 37 44 47 64 84 107 112 115 127 106 108 89 81 58 69 54 36 47 35 43 47 34 36 53 47 51 59 71 60 66 69 77 88 80 72 76 76 64 68 62 53 42 45 31 39 35 46 43 48 50 58 44 48 44 59 59 57 52 76 73 72 65 62 73 77 87 67 77 107 97 82 97 80 81 50 61 67 66 52 60 55 54 69 48 56 54 53 48 54 60 50 46 37 52 61 49 62 66 47 67 75 101 61 95 82 107 98 98 115 99 136 100 112 140 123 150 141 165 171 119 114 110 118 102 120 117 150 149 176 162 178 191 186 169 223 206 222 190 199 203 178 171 153 144 135 127 119 143 109 129 134 143 130 125 154 154 178 169 165 170 153 180 147 161 166 156 178 188 222 227 200 214 215 237 243 275 271 346 343 372 368 407 398 428 358 395 394 390 384 422 413 474 475 576 750 1357 1956 2218 1817 1071 610 416 307 261 202 180 167 189 158 152 146 123 123 107 126 120 133 147 149 202 
0 0 0 0 0 0 1 1 0 0 1 0 2 2 1 2 1 2 6 3 5 6 7 6 8 8 9 17 13 21 13 19 22 22 29 44 44 57 77 67 64 69 76 74 46 37 28 17 14 6 11 6 4 4 7 3 6 8 7 10 11 13 16 18 12 21 19 22 27 31 18 25 18 21 23 22 13 25 20 20 25 26 19 23 32 26 20 22 32 28 23 24 31 33 35 37 24 31 32 31 31 20 26 26 30 30 20 24 33 26 32 29 34 28 27 26 27 32 29 39 37 36 42 27 43 36 30 53 45 42 55 58 66 60 66 55 74 59 73 72 79 69 88 68 89 65 47 58 59 70 44 47 54 58 49 68 49 55 67 51 53 77 65 88 78 80 81 76 80 84 97 97 109 108 145 163 149 198 225 271 339 373 382 439 396 322 263 247 147 212 190 211 169 187 199 189 156 189 168 188 174 196 240 206 210 227 285 315 330 369 425 428 438 456 424 477 533 574 638 691 685 661 702 794 987 1376 1745 1974 1913 1480 1005 684 518 413 330 280 259 235 220 208 195 196 179 175 142 150 118 130 125 104 110 99 102 125 139 231 


10 24 20 20 22 19 24 20 24 28 17 17 30 31 23 24 23 31 49 85 129 204 348 525 730 913 1110 1268 1204 1126 1007 929 736 572 465 398 302 306 280 296 245 245 222 254 230 256 221 230 240 240 248 244 245 240 277 253 307 269 307 283 262 264 291 299 312 324 320 339 356 341 377 367 408 406 418 443 420 427 389 351 368 343 314 295 276 247 241 249 249 233 204 235 228 214 218 247 226 247 230 246 239 238 243 239 257 309 237 265 287 294 332 355 409 466 489 540 545 556 510 491 472 443 443 456 497 487 499 516 553 596 625 716 748 838 971 1221 1448 1830 2209 2656 3313 3821 4815 5848 6793 7686 8592 9655 10375 11545 12685 14609 16780 19490 22012 24669 26445 27097 27131 26681 25678 24980 23914 24047 23517 22086 19918 17953 16867 16151 15328 14241 13217 12304 10864 9604 8572 7744 7152 6718 6473 6436 6443 6350 6272 6234 6169 6109 6125 5841 5650 5558 5750 5474 5226 5148 5085 5061 4920 4957 5118 5096 5132 5073 4914 5076 5185 5321 5478 5467 5857 6271 6809 7127 7269 7140 6271 5564 5007 5036 4759 4817 4721 4285 3904 3451 3118 2807 2571 2533 2420 2407 2440 2470 2445 2405 2363 2255 2265 1862 1372 923 546 384 279 216 171 147 124 80 71 64 78 50 49 56 
4 7 16 12 13 11 23 18 30 17 15 9 16 13 13 11 13 12 14 9 13 11 9 10 15 8 14 11 15 16 11 12 14 15 21 19 25 39 25 23 33 51 59 80 104 135 214 254 409 552 759 981 1299 1597 1590 1510 1203 881 641 492 418 361 312 292 299 290 287 289 264 313 278 322 343 339 340 382 359 340 311 341 329 319 332 349 364 321 371 420 377 361 327 315 280 264 262 233 173 140 152 163 150 126 130 131 124 121 133 123 123 146 125 129 127 121 132 147 133 153 152 166 152 159 150 192 168 177 202 182 217 224 220 233 259 266 321 349 385 394 379 353 373 421 416 460 451 445 466 426 441 402 426 469 483 527 641 763 1037 1211 1301 1327 1332 1437 1616 1882 2017 2312 2843 3360 4183 5038 6299 7533 9044 10448 11794 13365 14618 16345 18525 21051 24260 27613 31106 34159 37255 40185 42384 44104 43833 42406 41265 39154 34113 28029 22606 17163 12996 10202 8717 7804 7323 7097 7135 7005 7351 7547 7886 8053 7859 7534 7369 6902 6820 6361 6665 6653 6454 6299 5506 5075 4591 4035 3510 3075 2825 2541 2348 2163 1765 1313 929 617 450 335 284 233 177 201 144 119 113 92 79 55 48 31 36 31 19 27 19 15 11 14 9 9 
0 0 0 0 0 0 0 0 0 0 0 0 0 0 0 0 0 0 0 0 0 1 0 1 1 1 3 1 3 5 5 3 7 6 10 9 6 5 13 11 11 6 9 5 10 7 6 5 4 4 5 9 6 2 5 5 5 8 4 6 7 8 2 5 6 8 4 8 3 5 3 8 4 4 5 6 5 10 3 5 8 15 4 5 14 8 10 11 7 11 16 22 21 20 22 16 18 17 18 20 22 28 23 17 28 21 22 23 13 18 22 19 31 22 23 24 30 27 26 38 28 39 33 34 52 36 39 58 54 56 74 58 76 71 56 91 64 84 79 68 83 96 88 99 95 118 107 128 122 128 143 149 174 188 191 231 209 218 254 250 281 284 326 328 336 349 471 507 642 738 855 895 988 1190 1351 1494 2085 2948 3669 3542 2764 2326 2273 2380 2455 2738 3186 3827 4576 5836 7400 9235 11009 12598 14386 16179 18070 19880 22487 24820 27290 30222 34015 38817 45235 54884 65118 71736 70556 60812 48226 37734 29714 23628 19307 16404 13639 11304 9485 7997 6522 4860 3608 2601 1970 1523 1239 953 780 644 545 469 375 337 295 225 218 205 175 132 115 89 88 80 56 47 36 33 34 19 22 18 16 12 12 8 


