0
0 0 0 0 0 0 0 0 0 0 0 0 0 0 0 0 0 0 0 0 0 0 1 0 0 2 1 1 1 1 1 13 7 13 13 7 11 11 11 12 17 24 25 33 30 32 23 42 45 34 45 60 45 64 62 87 101 114 96 116 115 104 127 160 218 268 358 465 471 447 478 502 350 350 307 282 270 265 242 291 259 303 270 302 279 286 292 299 277 287 308 274 269 327 277 357 317 329 326 354 391 497 628 677 468 326 336 290 270 267 276 291 297 343 320 309 277 309 419 528 503 304 223 228 269 223 234 262 291 265 274 304 316 345 405 486 525 547 556 651 829 889 954 961 1057 1005 1007 1001 1006 929 823 834 729 710 562 527 459 526 451 474 432 439 407 389 396 374 376 416 389 401 402 416 430 472 540 628 668 693 725 745 869 905 971 891 817 855 822 830 984 1165 1416 1554 1529 1663 1752 2075 2410 2786 3202 3748 4015 4028 4246 4584 4778 5960 5870 5461 5839 7113 7760 6712 4357 2638 2003 1246 643 364 309 241 182 139 135 125 99 67 58 51 36 12 8 11 5 5 4 3 0 1 1 0 0 2 0 0 0 0 0 0 0 0 0 0 0 0 0 0 
0 0 0 0 0 0 0 0 0 0 0 0 0 1 1 1 0 1 1 2 5 1 3 1 2 6 18 15 16 9 10 8 13 9 34 19 16 32 43 27 30 23 25 36 38 38 41 40 70 88 43 62 69 83 86 107 296 492 427 348 281 280 270 236 157 120 98 89 77 74 78 81 75 74 57 87 64 63 72 77 91 71 88 95 94 111 103 119 141 197 304 374 364 223 104 76 62 80 57 64 91 140 114 84 87 115 175 244 364 186 85 37 12 24 31 23 29 44 64 73 69 91 87 88 94 111 120 116 129 171 157 165 175 197 201 203 227 227 243 250 266 276 275 279 295 312 350 388 343 376 395 430 449 517 537 577 552 524 530 545 623 590 658 645 633 673 626 755 704 732 720 769 834 961 996 1016 1044 1069 1180 1375 1624 1820 1868 2003 2188 2019 2126 2182 2294 2547 3034 4121 4984 5537 5753 5433 5046 4899 5182 5313 6273 7073 7432 7282 6874 5922 4565 3770 2789 1812 771 456 283 168 94 67 64 39 22 16 29 30 24 21 16 14 3 2 3 0 2 1 2 0 1 0 0 0 0 0 0 0 0 0 0 0 0 0 0 0 0 0 0 0 0 0 
7931 777 53 43 35 29 33 24 46 25 22 20 23 20 25 21 16 22 13 7 10 11 8 6 13 9 9 9 9 7 6 10 6 11 7 6 7 10 10 7 10 11 8 8 9 7 9 7 3 8 8 8 7 5 7 13 7 12 15 8 8 11 6 10 7 4 6 4 10 4 9 6 7 10 12 6 12 7 10 11 9 17 15 12 10 11 9 16 9 13 10 19 13 15 18 12 13 14 15 15 15 24 17 21 21 17 24 23 23 23 20 24 23 37 15 26 34 36 30 45 36 51 47 45 43 33 40 43 36 40 28 33 51 46 43 57 66 69 84 91 87 86 74 86 82 93 121 122 152 138 170 203 197 233 225 271 301 351 433 455 499 593 567 635 729 816 901 961 986 1091 1250 1336 1320 1391 1388 1415 1584 1679 1708 1845 1973 2178 2244 2510 2789 2918 3095 3290 3711 4198 4280 3853 3492 3387 3481 3897 4643 5459 6227 6595 6547 6150 5660 4819 3880 3130 2351 1628 1159 823 715 690 810 1025 2015 2824 2698 1779 939 684 512 324 208 100 59 28 16 9 5 3 1 0 2 1 0 0 0 0 0 0 0 0 0 0 0 0 0 0 0 0 0 0 0 0 0 0 


14 58 77 102 114 112 128 147 148 141 125 150 171 172 205 227 286 273 280 348 386 389 461 480 519 585 561 721 752 864 889 921 872 830 743 732 664 659 622 585 576 603 579 548 524 632 530 615 635 675 717 718 821 833 907 986 956 1020 1062 1109 1125 1173 1162 1282 1280 1273 1252 1289 1274 1264 1275 1282 1232 1304 1244 1371 1328 1383 1409 1370 1499 1715 1712 1687 1827 1960 2040 2155 2399 2744 3064 2974 3010 3403 3471 3705 4060 4539 5293 6485 8471 9985 12771 12964 12533 11812 11578 11015 11700 13153 13753 15545 18542 18838 18595 19041 19394 18287 16636 15758 16899 20352 24917 31136 31340 26968 24578 22852 20341 16394 12356 9080 6318 4441 3219 2727 2423 2198 2199 2133 2186 2290 2260 2163 2001 1963 1888 1844 1751 1780 1840 1861 1799 1912 1873 1796 1624 1536 1488 1334 1378 1302 1316 1234 1256 1253 1225 1193 1222 1262 1278 1332 1410 1381 1331 1331 1303 1342 1365 1320 1302 1357 1383 1507 1570 1709 1885 2027 2033 2179 2020 1867 2019 2038 1996 2008 1952 2073 2192 2264 2297 2252 2156 2117 2212 2440 2493 2743 3581 4186 2964 2220 1664 1327 1232 1039 951 818 712 672 642 578 495 450 415 340 293 257 215 192 176 144 154 131 102 87 93 63 75 60 41 54 50 50 34 35 34 37 23 19 16 13 9 6 3 0 
1 6 7 5 12 22 19 35 36 32 34 35 58 59 78 110 133 155 167 182 209 240 221 249 260 279 321 361 389 336 313 260 268 268 279 304 266 305 300 323 333 345 395 444 445 440 511 592 669 722 797 703 660 706 647 657 637 696 769 742 676 727 682 727 753 798 886 981 1049 1379 1565 1432 1585 1805 1862 1870 2017 2159 2471 2759 2874 3265 3645 3831 3407 3119 3046 3014 3333 4228 5417 6955 8198 9994 10499 10695 11151 11259 11682 11766 12470 13664 16007 20165 22029 21127 19960 19347 21536 24815 27856 32667 38543 37213 30154 22484 17970 14508 11495 8364 5366 3343 2524 2473 2312 2249 2203 1970 1897 1798 1846 1865 1864 1764 1765 1710 1795 1668 1738 1805 1761 1803 1853 1989 1979 2118 2227 2210 2260 2428 2638 2904 2729 2710 2690 2852 2872 2982 2861 2898 3014 3131 3250 3207 3087 3191 3062 2920 2794 2572 2312 2262 2322 2170 2314 2264 2168 2230 2274 2292 2393 2389 2495 2428 2334 2202 2315 2230 2344 2460 2794 3143 3095 3101 3267 3300 3901 4935 3948 3117 2729 2270 1930 1691 1452 1345 1206 1062 960 730 684 596 539 455 425 429 381 338 347 274 222 206 152 124 130 121 102 97 81 70 62 59 47 46 41 28 39 20 23 23 14 19 13 19 11 7 10 7 6 1 3 4 2 1 0 0 
502228 45571 3921 2477 2021 1572 1409 1241 1028 1036 931 826 893 761 734 684 636 601 548 547 538 552 541 535 530 411 428 462 423 423 447 400 421 406 364 394 331 395 387 370 434 422 404 377 375 348 352 332 309 344 286 315 303 325 320 323 310 319 296 279 293 290 270 292 297 293 266 289 277 279 295 282 223 283 271 262 288 270 252 262 256 284 250 272 295 253 293 296 318 316 302 342 303 312 350 320 360 354 362 385 504 489 476 391 373 343 348 383 341 342 358 331 343 336 391 387 376 398 411 383 463 468 473 543 553 547 593 666 595 648 693 690 791 782 811 770 849 788 894 888 875 948 937 956 1058 1155 1189 1266 1390 1459 1484 1624 1693 1682 1818 1807 1819 1874 1962 2116 2300 2418 2600 2735 2834 3071 3301 3522 3645 3677 3755 4005 3920 3885 3914 3969 3979 4114 4216 4053 4242 4426 4410 4647 4710 4889 5013 5129 5281 5148 5136 4905 4604 4477 4335 3917 3749 3338 3047 2685 2355 2271 1949 1874 1692 1508 1527 1431 1279 1196 1149 1139 1131 1080 1094 1060 1052 869 806 718 620 515 484 432 359 248 219 183 121 111 75 63 50 45 43 32 25 17 15 11 10 10 4 9 4 5 5 1 5 1 1 2 0 1 0 0 


