0
1486 1942 1456 936 679 459 362 317 317 279 253 227 226 201 216 199 217 180 148 131 147 121 152 111 111 104 114 101 104 92 104 103 117 98 108 134 116 119 108 96 91 106 101 84 98 86 86 97 83 97 85 85 78 100 90 74 86 77 69 77 85 95 73 69 66 84 70 80 71 90 77 72 89 72 78 70 84 71 87 86 86 81 71 72 89 85 79 87 93 71 100 87 87 108 82 93 87 89 89 87 74 76 74 91 83 71 82 88 103 114 127 140 130 121 111 90 81 95 84 64 69 69 66 78 62 70 91 87 90 66 94 109 105 90 119 110 101 112 107 136 133 102 88 85 78 72 75 74 63 50 67 55 47 46 47 36 44 22 33 34 26 31 40 29 38 28 45 27 29 40 36 31 30 31 38 19 33 35 24 47 29 32 28 36 43 31 36 44 54 52 41 37 41 62 47 50 50 35 49 42 34 33 27 32 43 37 18 40 28 29 40 35 33 33 28 27 49 30 32 16 25 33 28 35 31 32 38 35 40 44 37 30 38 46 36 21 34 26 35 28 38 35 32 29 25 31 33 39 38 48 48 43 77 105 136 293 
0 0 0 0 0 0 0 0 0 0 0 0 0 0 1 0 0 0 0 0 0 1 1 2 1 2 3 4 3 8 3 9 9 8 6 11 14 14 15 16 18 27 19 24 23 26 34 28 20 17 19 21 19 16 24 14 22 22 20 19 18 24 20 28 22 16 14 23 20 25 22 25 16 17 28 36 21 44 55 41 40 58 54 41 46 35 23 28 26 32 38 25 25 27 30 27 27 30 31 32 34 34 31 35 24 40 38 31 30 29 37 29 34 33 37 33 25 34 36 42 43 46 33 41 37 43 33 35 43 52 36 55 65 45 63 52 56 69 56 57 65 56 58 50 67 65 50 56 58 58 57 47 70 70 82 88 119 134 148 150 132 136 132 125 127 121 137 126 146 113 115 145 142 171 164 170 173 154 150 125 87 98 84 98 100 79 88 93 95 92 71 73 88 102 75 91 85 103 103 107 120 111 115 113 137 129 151 166 202 204 177 210 236 263 254 240 214 218 186 189 179 228 247 233 235 237 254 243 237 227 221 249 245 281 302 334 436 602 804 972 1063 1040 898 677 511 330 280 215 191 137 143 133 99 133 219 363 
0 0 0 0 0 0 1 0 0 0 0 1 0 0 0 0 2 1 1 6 3 8 4 3 5 4 11 8 9 7 11 19 12 11 23 18 17 15 21 15 18 15 24 23 17 26 21 17 14 11 15 13 14 16 11 14 17 8 8 5 4 6 13 7 2 6 5 3 2 3 3 2 6 5 3 2 6 4 6 3 2 1 9 9 5 6 9 14 12 11 14 10 13 13 14 18 12 16 9 13 12 9 10 12 9 10 14 11 16 10 10 10 16 22 30 24 38 39 55 51 45 55 33 30 23 25 25 22 18 22 20 18 26 18 30 22 27 21 28 32 24 18 27 13 21 26 34 29 30 31 39 28 23 26 33 33 35 28 39 21 38 35 36 51 41 53 36 50 47 62 52 68 68 58 106 73 70 70 76 72 71 66 71 75 66 91 86 112 126 127 177 174 184 160 131 125 124 142 139 163 187 186 231 264 222 227 245 241 264 294 339 367 417 363 386 314 260 261 263 269 270 291 294 349 368 379 383 438 466 545 683 803 1066 1191 1277 1057 782 630 458 349 306 244 238 233 186 175 129 127 137 134 102 101 116 112 198 237 


5 1 4 18 21 15 17 16 23 30 30 38 43 38 59 52 66 52 64 63 99 116 129 149 233 337 433 612 786 1046 1291 1503 1604 1711 1683 1753 1786 1694 1627 1565 1350 1308 1421 1396 1293 1283 1268 1167 1113 981 957 828 708 612 541 461 438 416 392 368 333 396 382 368 372 396 371 369 421 390 411 426 459 488 522 600 626 673 658 645 615 555 486 498 439 416 411 384 428 371 436 404 438 416 441 416 420 379 364 342 322 312 314 306 249 297 292 293 299 285 300 283 250 271 274 252 294 252 310 324 354 374 393 366 389 432 533 563 596 626 701 739 740 892 909 1088 1238 1433 1769 2326 2921 3990 5165 6530 8160 9791 11409 12473 13189 13933 14452 15457 16085 16939 17865 19431 20101 20676 20711 19694 19617 19676 19257 17897 16565 15941 15687 15303 14774 15862 17201 18431 18402 18525 18030 17573 16829 15674 14685 13865 12832 12148 11354 10880 9636 8641 7842 7140 6636 6358 6213 6064 6006 5885 5677 5442 5420 5292 5185 4872 4816 4795 4485 4392 4454 4367 4433 4353 4178 4310 4242 4196 4135 4260 4147 4099 4187 3998 3759 3376 3218 3028 2898 2861 2771 2810 3153 3914 5378 6225 5223 3362 1738 917 643 511 401 307 268 201 153 139 97 84 70 50 41 47 34 32 36 36 38 48 84 219 
0 0 2 0 1 2 3 0 2 5 5 12 7 10 12 16 21 11 20 19 26 33 20 32 31 26 32 29 24 28 34 36 43 56 51 66 85 99 113 107 155 150 200 247 293 362 368 454 422 417 391 357 344 306 276 365 424 611 890 1357 1756 2347 2636 2669 2547 2222 1991 1641 1531 1403 1289 1235 1274 1100 1089 987 880 784 630 562 539 491 461 465 495 491 459 472 504 490 484 443 478 471 453 483 508 540 633 680 765 770 836 781 777 734 606 543 458 403 357 316 325 292 287 255 296 226 258 258 251 229 243 228 230 186 246 217 232 256 274 281 272 303 346 371 382 347 418 442 457 504 535 564 648 637 714 778 851 906 961 1069 1044 1102 1200 1334 1439 1506 1556 1640 1663 1770 1821 2058 2139 2309 2506 2787 3107 3576 4191 5046 6007 6657 7796 9331 11178 13111 15258 17160 19296 20635 21867 22430 24268 25552 27077 28315 30207 32646 35565 37524 36863 35224 32400 28723 25615 23340 20739 18314 16458 15039 14030 12686 12125 11479 11040 11555 13008 12288 10509 8167 6938 6243 5697 5426 5330 5003 4999 4774 4503 4054 3652 3170 2677 2245 1858 1551 1168 954 752 565 476 349 290 253 190 166 161 103 88 64 72 61 54 45 49 44 37 33 24 17 32 45 54 40 
0 0 0 0 0 0 0 0 0 0 1 1 0 1 0 0 2 0 5 6 5 10 9 9 12 16 14 19 26 22 18 24 10 14 10 10 21 10 17 11 14 12 8 14 16 24 26 36 45 71 81 90 115 117 200 230 277 298 328 333 336 323 277 211 212 129 99 57 48 24 18 17 9 5 3 3 4 5 2 7 8 11 2 4 5 11 15 14 15 19 18 20 21 26 31 42 44 56 53 76 69 101 109 119 133 154 164 190 209 204 250 265 309 327 367 366 409 443 492 502 525 558 588 618 631 662 734 744 747 756 777 770 762 860 831 825 828 859 859 796 827 743 696 727 652 640 557 562 481 434 384 382 303 289 279 253 230 264 210 211 221 181 171 174 180 192 156 181 208 226 220 228 235 257 290 290 299 329 398 409 464 551 607 605 700 732 854 1056 1382 1872 2859 4295 6039 8003 9026 9533 10459 11757 13452 15766 18839 22633 26868 30524 35108 40869 45754 50839 53584 55208 54353 50202 45196 39060 35673 33179 29892 27321 23706 19978 15805 12664 10178 9049 7834 7091 6080 5340 4198 3329 2598 2154 1687 1473 1357 1161 898 741 569 401 312 218 150 121 86 63 59 54 52 48 52 45 33 36 53 38 


