1
0 172 1883 586 369 155 98 59 65 78 56 34 27 53 37 35 41 46 46 39 28 25 29 157 1529 4797 6724 3549 1288 456 250 235 194 212 164 193 196 207 215 367 497 568 656 766 1019 1324 1905 2893 3741 4272 4390 3481 2662 1755 1277 1232 1262 1156 1238 1666 1521 1569 1570 1820 1746 1584 1383 1190 1152 1225 1171 1008 929 786 785 832 880 784 847 791 701 687 734 788 750 778 837 973 1092 1248 1396 1513 1542 1484 1526 1360 1083 942 666 470 305 222 156 99 72 47 31 10 8 10 1 3 3 3 3 0 0 0 0 0 0 0 0 0 0 0 0 0 0 0 0 0 0 0 0 0 0 0 0 0 0 0 0 0 0 0 0 0 0 0 0 0 0 0 0 0 0 0 0 0 0 0 0 0 0 0 0 0 0 0 0 0 0 0 0 0 0 0 0 0 0 0 0 0 0 0 0 0 0 0 0 0 0 0 0 0 0 0 0 0 0 0 0 0 0 0 0 0 0 0 0 0 0 0 0 0 0 0 0 0 0 0 0 0 0 0 0 0 0 0 0 0 0 0 0 0 0 0 0 0 0 0 0 0 0 0 0 0 0 0 0 0 0 0 0 0 
0 0 79 1203 962 393 270 191 123 78 72 50 43 48 46 36 29 28 44 36 33 36 40 43 29 25 23 28 27 29 39 57 261 1235 3462 5542 4618 2087 903 394 276 211 185 172 214 203 145 214 356 486 541 558 811 1244 1963 2762 3333 3457 3052 2377 1600 1069 851 817 827 729 686 685 645 721 782 721 715 819 786 780 648 582 702 794 1082 1210 1565 1915 2307 2701 2592 2671 2568 2311 2154 1808 1506 1217 973 989 821 701 684 536 431 424 372 399 389 395 439 496 496 394 432 452 421 465 474 533 544 444 452 449 522 529 528 470 403 430 414 327 285 225 167 138 118 97 99 55 59 51 39 41 37 25 24 30 14 15 17 10 10 7 6 2 2 1 0 0 0 0 0 0 0 0 0 0 0 0 0 0 0 0 0 0 0 0 0 0 0 0 0 0 0 0 0 0 0 0 0 0 0 0 0 0 0 0 0 0 0 0 0 0 0 0 0 0 0 0 0 0 0 0 0 0 0 0 0 0 0 0 0 0 0 0 0 0 0 0 0 0 0 0 0 0 0 0 0 0 0 0 0 0 0 0 0 0 0 0 0 0 0 0 0 0 0 0 0 0 
0 0 0 35 212 484 645 550 549 350 185 162 106 84 53 46 27 28 29 27 34 38 32 27 33 19 45 29 32 29 20 25 28 30 27 32 38 24 29 27 32 26 24 31 25 32 53 139 470 1476 3035 4095 4197 3030 1511 745 453 299 325 394 539 817 1277 1840 2512 2987 3244 3068 2563 1782 1171 704 568 478 499 386 330 345 434 550 720 1032 1274 1609 1828 2093 2296 2251 2073 1637 1274 1129 993 806 739 837 609 550 624 711 838 934 1102 1227 1019 946 879 816 909 855 800 660 660 582 620 569 514 539 544 526 468 470 423 382 316 288 296 294 263 261 282 320 354 400 406 351 351 318 252 301 354 361 359 433 444 453 398 375 361 394 434 459 455 419 407 406 333 346 262 205 202 172 149 126 76 84 55 52 54 64 52 44 54 55 53 60 35 60 57 47 41 45 39 22 21 13 12 11 12 11 10 11 14 10 8 5 0 0 0 0 0 0 0 0 0 0 0 0 0 0 0 0 0 0 0 0 0 0 0 0 0 0 0 0 0 0 0 0 0 0 0 0 0 0 0 0 0 0 0 0 0 0 0 0 0 0 0 0 0 0 0 0 0 0 0 0 


0 0 0 0 0 0 0 0 0 2621 6911 12133 12030 8070 5843 5372 6044 5293 5444 6693 6380 5139 3783 3166 2635 2388 2170 1960 1812 1704 1691 1622 1593 1482 1487 1443 1440 1421 1351 1416 1540 1684 1855 1919 2008 2037 2101 2191 2199 2402 2117 2122 2002 2123 2334 2423 2617 2797 2991 3030 3098 3418 4565 5858 6498 6777 6486 6480 6963 7100 6801 6053 5628 6722 7598 6757 7259 7811 9867 10451 12160 11017 8190 5843 4461 3294 3525 3571 3455 3432 3643 4101 4882 5615 6323 6634 7044 7169 7380 7484 7580 7551 7513 7561 7767 7795 7482 7267 6792 6643 6700 6356 6420 6224 6142 5966 5886 5739 5567 5503 5774 5616 5382 5556 5761 5312 5256 5374 5496 5866 5898 6709 6854 7154 7675 8061 8463 9233 9682 9745 10001 10152 10374 10692 10630 10691 10695 10222 10403 10426 9662 9145 8491 7496 6729 6146 5743 5623 5222 4436 3794 3323 3113 2744 2530 2194 2025 1654 1345 1261 1059 1023 788 763 819 741 658 558 555 356 185 96 55 27 19 1 0 1 0 0 1 0 0 0 0 0 0 0 0 0 0 0 0 0 0 0 0 0 0 0 0 0 0 0 0 0 0 0 0 0 0 0 0 0 0 0 0 0 0 0 0 0 0 0 0 0 0 0 0 0 0 0 0 0 0 0 0 0 0 0 0 0 0 0 0 0 
0 0 0 0 0 0 0 0 0 2671 2846 10589 10068 7510 6117 5399 6364 5992 5587 5052 4251 4043 4278 3642 3283 3010 2959 2564 2428 2155 1962 1834 1768 1658 1766 1739 1658 1687 1631 1696 1699 1779 2093 1789 1933 2047 2199 2452 2454 2340 2165 2216 2284 2162 2289 2462 2631 2582 2850 2955 3037 4104 5670 6498 6584 6109 6130 5440 5329 4694 4149 4009 3687 3833 4457 5300 6194 8198 8715 7086 8297 11711 11429 5560 2336 1472 1461 1382 1290 1172 1265 1250 1265 1314 1390 1439 1495 1451 1565 1720 1688 1837 2086 2088 2038 2127 2138 2071 1963 1942 1805 1779 1686 1578 1496 1515 1538 1545 1744 1738 1632 1810 2038 1875 1851 1945 1952 2015 2120 2391 2483 2723 2945 2941 2919 2966 3061 3128 3253 3330 3376 3625 3475 3519 3547 3606 3608 3547 3632 3725 3775 3892 4190 4358 4335 4221 4276 4393 4454 4622 4952 5000 4874 5255 5415 5565 5919 6216 6669 7031 7427 7804 8278 8678 8465 8666 8924 9092 9205 9993 10455 11077 11538 11626 10809 10339 9930 10106 9809 9965 10065 9971 9218 8211 8279 8455 7787 7342 6545 6049 5324 4705 4572 4441 4069 3819 3293 2815 2620 2398 2230 2027 1906 1611 1497 1286 1243 1108 948 903 864 794 677 679 691 683 543 475 455 370 368 331 342 302 274 245 222 219 199 208 220 215 207 212 186 184 147 158 134 90 104 102 94 100 172 314 
0 0 0 0 0 0 0 0 0 3167 3652 10181 7339 6115 6456 5913 5992 6206 5693 5161 4289 3698 3367 3019 2565 2266 2003 2070 1973 1809 1735 1692 1679 1606 1382 1502 1334 1406 1503 1365 1590 1606 1722 1632 1647 1759 1890 2019 2024 2014 1979 2263 2196 1923 1815 1953 2031 2997 4950 5579 5527 5083 5028 5454 5013 4868 4000 3201 2783 2444 2426 2576 2423 2394 2375 2740 3333 3886 4941 5558 6357 5902 6286 9455 14731 13833 5495 2372 1586 1510 1566 1501 1159 1069 1009 1037 927 932 858 798 745 748 784 763 788 810 730 762 775 766 778 710 690 720 645 661 693 719 709 795 835 970 1121 1152 1100 1109 1156 1172 1281 1324 1397 1314 1449 1406 1477 1546 1407 1348 1295 1331 1303 1372 1401 1444 1423 1493 1492 1433 1378 1479 1531 1600 1481 1649 1667 1648 1678 1600 1540 1705 1857 1827 1877 1863 1854 1853 1747 1920 2104 2016 1949 1892 1856 2014 1979 2057 2172 2503 2550 2609 2855 3170 3351 3445 3479 3547 3796 4000 4297 4235 4438 4583 4813 4860 4841 4812 4767 4830 5031 5237 5479 5627 5643 5497 5682 5583 5728 5498 5601 5544 5357 5075 4827 4946 4843 4943 4675 4705 4548 4469 4375 4428 4483 4438 4504 4443 4430 4273 4301 4283 4369 4403 4394 4354 4196 4082 4087 4033 3926 3846 3842 3723 3689 3608 3451 3668 3680 3607 3868 4032 4171 4389 4929 5862 8760 133886 


