1
2692 165 88 231 308 232 209 146 149 133 152 136 146 167 142 155 149 179 298 649 1858 224 165 246 306 316 249 212 254 244 273 395 471 490 647 826 1219 1661 1910 2130 2238 3027 2679 2361 2269 1616 1321 1760 1647 1438 1233 1181 1452 1781 1818 2248 2287 2202 2410 2361 2039 1833 1954 1868 1747 1681 1987 1904 1898 1720 1235 1108 1388 1159 537 470 331 313 283 326 471 507 479 410 181 117 59 32 14 6 1 0 0 0 0 0 0 0 0 0 0 0 0 0 0 0 0 0 0 0 0 0 0 0 0 0 0 0 0 0 0 0 0 0 0 0 0 0 0 0 0 0 0 0 0 0 0 0 0 0 0 0 0 0 0 0 0 0 0 0 0 0 0 0 0 0 0 0 0 0 0 0 0 0 0 0 0 0 0 0 0 0 0 0 0 0 0 0 0 0 0 0 0 0 0 0 0 0 0 0 0 0 0 0 0 0 0 0 0 0 0 0 0 0 0 0 0 0 0 0 0 0 0 0 0 0 0 0 0 0 0 0 0 0 0 0 0 0 0 0 0 0 0 0 0 0 0 0 0 0 0 0 0 0 0 0 0 0 0 0 0 0 0 0 0 0 
2809 137 231 344 227 243 159 188 144 133 153 204 233 523 2348 250 164 151 145 124 319 338 275 268 279 439 692 737 824 881 988 1326 1627 2103 1925 2032 2033 1770 1333 1362 766 712 529 454 397 458 443 524 498 476 806 1456 1467 1556 1497 1184 1588 1404 1349 1660 1870 2484 2685 2281 2435 1984 1076 1007 864 1094 1345 1176 1181 1009 1032 908 891 971 1077 958 927 834 737 725 836 813 727 715 574 556 472 430 359 291 242 221 217 157 99 38 15 3 4 2 2 0 0 0 0 0 0 0 0 0 0 0 0 0 0 0 0 0 0 0 0 0 0 0 0 0 0 0 0 0 0 0 0 0 0 0 0 0 0 0 0 0 0 0 0 0 0 0 0 0 0 0 0 0 0 0 0 0 0 0 0 0 0 0 0 0 0 0 0 0 0 0 0 0 0 0 0 0 0 0 0 0 0 0 0 0 0 0 0 0 0 0 0 0 0 0 0 0 0 0 0 0 0 0 0 0 0 0 0 0 0 0 0 0 0 0 0 0 0 0 0 0 0 0 0 0 0 0 0 0 0 0 0 0 0 0 0 0 0 0 0 0 0 0 0 0 0 0 0 0 0 0 
3726 1039 3389 646 3651 3342 3497 7271 10040 7503 6096 4218 3162 1055 861 1642 482 100 83 95 73 72 84 64 62 69 56 54 51 42 36 36 36 33 48 38 44 25 34 40 46 39 26 25 18 22 19 25 25 18 28 33 28 22 23 22 27 29 31 26 20 20 16 20 24 22 25 21 28 19 18 25 22 29 28 30 34 50 55 55 61 125 146 95 80 73 106 166 183 125 122 129 185 211 228 182 187 284 349 355 302 387 451 464 386 403 420 419 463 454 473 489 497 617 539 461 452 462 594 591 576 565 618 685 626 542 434 404 384 410 492 543 690 566 451 360 363 337 309 354 299 254 220 169 224 213 118 53 24 11 9 2 0 0 0 0 0 0 0 0 0 0 0 0 0 0 0 0 0 0 0 0 0 0 0 0 0 0 0 0 0 0 0 0 0 0 0 0 0 0 0 0 0 0 0 0 0 0 0 0 0 0 0 0 0 0 0 0 0 0 0 0 0 0 0 0 0 0 0 0 0 0 0 0 0 0 0 0 0 0 0 0 0 0 0 0 0 0 0 0 0 0 0 0 0 0 0 0 0 0 0 0 0 0 0 0 


0 0 14 368 3323 5529 7927 9099 9407 11299 11874 9620 8025 7359 8501 9521 10821 12000 13460 13720 12558 11266 10476 9000 7629 6778 5788 5066 4381 4026 4268 4327 4092 4088 4625 5278 5814 6011 5898 5495 5139 4702 4221 3860 3760 3492 3068 2609 2355 2339 2303 2372 2480 3112 4816 7453 10490 12826 14345 15424 16281 18512 18955 19329 19615 19395 19051 18544 18864 19176 18842 18705 17818 16863 16399 16127 16909 17524 18004 17678 16724 15565 15027 16013 16418 16824 15161 13152 10630 8033 5639 3972 2959 1746 907 417 175 63 21 10 5 2 1 5 1 3 0 1 2 1 1 1 1 0 2 2 0 1 2 1 1 0 1 3 0 0 1 0 0 1 2 0 0 0 1 0 1 1 0 0 0 0 0 1 1 0 0 0 0 0 0 0 0 0 0 0 0 0 0 1 0 0 0 0 0 0 0 0 0 0 0 0 0 0 0 0 0 0 0 0 0 0 0 0 0 0 0 0 0 0 0 0 0 0 0 0 0 0 0 0 0 0 0 0 0 0 0 0 0 0 0 0 0 0 0 0 0 0 0 0 0 0 0 0 0 0 0 0 0 0 0 0 0 0 0 0 0 0 0 0 0 0 0 0 0 0 0 0 0 0 0 0 0 0 0 0 
0 0 0 0 10 166 640 1705 2245 3229 4501 5023 4876 5167 4973 4109 3716 3429 3333 3059 2477 2175 2138 2311 2378 2341 2447 2734 2761 3286 3632 3697 3569 3657 3462 3286 3323 3516 3727 4017 4382 4685 4630 5475 5706 5448 5553 5372 4962 4618 4335 3832 3505 3333 3067 2949 2753 2758 2558 2540 2714 2579 2567 2681 2633 2801 2996 3247 3426 3359 3595 4096 4309 4802 4864 5463 6091 7002 9106 11554 15346 18959 20803 22953 24840 26249 28291 28294 27613 28492 26744 24175 20164 15763 13327 12161 12025 11764 11544 11612 10701 10143 9314 8690 8422 8038 7696 7000 6460 5909 5812 5532 5511 5331 5534 5810 5848 5775 5851 6106 5957 5919 5799 5728 5493 5274 5043 4617 4563 4140 3884 3690 3280 3070 2683 2574 2422 2228 1928 1742 1432 1177 1046 877 808 656 541 415 314 196 138 97 52 55 20 13 7 5 6 4 5 4 4 3 0 3 3 2 0 1 2 1 1 2 0 0 1 1 1 1 0 0 0 0 0 0 0 0 0 0 0 0 0 0 0 0 0 0 0 0 0 0 0 0 0 0 0 0 0 0 0 0 0 0 0 0 0 0 0 0 0 0 0 0 0 0 0 0 0 0 0 0 0 0 0 0 0 0 0 0 0 0 0 0 0 0 0 0 0 0 0 0 0 0 0 0 
0 0 0 0 11 26 77 203 1027 1988 1940 3003 3681 3466 3150 3180 3262 3704 4054 4523 4211 4224 4619 3812 3580 3036 2873 2589 2608 2663 2489 2475 2335 2374 2566 2726 3248 3422 3905 4359 4583 4717 5053 4828 4403 4050 3719 3737 3555 3349 2856 2832 2834 2854 2942 3041 3163 3243 3339 3475 3568 3719 3846 3849 3825 3992 4089 4163 4156 4259 4302 4319 4104 4235 4069 4023 4165 3988 4051 4240 4477 4491 4359 4376 4172 3920 3807 3521 3505 4168 6661 9562 13072 14837 16435 16651 16461 16376 15775 14871 14107 13023 12865 12442 12109 11573 11091 10553 9880 9381 9357 8491 7646 6915 6382 6044 5528 5030 4615 4604 4625 4761 4489 4504 4596 4284 3997 3812 3590 3453 3247 3086 3077 2932 2649 2466 2336 2318 2214 2160 1985 1931 1971 2059 1997 1993 2057 2097 2074 2211 2201 2363 2501 2716 2961 3004 3084 3253 3587 3887 4238 4714 5177 5232 5682 6035 6094 6062 5618 5224 4834 4752 4866 4816 5428 6279 7019 7831 7897 8276 8614 8292 7300 6130 5233 4745 4118 3091 2561 2003 1599 1336 1188 925 696 565 355 228 153 103 40 19 10 3 1 0 0 1 1 0 0 0 1 0 1 0 0 0 0 0 0 0 0 0 0 0 0 0 0 0 0 0 0 0 0 0 0 0 0 0 0 0 0 0 0 0 0 0 0 0 0 0 0 0 0 0 


