0
1095 1321 986 612 363 265 235 185 133 140 138 114 144 157 145 131 139 156 133 123 130 141 157 122 128 159 137 128 135 130 134 152 148 158 155 210 176 206 154 151 150 117 132 92 110 115 123 104 106 86 99 83 71 85 85 86 86 66 66 89 67 73 68 81 81 72 59 70 76 79 83 66 72 71 67 78 59 69 73 71 75 63 66 77 87 86 67 102 87 115 95 80 93 94 94 88 97 77 79 80 77 91 81 99 94 118 117 147 165 159 156 130 105 87 90 86 90 78 89 106 81 76 77 77 81 91 91 83 95 105 92 116 107 110 112 126 128 120 121 98 79 62 88 91 62 56 58 44 44 53 51 30 38 29 45 60 43 33 31 35 34 36 33 48 34 40 34 28 29 36 31 42 36 30 21 30 15 23 27 28 35 32 29 42 19 37 47 31 41 33 26 29 41 29 36 41 33 35 31 29 25 26 20 16 16 28 14 18 27 20 25 20 16 17 14 15 12 23 23 20 24 18 19 19 19 16 15 13 23 22 18 29 24 22 17 18 27 23 24 27 24 28 29 33 33 26 31 33 46 43 49 58 90 148 205 319 
0 0 0 1 0 0 0 0 0 0 0 0 0 2 2 3 1 2 3 4 5 7 5 2 9 10 6 7 10 6 16 16 9 16 13 17 9 23 28 28 31 18 24 32 28 15 38 39 25 32 30 24 25 24 23 16 25 25 19 12 20 28 17 31 20 29 28 29 43 42 44 93 105 120 98 89 74 44 37 46 45 28 39 42 33 19 26 19 15 16 25 18 25 33 22 17 16 25 24 22 19 16 22 24 29 21 19 24 29 23 20 29 23 23 18 26 32 40 28 33 47 39 34 41 38 39 43 49 41 56 52 75 81 67 67 72 55 80 66 72 74 80 68 70 65 79 80 88 104 135 149 163 142 186 155 149 148 137 122 128 132 128 104 118 135 130 114 141 138 128 161 160 188 190 139 115 93 80 94 99 90 83 74 54 58 69 51 50 44 51 51 50 51 34 43 55 58 53 43 57 44 50 52 53 64 72 74 105 108 91 147 162 141 132 141 135 154 165 133 167 148 164 140 143 164 167 154 196 194 183 173 162 167 183 227 298 401 659 822 898 832 600 475 330 300 274 224 194 169 186 189 200 202 255 451 651 
0 1 0 0 0 1 0 1 0 0 1 0 0 2 2 2 2 2 4 1 4 5 4 7 9 7 14 7 5 13 11 8 9 10 16 18 12 20 17 12 22 20 21 24 23 19 24 20 17 25 27 19 24 20 26 9 19 8 10 10 8 9 11 11 2 5 11 4 8 6 2 2 1 4 5 7 6 7 7 6 8 7 2 6 5 6 1 3 1 4 7 2 0 8 9 8 3 5 8 9 7 17 11 26 25 36 54 66 80 76 84 57 54 27 23 22 24 31 20 25 22 25 26 14 19 27 21 17 18 16 23 16 21 21 22 28 19 22 17 21 22 18 24 25 17 26 27 21 20 23 30 42 28 29 31 27 24 40 46 47 49 43 42 38 44 49 60 53 71 78 71 85 82 97 85 78 89 89 101 80 99 97 117 166 174 152 160 193 166 160 165 156 139 136 145 143 167 138 180 233 239 257 221 194 166 167 155 154 155 148 145 201 226 202 251 243 300 270 272 259 209 233 246 244 261 257 263 322 301 385 499 718 890 933 873 688 535 354 313 257 225 196 183 157 164 155 126 164 135 146 160 184 187 261 373 439 


1 3 5 14 14 35 45 78 94 104 139 138 160 142 184 223 224 313 343 437 487 599 714 840 925 1191 1405 1699 1975 2255 2618 2863 2911 2897 2773 2515 2475 2325 2125 2026 1900 1639 1561 1411 1252 1197 1050 1033 899 896 850 826 788 799 827 854 865 993 1084 1091 1137 1185 1187 1130 1069 1009 1070 1050 1041 1152 1223 1319 1485 1565 1754 1825 1764 1731 1627 1503 1415 1299 1201 1077 1025 891 852 864 803 801 790 823 750 778 764 791 850 853 888 909 922 897 822 779 787 748 709 743 798 736 744 785 801 819 844 837 809 868 714 754 702 657 716 650 722 698 701 765 727 831 898 968 1165 1461 1676 1955 2237 2385 2555 2813 3248 3923 4864 6183 7502 8887 10935 12282 14596 16386 17671 18514 19113 19383 19938 21113 20667 21186 20973 21017 21087 20881 20138 19080 17887 17803 17143 16098 15178 14801 14304 13758 13066 11880 11200 10373 9650 9061 8775 8650 8434 8002 7633 7104 6789 6403 6065 6068 5931 5650 5547 5249 5161 4940 4912 4892 4767 4600 4492 4700 4590 4495 4533 4533 4535 4696 4625 4398 4356 4206 4051 3848 3848 3839 4034 4485 4936 5496 5860 5646 5191 4751 4304 3699 3009 2675 2488 2207 2014 1686 1389 1141 915 752 579 507 423 324 254 228 174 121 118 115 80 76 60 54 73 80 63 70 88 136 247 473 
9 24 16 45 49 69 86 163 175 186 267 269 330 380 345 450 467 473 585 554 584 639 588 615 601 502 530 542 595 697 905 1133 1421 1655 1772 1759 1679 1583 1474 1477 1428 1454 1545 1757 1883 1983 2033 2023 1979 2026 2013 2064 2244 2400 2573 2826 3120 3201 3170 2797 2561 2125 1701 1442 1191 1113 1018 1037 1018 1013 957 899 896 718 599 580 476 407 398 415 343 376 393 454 422 488 577 634 742 740 828 914 906 991 984 1017 1019 1073 1038 988 1003 886 959 950 889 900 834 792 683 654 626 553 519 510 502 496 507 473 439 447 397 410 397 455 461 364 394 465 446 484 463 511 511 563 544 598 575 554 526 558 575 611 645 614 645 664 702 673 682 721 781 836 950 992 1130 1220 1432 1570 1757 2029 2262 2330 2656 2934 3252 3810 4310 4869 5491 6059 6319 6765 7324 8401 9800 11351 13182 14959 17195 19651 21521 23867 25308 26750 27284 28555 29224 29368 29723 29546 30358 30142 29968 28681 26598 23833 21122 18483 16106 14036 11895 10210 8997 8454 8192 8033 8282 8295 7974 7748 7300 6822 6276 5702 5343 4922 4533 4374 4197 3760 3509 3210 2865 2414 1970 1681 1340 1106 902 640 602 434 389 314 274 212 175 154 134 120 96 95 70 70 95 82 81 72 81 106 57 72 65 86 100 79 
29 36 42 76 84 109 143 210 265 268 344 382 461 482 510 608 655 801 887 972 1126 1197 1447 1652 1780 1851 1705 1519 1273 990 868 668 591 523 506 514 500 500 509 515 505 568 561 670 727 837 936 1029 1230 1309 1412 1545 1572 1584 1492 1449 1395 1309 1252 1224 1198 1153 1057 946 852 801 674 637 590 567 635 677 673 751 800 809 886 896 941 874 778 777 717 684 624 516 458 367 338 309 268 292 293 317 325 313 288 285 280 303 277 260 273 260 247 230 221 213 203 192 216 187 212 211 246 245 289 284 297 329 354 371 427 509 532 534 576 593 672 625 682 742 774 766 804 742 758 795 820 761 782 781 792 757 725 767 706 729 694 624 624 610 574 561 526 525 554 520 538 482 509 488 501 533 521 506 536 564 615 701 732 848 851 876 1035 1112 1315 1694 2080 2123 2155 2388 2744 2962 3050 2725 2660 2798 2849 3325 4058 4946 6210 7321 8296 9089 9869 11141 12941 15383 18269 21110 24304 28045 33864 41308 48440 53501 53670 50707 46182 41663 38610 34789 31866 28412 23637 18978 15309 12824 10770 9010 7897 6502 5627 4619 3814 3364 2876 2563 2145 1844 1609 1281 1014 757 589 440 355 344 292 226 200 230 205 191 155 171 138 146 122 136 126 170 200 265 


