1
12353 2247 195 110 96 71 64 59 81 96 119 143 215 321 448 1253 2301 2136 1662 781 136 114 140 133 123 111 121 172 389 555 324 165 177 157 140 149 153 137 153 167 193 231 222 333 326 287 360 352 267 190 145 148 143 192 299 1040 3433 8675 17062 18892 12714 4366 618 79 48 32 53 75 84 144 228 412 568 842 1025 1189 1423 1663 1840 1765 1961 1740 1874 1778 1510 1101 940 1067 1000 1072 871 646 634 476 492 393 348 227 162 148 121 115 127 104 74 57 43 42 45 28 30 38 41 37 48 51 54 41 45 49 38 26 24 17 9 7 8 10 4 5 1 4 1 6 1 0 0 2 2 3 6 3 5 4 6 17 22 27 42 36 49 63 78 141 182 189 227 211 152 160 130 115 134 120 109 124 101 87 72 74 98 82 63 46 27 29 31 24 21 37 34 38 30 7 0 0 0 0 0 0 0 0 0 0 0 0 0 0 0 0 0 0 0 0 0 0 0 0 0 0 0 0 0 0 0 0 0 0 0 0 0 0 0 0 0 0 0 0 0 0 0 0 0 0 0 0 0 0 0 0 0 0 0 0 0 0 0 0 0 0 0 0 0 0 0 0 
12347 2249 188 111 94 75 55 61 65 65 96 99 119 148 203 262 442 1016 1944 1762 1495 1292 533 172 120 103 100 125 104 117 136 126 137 135 159 250 409 461 262 183 179 194 210 241 282 328 282 306 334 264 167 91 83 91 90 84 88 112 111 109 96 104 112 149 184 365 995 2626 5602 10675 14361 14449 10798 5429 1509 274 79 106 105 138 146 173 299 379 549 667 804 1123 1350 1817 1914 1780 1611 1502 1780 1835 1862 1278 1121 1142 964 749 566 504 430 477 522 506 317 293 338 169 134 133 69 54 51 47 54 77 58 46 47 52 37 41 41 27 32 32 32 21 27 23 38 51 61 57 69 74 37 26 22 16 10 9 12 6 6 3 11 12 15 20 25 36 38 50 74 81 78 112 150 172 209 202 173 146 119 140 144 157 171 187 139 96 92 64 41 36 35 24 17 16 24 19 13 18 26 25 21 16 8 3 0 0 0 0 0 0 0 0 0 0 0 0 0 0 0 0 0 0 0 0 0 0 0 0 0 0 0 0 0 0 0 0 0 0 0 0 0 0 0 0 0 0 0 0 0 0 0 0 0 0 0 0 0 0 0 0 0 0 0 0 0 0 
12346 2248 189 108 93 77 55 60 65 61 90 93 101 141 181 222 387 864 1812 1514 632 167 154 226 447 1186 1025 456 165 119 114 100 138 130 146 136 135 127 109 128 163 216 298 516 550 471 313 304 348 261 181 121 96 90 70 68 76 68 72 61 58 65 77 80 72 69 81 83 96 95 94 104 103 168 200 375 837 2062 4245 7104 10741 12661 12434 9633 5021 1795 382 136 100 145 190 320 324 372 486 655 1124 1177 1368 1831 2105 2225 1841 1665 1577 1699 1620 1415 1063 868 865 624 515 383 382 394 431 343 275 202 132 128 88 55 47 48 38 52 66 66 49 77 47 59 51 65 60 53 40 38 26 20 21 25 31 42 39 35 45 40 37 39 49 56 42 42 23 34 37 41 44 44 61 107 132 144 126 125 134 179 202 229 239 241 212 153 104 84 73 80 65 38 42 35 28 22 24 13 35 23 19 23 14 18 14 11 10 1 0 0 0 0 0 0 0 0 0 0 0 0 0 0 0 0 0 0 0 0 0 0 0 0 0 0 0 0 0 0 0 0 0 0 0 0 0 0 0 0 0 0 0 0 0 0 0 0 0 0 0 0 0 0 0 0 0 0 


24 0 1 0 2 2 3 5 6 9 21 26 24 38 52 78 77 93 86 129 146 190 268 255 279 309 375 416 339 344 290 239 222 212 218 220 258 336 402 411 393 360 361 304 289 256 269 360 429 522 484 414 346 293 242 196 177 176 159 159 193 171 178 174 172 211 219 216 269 330 364 382 464 481 553 712 865 1050 1301 1574 1907 2112 2492 2868 3391 3911 4479 4836 5118 5690 6048 6643 7704 8124 9539 10167 11214 10901 11161 11551 12278 12401 12674 12893 12430 11649 11107 10867 11331 11872 12262 12492 13159 13083 12649 12257 12156 12800 13677 14246 14761 14375 13935 13296 12330 12438 12220 12122 12376 11060 9819 8751 7972 7460 7326 7359 7619 7595 7444 7016 6541 5649 5293 4936 4873 4756 4818 4685 4357 4233 3947 3934 4265 4430 4785 4594 4314 4238 4132 4105 3920 4074 4262 4301 4247 4073 3913 3348 3301 3288 3394 3381 3364 3236 3258 2938 2647 2520 2532 2495 2473 2319 2190 2029 1890 1868 2194 2363 2267 2291 2297 2401 2094 1898 1931 2141 2214 2181 2215 2113 2198 2098 2129 2166 2176 1936 1870 1607 1338 1093 1002 907 890 841 725 707 691 671 643 608 579 663 638 697 657 643 656 644 675 629 571 496 466 419 415 386 397 428 443 425 397 389 444 439 439 458 492 466 489 527 558 608 742 973 1489 7759 
24 0 1 0 6 3 4 27 11 19 21 22 38 48 60 78 50 44 35 42 48 39 35 48 56 86 99 168 159 173 229 258 278 298 301 234 259 205 203 212 162 193 160 184 223 216 252 362 444 398 338 343 336 358 344 290 250 264 259 244 300 422 445 488 481 424 378 287 278 380 376 389 407 403 384 413 455 480 467 521 554 522 531 498 551 535 611 581 623 627 657 676 657 709 845 1025 1124 1199 1471 1620 1910 2263 2676 3139 3434 3468 3632 3935 4686 5147 6088 7022 7879 8282 8287 8000 8389 9653 11131 12564 12823 13614 13012 11810 11742 12229 12460 13498 14769 13919 13944 13513 13013 12942 13343 14975 16801 17024 17331 17008 16275 15020 13606 13334 14056 14283 14874 14013 12840 11256 10139 9785 9861 10435 10582 10327 9920 9717 8469 7902 7227 7256 7354 7348 6936 6145 5453 4868 4598 4696 4564 4574 4535 4318 4220 3915 3359 3116 3158 3161 3292 3072 2835 2560 2260 2145 2342 2358 2509 2338 2480 2463 2157 1899 1883 2146 2325 2498 2669 2642 2555 2320 2288 2617 2729 2594 2440 2111 1749 1418 1334 1335 1300 1246 1077 867 875 825 855 949 903 869 792 691 583 499 596 540 463 411 349 315 286 300 262 235 200 219 185 153 179 149 163 116 126 115 77 75 74 62 56 61 46 55 69 1708 
96 23 21 24 26 28 39 46 45 52 67 70 87 91 111 136 119 156 166 191 222 254 258 276 328 360 391 413 481 468 522 473 564 583 520 580 533 535 547 558 543 581 563 657 700 637 629 623 595 619 559 513 580 625 542 603 622 619 701 726 744 717 660 681 702 633 600 606 690 804 737 763 660 659 654 654 744 622 613 556 563 525 521 551 569 570 539 571 605 590 639 650 608 618 646 708 696 689 719 717 724 746 663 738 809 795 812 882 896 1006 1122 1193 1425 1442 1593 1739 1811 2132 2674 3011 3443 3730 4083 4210 4308 4737 5231 6149 7612 8123 8587 8694 8888 8885 9376 11182 12813 13791 14672 14720 14765 14358 13637 13661 14847 15364 15756 15727 14996 14087 13415 13515 14515 15477 16086 16590 16412 16792 16381 16225 14637 15059 15772 16012 15318 14097 12869 11717 10921 10999 11209 11160 10837 10383 9337 8563 7508 7256 7250 7175 7150 6690 6251 5411 4796 4376 4550 4421 4514 4232 4308 4359 3589 3239 3108 3371 3467 3289 2840 2257 1879 1530 1449 1295 1077 866 545 373 242 153 118 87 64 28 17 14 12 4 4 7 6 11 7 12 5 2 3 3 3 4 4 10 7 4 6 2 3 4 5 14 6 13 17 7 20 20 8 6 7 5 8 9 7 17 31 1624 


