1
1623 964 295 188 97 66 84 102 339 425 427 444 489 538 590 646 570 594 597 475 643 637 662 814 1195 1849 3559 5724 6676 6362 5447 5072 5483 7023 6960 4543 3049 2133 1480 1397 861 479 413 224 87 79 69 75 64 55 57 58 53 59 51 46 51 42 46 53 42 31 41 39 30 26 38 37 37 25 40 38 37 40 38 32 44 40 26 31 41 33 28 40 41 27 28 30 27 25 28 24 18 21 23 27 22 24 25 28 22 36 28 36 40 28 25 25 32 35 19 21 22 23 22 28 17 19 22 22 22 21 17 20 23 29 23 21 22 28 32 38 28 25 26 29 21 27 21 23 17 21 24 19 21 19 11 19 14 22 19 21 18 12 17 25 20 22 20 23 27 25 30 35 41 37 30 38 50 46 41 35 34 28 32 18 20 25 38 27 33 36 28 23 20 23 25 28 15 27 21 20 22 25 20 23 28 22 26 28 27 36 21 30 32 38 20 28 30 34 31 23 36 35 25 37 34 37 27 30 30 29 30 27 27 36 30 28 40 48 28 32 26 34 31 34 40 36 37 31 42 47 42 51 33 39 66 54 46 60 44 63 72 65 73 837 
753 1628 340 160 102 77 62 44 31 41 67 243 368 361 386 420 420 364 371 360 423 474 399 480 538 647 649 813 1640 3197 4558 5984 5787 4226 3896 3312 3097 3354 3394 2824 2546 2211 1455 1304 1496 1037 893 681 664 646 559 522 425 522 586 612 728 818 980 1486 1955 2141 1543 814 348 130 49 41 50 48 35 50 53 33 40 40 53 44 39 45 35 32 34 31 32 28 32 33 17 25 31 22 34 42 25 39 41 29 32 32 48 34 26 28 25 22 36 20 18 32 30 24 20 15 24 47 24 28 28 41 39 36 23 17 25 30 18 25 27 26 25 18 20 19 23 16 26 23 16 22 19 20 26 29 27 31 18 35 49 31 46 52 47 50 36 51 26 35 34 27 37 41 37 40 37 26 31 30 23 24 27 23 20 30 32 24 23 33 31 38 23 34 25 33 37 37 32 36 39 36 33 39 44 27 40 30 32 40 33 23 35 32 39 34 36 35 34 34 32 44 34 34 42 27 34 41 43 43 41 34 25 39 36 25 23 30 37 25 24 29 19 28 29 27 21 32 37 36 18 26 28 24 22 32 36 28 30 41 32 34 50 56 54 83 130 281 
33 1783 736 226 101 80 50 45 52 29 32 33 134 308 307 344 397 354 309 360 278 352 330 323 409 378 545 819 1877 3727 5500 6135 4912 3848 3246 3088 2515 2136 1957 1526 1493 1721 1849 1619 1694 1553 1336 901 954 1103 811 658 486 350 337 327 364 359 226 241 213 239 238 263 305 321 328 321 338 335 277 300 295 267 336 360 437 481 464 487 502 624 718 1002 1226 1211 1144 1014 828 644 492 348 191 107 62 53 36 22 31 30 35 28 19 31 43 25 31 43 45 41 27 20 35 27 18 24 22 24 27 25 21 16 19 23 27 18 29 26 27 33 26 32 24 46 41 35 57 45 53 33 57 32 38 35 32 48 43 38 33 25 39 33 26 32 26 32 30 18 29 29 41 38 33 28 38 41 33 43 41 37 28 39 41 50 35 43 33 36 36 29 29 42 35 36 40 37 34 34 38 40 46 42 42 39 44 35 49 46 42 27 31 30 29 24 38 25 29 21 26 24 19 30 29 31 32 27 27 24 29 27 22 32 28 18 25 32 26 38 30 22 39 23 29 33 33 27 33 35 29 30 27 31 21 27 21 27 25 30 33 24 25 26 27 25 47 52 


0 0 1327 5630 9947 16787 17823 14910 15119 15594 15872 18506 21778 26847 32418 31968 30901 29192 26371 22811 19532 17337 15107 14330 13007 11324 9983 8595 7869 7384 6490 6091 5334 5264 5230 6327 10888 14660 12630 10049 8830 9603 11682 11794 11567 8431 8646 9919 7578 6832 5314 4488 4301 3905 3337 3546 3571 3368 3385 3167 3569 3856 3637 4009 4027 3618 3259 3357 3491 4345 4130 4026 3989 3935 4114 4119 4384 4678 4412 4777 4324 4348 4556 4898 4278 3464 3753 4409 4567 4667 4314 4449 4344 4144 3662 3114 3338 3338 3384 3209 3081 2848 2719 2458 2588 2806 2551 2085 1766 1597 1368 1194 1127 1024 1097 1136 988 824 635 459 422 343 324 297 286 283 271 296 303 270 284 232 264 208 225 218 201 204 151 166 140 117 137 106 115 116 110 130 127 79 51 47 44 42 40 31 24 38 32 37 37 42 24 39 27 38 32 31 43 40 44 42 27 36 31 36 33 35 39 32 38 30 33 35 20 31 31 32 34 39 26 21 23 27 31 35 21 30 30 28 30 25 34 35 25 32 23 33 33 24 26 30 26 30 38 20 29 31 25 31 32 23 26 26 27 19 32 25 27 24 27 31 32 22 30 27 33 31 33 26 31 26 32 41 28 44 40 45 61 60 52 60 67 80 101 10940 
0 0 0 67 653 2664 5250 8606 11689 12841 11578 11760 13025 14808 14645 12987 13835 17534 17805 18373 17304 17082 17586 17384 15714 14970 14373 13715 12994 12784 12866 12459 12485 12147 11756 11687 11521 13455 17960 18334 15797 14689 12761 10548 11781 10863 12853 12986 10323 9956 8836 8412 7514 7041 6548 7015 6954 7017 5773 5575 5070 5312 4847 4946 4748 4342 4704 4442 4087 3808 4178 3939 4394 3756 3697 3671 4178 3739 4278 4972 5280 4283 4896 5003 6007 4849 4461 4502 4710 4273 3547 3564 3827 3421 3376 3279 3365 3013 2690 2833 3011 3377 3377 3114 3130 2801 2546 2681 2547 2505 2209 1922 1665 1429 1173 1081 997 866 956 1046 975 767 596 496 369 369 340 262 280 293 274 323 293 384 299 263 302 293 272 259 253 246 212 243 237 246 275 260 261 220 212 222 221 203 241 234 253 214 205 177 175 203 179 195 155 157 150 117 151 138 140 157 138 126 103 105 74 112 89 102 97 78 75 49 70 47 63 45 53 55 45 45 43 37 33 45 27 38 44 36 33 29 31 43 37 36 23 24 29 37 30 25 33 35 36 33 25 34 27 27 23 25 27 23 31 22 21 27 29 29 32 27 36 28 30 32 38 43 32 24 37 40 37 32 43 42 40 58 48 69 59 59 64 76 99 11292 
0 0 0 0 78 1348 2385 4495 7623 12117 13141 16200 14692 13998 14416 15948 20250 21507 20340 19137 18955 19594 19045 16611 14565 13272 12471 11967 11064 10607 9835 9453 9446 8958 8929 8682 8537 9172 11601 16512 16382 16000 12956 12275 11366 10782 10544 10052 9888 8845 8657 10831 12439 9453 8466 8074 7563 6948 6459 6273 5947 5936 6681 6786 6741 6070 5556 4977 4611 4816 4501 4737 4617 4208 4220 4292 3670 4608 5276 5288 5524 6307 6733 5339 5070 4861 4058 3746 3419 3311 3123 3201 2898 2861 3241 2974 2534 2740 2618 2608 2489 2883 3225 3333 3396 3064 2986 2774 2621 2741 2488 2547 2233 1926 1689 1365 1260 1149 1106 983 1060 1093 864 782 582 442 419 404 351 353 322 382 359 344 348 362 334 317 294 286 288 282 259 275 285 298 260 265 260 256 237 221 219 215 235 214 247 239 236 202 233 158 154 158 171 160 153 159 158 153 153 144 147 167 121 119 117 103 102 90 87 82 60 54 64 62 59 44 47 40 39 51 42 37 34 44 34 40 29 41 38 19 42 49 36 32 34 26 38 30 33 25 34 36 37 34 36 30 25 24 19 33 31 25 23 35 21 33 26 29 29 30 32 31 28 30 36 32 39 29 41 27 45 33 44 31 49 51 59 59 66 60 72 75 104 11262 


