1
0 0 0 0 0 0 0 0 0 0 0 0 0 0 0 0 0 0 0 0 0 0 0 0 0 0 0 0 0 0 0 0 0 0 0 0 0 0 0 3 2 7 4 11 5 10 31 42 50 72 84 103 153 194 316 552 559 620 559 612 578 506 551 632 870 831 894 1123 1150 1167 1180 1252 1120 1349 1487 1614 1870 2306 2414 2150 2190 2042 2091 2105 2048 2113 1930 1770 1577 1478 1507 1613 1536 1458 1478 1612 1839 1931 1953 2094 2203 2593 2591 2546 2615 2713 2510 2740 2516 2510 2461 2273 2368 2127 2095 2064 2057 2037 1924 1861 1840 1863 1897 1805 1778 1807 1778 1680 1763 1613 1568 1589 1484 1467 1570 1519 1470 1404 1429 1372 1446 1494 1585 1612 1541 1591 1620 1618 1561 1382 1278 1265 1028 831 569 523 443 329 262 172 95 83 34 8 3 0 0 0 0 0 0 0 0 0 0 0 0 0 0 0 0 0 0 0 0 0 0 0 0 0 0 0 0 0 0 0 0 0 0 0 0 0 0 0 0 0 0 0 0 0 0 0 0 0 0 0 0 0 0 0 0 0 0 0 0 0 0 0 0 0 0 0 0 0 0 0 0 0 0 0 0 0 0 0 0 0 0 0 0 0 0 0 0 0 0 0 
0 0 0 0 0 0 0 0 0 0 0 0 0 0 0 0 0 0 0 0 0 0 0 0 0 0 0 0 0 0 0 0 1 4 7 8 8 12 23 57 84 88 108 191 264 485 692 704 620 689 608 551 636 833 889 968 1254 1258 1319 1352 1179 1248 1424 1594 1916 2293 2433 2397 2051 1929 2072 2106 2151 2047 1860 1560 1473 1640 1530 1378 1444 1390 1598 1674 1694 1784 2198 2155 2162 2090 2092 2122 2051 1961 2087 2064 2157 1971 2087 1958 2032 2049 2087 2054 2172 2230 2177 2207 2191 2103 2117 2129 2157 2108 2153 2125 2359 2324 2263 2457 2564 2645 2834 2608 2709 2651 2503 2630 2553 2188 1855 1696 1283 940 756 492 374 287 256 161 88 53 51 53 45 42 43 39 33 43 44 37 40 27 24 35 31 31 36 30 32 21 31 24 22 19 18 22 13 10 6 9 6 1 0 0 0 0 0 0 0 0 0 0 0 0 0 0 0 0 0 0 0 0 0 0 0 0 0 0 0 0 0 0 0 0 0 0 0 0 0 0 0 0 0 0 0 0 0 0 0 0 0 0 0 0 0 0 0 0 0 0 0 0 0 0 0 0 0 0 0 0 0 0 0 0 0 0 0 0 0 0 0 0 0 0 
0 0 0 0 0 0 0 0 0 0 0 0 0 0 0 0 0 0 0 0 0 0 0 0 0 0 0 0 0 0 0 0 0 0 0 0 0 0 0 1 2 3 6 5 10 8 11 21 50 63 66 80 96 160 211 307 517 566 586 530 569 549 442 510 565 727 736 749 952 1033 1078 1130 1087 1068 983 1121 1265 1302 1506 1811 2187 2015 1958 1742 1601 1758 1819 1790 1830 1712 1588 1352 1230 1415 1440 1366 1302 1224 1240 1458 1551 1545 1555 1670 2014 2065 1897 1950 1924 1888 1852 1774 1754 1642 1662 1788 1780 1768 1894 1904 1990 2104 2098 2231 2274 2505 2564 2604 2974 2832 2712 2645 2541 2338 2252 2257 2201 2103 1957 1844 1732 1512 1461 1415 1364 1469 1496 1532 1530 1527 1618 1641 1627 1546 1415 1305 1117 943 690 651 507 375 299 232 199 151 88 59 40 36 36 31 15 21 23 22 22 22 25 21 21 7 6 6 0 0 0 0 1 1 1 1 0 0 0 0 0 0 0 0 0 0 0 0 0 0 0 0 0 0 0 0 0 0 0 0 0 0 0 0 0 0 0 0 0 0 0 0 0 0 0 0 0 0 0 0 0 0 0 0 0 0 0 0 0 0 0 0 0 0 0 0 0 0 0 0 


24 0 0 0 0 0 0 0 0 0 0 0 1 0 0 0 0 1 0 0 0 1 0 0 0 0 0 0 1 0 0 1 0 1 0 0 0 0 0 1 0 0 0 1 2 3 5 8 8 9 10 9 13 7 23 14 23 20 33 36 21 32 34 45 55 52 39 77 62 91 92 98 114 136 157 177 184 231 242 330 465 557 665 844 1037 1346 1667 1814 2197 2372 2960 3340 3791 4077 4597 4964 5764 6456 7155 7322 7607 8000 8350 9116 9389 9592 9542 9406 9739 10301 10456 10458 10207 9532 9611 9934 9890 10198 9642 9473 9383 9384 9833 10120 9793 9652 9928 10143 11584 11083 10588 9727 8795 8660 8560 8652 8405 7537 6920 6339 6155 6093 6023 5706 5578 5448 5671 5974 6113 6002 5809 5485 5360 5488 5751 5887 5591 5822 5589 5958 6062 6181 5714 5671 5570 5750 5841 6180 5905 5772 5563 5357 5496 5427 5166 4942 4679 4915 5071 5045 4849 4625 4044 3950 3938 4080 3971 3799 3631 3192 3403 3526 3384 3177 3012 2923 2775 2670 2703 2509 2382 2276 2518 2532 2638 2608 2415 2398 2377 2407 2552 2466 2488 2594 2590 2759 2568 2476 2365 2423 2325 2438 2423 2461 2095 1981 2051 1770 1598 1376 1390 1378 1324 1233 1063 1017 1011 992 898 798 735 710 666 668 591 607 655 557 545 546 545 519 574 606 872 4465 
24 0 0 0 0 0 0 0 0 0 0 0 0 0 0 0 1 0 0 0 0 1 0 0 0 0 1 0 0 0 0 0 0 0 1 1 0 0 0 0 0 0 0 1 0 0 0 1 5 1 1 2 1 13 1 0 6 2 2 4 6 3 4 6 9 7 11 11 9 17 7 19 11 13 25 18 25 24 35 23 26 28 36 34 34 48 55 62 60 83 92 92 117 135 160 155 183 193 230 275 347 407 496 673 878 1098 1115 1133 1398 1679 2021 2343 2754 2825 3160 3746 4460 4884 5283 5655 5889 6440 7350 8355 8807 8636 9145 9715 11464 11213 10672 9683 9337 9036 9731 10610 10719 9984 9235 8553 8611 9460 9905 10232 9435 9277 9658 10713 11484 11384 10931 9961 9825 9883 10180 9901 9346 8748 7857 7980 7926 7796 7384 6577 6390 6411 6612 6849 6740 6318 5908 6026 6468 6862 7139 6888 6662 6973 7694 8021 8699 8371 7369 7272 7382 7956 8163 7776 7435 6756 6799 7739 7491 6880 6197 6025 6266 6565 6240 5780 5420 5028 5081 5193 5128 5078 4565 4226 4129 4154 4341 3920 3867 3772 3794 4106 3826 3456 3101 3063 3030 2955 2934 2607 2169 2078 2078 1993 1838 1679 1635 1713 1597 1292 985 870 767 747 669 535 414 404 306 263 234 202 163 105 93 92 84 73 85 69 82 1686 
24 0 0 0 0 0 0 0 0 0 0 0 0 0 0 0 0 0 0 1 0 0 0 0 1 0 0 0 0 0 1 0 0 0 0 0 0 0 0 2 0 0 0 0 0 0 0 0 0 0 1 0 0 0 0 0 0 1 2 2 3 0 2 1 3 12 0 0 2 1 0 1 0 7 7 7 1 9 5 7 9 6 14 19 15 10 7 12 8 21 16 16 14 21 23 22 20 22 42 41 42 46 52 68 47 85 75 96 101 126 136 167 218 229 258 315 391 490 572 737 849 1010 1114 1211 1376 1538 1697 2001 2511 2747 2845 3075 3207 3329 3922 4481 5062 5556 5761 5886 6564 7540 8605 8922 8890 8757 9337 10260 10157 10046 9576 9165 9283 9709 9874 10497 9893 9427 8960 9614 9420 9559 9682 9561 9423 10060 10875 11189 11086 10653 9601 9571 9841 9974 9504 9087 8424 8248 8828 8994 9197 8680 8117 7669 7860 8432 8525 8281 7929 7450 7690 8374 7843 7827 7831 8037 8700 8981 9103 8767 8294 7872 8444 8681 8905 8511 7952 7286 7265 7353 7652 6897 6477 6447 6556 6906 6888 6431 5916 6232 6426 6470 6429 6175 4859 4475 4320 4375 3881 3396 3169 3211 2993 2648 2063 1811 1684 1522 1251 1014 878 665 561 420 293 239 228 162 119 90 99 77 105 88 84 1645 


