1
2751 2559 5900 26898 10834 987 763 372 382 491 826 806 144 102 99 72 86 66 65 67 48 56 48 57 43 38 43 52 37 35 33 40 48 33 40 53 52 53 52 75 71 80 79 94 103 102 115 142 109 97 105 83 91 76 78 93 98 116 98 95 103 123 88 75 100 108 130 116 98 78 55 51 48 49 47 43 37 32 31 23 20 17 16 13 5 7 1 1 0 0 0 0 0 0 0 0 0 0 0 0 0 0 0 0 0 0 0 0 0 0 0 0 0 0 0 0 0 0 0 0 0 0 0 0 0 0 0 0 0 0 0 0 0 0 0 0 0 0 0 0 0 0 0 0 0 0 0 0 0 0 0 0 0 0 0 0 0 0 0 0 0 0 0 0 0 0 0 0 0 0 0 0 0 0 0 0 0 0 0 0 0 0 0 0 0 0 0 0 0 0 0 0 0 0 0 0 0 0 0 0 0 0 0 0 0 0 0 0 0 0 0 0 0 0 0 0 0 0 0 0 0 0 0 0 0 0 0 0 0 0 0 0 0 0 0 0 0 0 0 0 0 0 0 0 0 0 0 0 0 0 0 0 0 0 0 0 
1495 1148 1399 1131 2574 18794 11435 5898 3381 1773 523 446 643 295 188 189 183 190 185 218 294 547 568 337 128 76 52 44 44 42 48 36 38 50 39 24 29 33 24 35 34 33 26 24 24 28 24 25 34 23 35 22 32 37 26 44 40 38 37 49 49 56 53 53 53 55 53 70 63 61 72 94 62 81 66 67 67 51 56 64 62 57 56 57 64 57 69 69 73 61 69 69 66 65 56 58 61 55 55 56 54 65 80 91 80 62 46 36 45 40 32 39 29 32 24 28 21 25 16 22 11 17 12 11 14 8 6 4 1 2 0 1 0 0 0 0 0 0 0 0 0 0 0 0 0 0 0 0 0 0 0 0 0 0 0 0 0 0 0 0 0 0 0 0 0 0 0 0 0 0 0 0 0 0 0 0 0 0 0 0 0 0 0 0 0 0 0 0 0 0 0 0 0 0 0 0 0 0 0 0 0 0 0 0 0 0 0 0 0 0 0 0 0 0 0 0 0 0 0 0 0 0 0 0 0 0 0 0 0 0 0 0 0 0 0 0 0 0 0 0 0 0 0 0 0 0 0 0 0 0 0 0 0 0 0 0 
0 0 0 0 0 0 0 0 47 355 698 522 351 182 190 338 332 447 222 173 137 114 121 85 86 106 93 115 140 149 156 194 207 262 444 956 2110 4119 8286 6783 2676 592 203 203 185 192 178 167 194 184 185 191 201 221 262 379 305 300 344 390 447 393 255 243 229 229 225 193 250 265 217 163 153 180 203 222 292 253 251 303 399 449 441 492 539 648 678 485 620 704 619 518 376 298 217 141 126 213 211 210 245 273 238 262 271 273 242 230 211 206 208 209 200 156 137 100 94 98 91 81 103 87 100 90 73 74 71 77 74 72 71 81 73 87 101 96 85 83 74 64 71 76 63 60 59 61 80 77 96 103 89 78 56 45 32 26 25 15 23 23 18 15 23 22 16 12 14 15 12 13 13 12 17 9 5 10 9 4 8 8 14 14 10 10 11 11 9 2 8 12 7 9 9 13 13 10 9 7 11 11 7 9 10 12 10 11 15 11 11 15 8 9 6 18 14 14 12 13 6 16 15 15 16 11 18 16 14 17 11 24 9 22 25 26 20 15 28 28 25 18 39 42 49 38 72 64 48 37 44 46 47 48 61 77 83 755 


0 1 39 1174 821 1369 2969 3460 5719 7743 9410 9488 9104 8262 8887 8523 8030 9865 10113 9453 9097 9279 9442 8473 8653 8862 8909 9284 8349 7461 6332 6655 7159 6368 5485 5167 4491 3931 3486 3501 3357 3416 3287 3220 3125 3022 2870 2690 2768 2825 2825 2381 2407 2287 2193 2255 2095 2178 2147 2046 2252 2472 2529 2734 3084 3709 4890 6889 8863 11569 15045 18253 19695 20443 21898 21537 19745 18173 16813 16488 15395 15008 15231 15139 15427 16134 17757 17985 17489 16439 14905 12893 10913 9491 8371 7987 7361 6648 6082 5913 5527 5440 5060 4540 4297 4125 4034 4202 3840 3770 3293 3019 2816 2745 2887 2512 2246 2084 1840 1528 1377 1415 1276 1262 1086 958 930 947 922 967 1022 1067 1030 912 1027 1127 1423 1466 1252 1076 848 773 804 709 655 709 630 608 769 699 640 692 696 751 698 627 674 659 656 695 734 671 480 394 406 475 404 315 323 247 202 208 202 207 209 174 197 196 192 219 196 198 200 200 224 227 217 198 207 223 200 227 221 229 197 206 201 242 212 210 192 213 203 196 208 220 231 191 178 190 194 206 206 194 256 276 262 298 239 224 230 228 247 223 231 214 225 259 272 254 207 237 221 223 234 217 247 248 245 233 267 290 270 300 302 318 296 348 355 373 429 455 530 622 829 11412 
0 0 0 2 532 499 298 386 1339 1586 1980 2965 4885 6615 6260 6035 6224 6668 6172 5621 5118 5877 6996 6676 6760 6610 5786 5245 4603 4810 4890 4955 4560 4867 4844 4704 4518 4438 4295 4277 4168 4104 4305 4395 4476 4728 4809 4800 4346 4182 4267 4096 3933 4060 3888 3715 3854 3885 3765 3763 3841 3760 3599 3564 3442 3408 3674 2913 2638 2220 2353 2007 1876 1704 1673 1674 1702 1654 1582 1530 1492 1557 1707 1959 1999 2247 2294 2863 3410 3914 4605 5213 5756 6537 7539 8536 9144 9694 9760 11016 12358 13591 13802 13735 13124 12297 12119 11624 10734 9461 8320 8045 7218 6982 7136 7088 7289 7002 6652 6936 7891 8818 8962 9455 9389 9199 9566 9681 9424 9114 8963 9008 8387 8044 7654 7185 6869 6528 6273 6215 5668 5017 4500 4157 3948 3449 3220 2978 2891 2958 3115 3327 3351 3191 3247 3135 3023 2788 2538 2241 2138 1961 1988 1989 2048 2254 2324 2120 1745 1660 1647 1575 1549 1550 1519 1531 1518 1427 1445 1366 1447 1385 1294 1226 1179 1128 1048 1166 1114 1087 1081 1056 1163 1067 1109 1083 1082 1005 948 861 770 740 786 695 711 731 612 671 629 575 587 583 613 627 575 599 630 657 693 636 642 722 689 677 707 668 697 693 650 672 649 543 489 557 505 566 518 532 478 452 433 419 461 455 448 448 506 519 585 599 658 699 774 899 1142 19829 
0 0 0 0 0 0 25 549 509 1134 1098 1226 1742 2992 3986 5628 5013 4733 5780 5215 4941 4911 5585 6033 5489 5107 5353 4895 4678 4720 4497 4249 4213 4074 3947 3616 3823 3600 3465 3458 3547 3168 2975 2840 2760 2659 2478 2310 2067 2025 1974 1999 1928 2014 1939 1995 1888 1871 1803 1846 1861 1759 1856 1965 2065 1948 1962 1958 1999 1943 1879 1895 2085 2363 2419 2737 2727 2507 2510 2384 2247 1951 1812 1816 1783 1737 1763 1891 1977 2003 2155 2100 2139 2249 2511 2556 2642 2867 3003 3115 3010 3078 3208 3507 3672 4092 4829 5049 5337 5887 6391 6759 7335 7572 7907 8220 8371 8957 9344 10133 10633 11063 11032 11147 10999 10576 10624 10349 9710 9482 8602 8065 7964 7814 7124 6706 6356 6100 5828 5700 5527 5448 5348 5574 5882 5819 5871 5659 5709 5710 6092 6162 6225 6536 6685 6964 6727 6772 7116 7307 7381 7184 6835 6683 6456 6208 6011 5723 5292 4880 4688 4510 4275 4150 3801 3686 3481 3226 3194 2911 2642 2590 2438 2178 2064 1922 1817 1696 1712 1768 1799 1826 1910 1974 1879 1830 1772 1841 1799 1800 1806 1831 1797 1810 1836 1856 1731 1742 1795 1749 1881 1739 1680 1589 1494 1563 1355 1307 1297 1344 1356 1403 1460 1417 1458 1448 1410 1376 1357 1378 1570 1503 1336 1256 1176 1242 1231 1118 1063 1145 1119 1151 1125 1110 1117 1143 1206 1141 1233 1283 1340 1403 1577 1870 2614 36011 


