1
0 0 0 0 0 0 0 0 0 0 0 0 0 0 0 0 0 0 0 0 0 0 0 0 0 0 0 0 0 0 0 0 1 4 8 10 22 20 26 39 52 77 120 137 500 1717 3187 3507 2860 1988 1717 1427 1110 1468 2073 1609 1504 1664 1663 1592 1617 1484 1563 1652 1693 1747 1698 1574 1718 1726 1605 1526 1431 1310 1144 1066 1034 1046 974 938 880 866 914 962 970 1028 997 929 970 976 994 951 1042 1046 1068 1041 1086 1165 1211 1280 1277 1380 1331 1495 1580 1682 1802 1853 1869 2059 1942 1991 1984 1831 1769 1662 1603 1607 1536 1537 1387 1336 1519 1342 1293 1206 1074 822 723 518 354 247 168 105 90 51 39 22 29 28 29 21 33 24 22 18 23 23 17 27 17 13 17 16 15 16 14 16 12 16 8 11 10 15 14 15 8 6 12 6 11 6 10 7 7 5 7 4 6 4 2 5 6 0 4 4 2 2 4 5 6 4 1 2 2 9 4 6 5 3 5 4 3 2 1 0 0 0 0 0 0 0 0 0 0 0 0 0 0 0 0 0 0 0 0 0 0 0 0 0 0 0 0 0 0 0 0 0 0 0 0 0 0 0 0 0 0 0 0 0 0 0 0 0 0 0 
0 0 0 0 0 0 0 0 0 0 0 0 0 0 0 0 0 0 0 0 0 0 0 0 0 0 0 3 9 11 25 28 38 68 112 126 336 1487 3954 3901 3090 2013 1870 1258 1853 2281 1614 1776 1969 1804 1819 1800 1714 1735 1799 1863 2022 2065 1945 1673 1683 1634 1411 1241 1196 1246 1109 1070 939 967 1019 1053 1133 1127 1127 1083 1125 1066 1089 1124 1221 1132 1116 1240 1259 1269 1254 1237 1261 1232 1284 1299 1263 1278 1197 1119 1127 1109 1102 1170 1209 1199 1205 1198 1181 1212 1272 1184 1169 1129 920 686 698 596 623 555 653 752 886 847 926 914 862 773 823 817 579 628 573 447 367 318 317 237 251 224 210 189 175 147 139 98 52 41 40 36 38 20 26 26 28 33 30 24 22 13 28 28 19 15 17 18 16 15 15 16 16 12 13 11 18 6 7 13 17 7 11 13 10 10 11 7 9 10 7 4 10 3 10 3 7 2 4 6 2 4 2 4 3 2 4 5 4 3 3 2 1 4 7 1 7 2 3 5 7 1 4 0 3 2 1 0 0 0 0 0 0 0 0 0 0 0 0 0 0 0 0 0 0 0 0 0 0 0 0 0 0 0 0 0 0 0 0 0 0 0 
0 0 0 0 0 0 0 0 0 0 0 0 0 0 0 0 0 0 0 0 0 0 0 0 0 0 0 0 0 0 0 0 0 2 5 10 15 14 24 26 43 67 95 98 190 674 1905 3612 3216 2623 1811 1722 1311 1066 1569 1994 1490 1380 1570 1595 1541 1538 1475 1451 1589 1550 1468 1601 1664 1690 1758 1514 1417 1442 1390 1266 1119 1014 958 1047 1010 922 805 815 860 889 926 976 959 961 913 969 940 919 970 981 1037 956 973 1016 1033 1147 1068 1084 1094 1058 1101 1079 1124 1128 1090 1205 1086 1048 946 1022 999 1026 1078 1199 1215 1287 1366 1420 1492 1573 1717 1744 2079 1949 1673 1492 1374 1095 965 817 633 565 489 451 377 374 327 295 271 198 178 126 69 65 58 68 52 58 43 35 29 24 30 26 23 26 17 18 27 24 38 25 21 13 16 22 14 16 11 24 14 10 13 17 16 8 5 12 10 10 10 11 14 12 11 8 8 12 5 2 10 10 9 6 4 5 4 6 2 4 4 4 5 0 5 4 1 5 2 4 3 1 3 2 2 9 2 4 4 6 4 3 2 5 1 1 0 0 0 0 0 0 0 0 0 0 0 0 0 0 0 0 0 0 0 0 0 0 0 0 


24 0 0 0 0 0 0 0 0 0 0 0 0 0 0 0 0 0 0 1 1 0 0 1 0 0 0 0 0 0 0 1 0 0 0 0 0 1 1 0 0 0 0 1 1 0 3 0 2 2 1 3 3 9 7 14 16 29 32 67 111 105 107 152 168 166 215 234 283 294 314 392 466 552 500 473 411 386 411 477 403 430 427 489 542 728 747 815 939 1093 1170 1435 1611 1772 2303 2723 3201 3688 4000 4368 5096 5413 6030 6263 6617 6843 7066 7720 7908 7822 7609 7878 8528 8654 8815 8648 8616 8578 8889 9356 9140 9238 8869 9014 9304 9566 9431 9106 9615 9308 9306 9470 9481 9299 9098 9751 10042 10363 10139 9759 10131 10305 10505 10337 10452 10273 10568 11387 11338 11285 10997 10772 11119 11370 11681 11426 11322 11343 11632 12405 11532 10719 10299 10559 10361 10005 9294 8524 8151 8044 7815 7207 7080 6674 6701 6421 6407 6213 5854 5839 5547 5447 4976 4783 4388 4255 4064 4116 4045 3651 3541 3854 3688 3528 3471 3277 3325 3236 3208 3051 2840 2659 2569 2333 2095 1897 1651 1560 1430 1297 1073 931 824 785 694 608 492 471 366 243 168 137 113 96 77 52 34 21 13 12 12 4 3 4 11 4 6 6 3 9 5 9 6 9 19 15 21 22 10 6 4 9 9 19 20 1628 
24 0 0 0 0 0 0 0 0 0 0 0 0 0 0 0 0 0 0 1 0 0 1 0 0 1 0 0 0 0 0 0 1 0 0 1 0 0 0 0 2 0 1 0 0 2 2 1 1 3 2 1 3 2 0 5 3 1 1 5 5 5 2 4 5 2 4 4 9 11 18 17 33 31 59 70 93 73 99 140 155 248 241 305 294 292 317 417 464 458 426 420 357 317 411 403 476 535 583 589 691 881 1059 1272 1541 1690 2027 2442 2882 3070 3276 3525 4223 4894 5223 5234 5054 5337 5814 6093 6401 6524 6564 6835 7298 8024 8120 7894 8374 8464 9053 9280 8682 8156 8230 9107 9817 9784 9104 8580 8621 9421 9732 9436 8968 8522 8682 9038 9458 9228 8908 8918 9434 9996 10203 9822 9701 10098 10987 12680 12132 11852 11319 11727 12676 12743 12755 11829 11948 12303 12815 12517 11803 11292 10843 11324 11741 11165 9991 9201 9044 9064 8839 8441 7660 7357 7498 7627 7233 6599 6528 6924 6534 6099 5418 4860 4916 4767 4650 4243 3907 3751 3929 3902 3805 3460 3356 3541 3830 3709 3410 3061 3091 3203 3034 2658 2286 2145 2022 1774 1410 1227 1107 1066 878 762 675 523 503 400 255 202 113 79 59 33 41 26 13 7 4 10 6 10 7 19 15 18 31 9 8 8 6 19 24 1629 
24 0 0 0 0 0 0 0 0 0 0 0 0 0 0 0 0 0 0 0 0 0 1 0 0 1 0 1 0 0 0 0 0 0 0 0 0 1 0 0 0 0 0 1 1 0 0 0 0 1 1 0 2 0 0 1 1 0 5 2 0 0 3 2 1 1 6 2 1 1 1 6 8 0 4 1 1 4 1 3 7 7 5 13 10 16 13 14 30 27 49 70 83 111 128 143 183 215 270 346 352 437 433 447 375 407 417 379 432 426 467 492 541 570 643 772 893 1049 1357 1574 1804 1916 2030 2277 2897 3310 3743 3853 4395 4419 4736 4772 4491 4444 4573 5116 5601 5792 5804 5819 6115 6823 7150 7553 7209 7386 7797 8413 9001 9121 8756 8749 9249 10205 10020 9788 9124 9541 9972 10657 9406 8633 8079 8006 8418 8539 8470 8575 8810 9339 10023 10528 10422 10393 11019 11674 12286 12216 11897 11879 12466 12844 13666 13432 13052 13021 13002 13351 13472 12341 12111 12843 12110 11449 10434 9794 9605 9456 9203 8568 8096 7752 7764 7577 7415 6581 6223 6180 6165 5980 5498 5353 5395 5263 5026 4805 4481 4496 4469 4485 4015 3825 3946 4169 3599 3309 2985 2903 2777 2585 2133 1950 1816 1722 1597 1216 1117 947 844 578 486 387 306 185 118 97 74 87 73 48 23 26 14 16 29 1630 


