1
0 0 0 0 0 0 0 0 0 0 0 0 0 0 0 0 0 0 0 0 0 0 0 0 0 0 0 0 0 0 0 0 0 0 0 0 0 0 0 0 0 0 0 4 5 14 15 24 26 50 46 63 73 118 182 176 211 248 246 258 270 403 540 877 1037 1173 1287 1207 1080 1116 1105 1021 1156 1289 1471 1797 2201 2488 2100 1972 1855 1844 1920 1884 1938 1786 1589 1478 1589 1783 1919 1635 1752 1706 1895 1941 2087 1855 1830 1977 2143 2267 2140 1918 1954 1942 2001 2035 1949 1962 2020 2016 2119 2165 2351 2180 2152 2108 2234 2259 2150 2054 2038 2020 1892 1882 1795 1657 1750 1588 1533 1437 1465 1311 1331 1352 1232 1292 1302 1399 1412 1496 1612 1476 1599 1471 1509 1360 1223 1141 898 800 609 447 402 299 233 129 101 79 34 11 2 2 0 2 0 0 0 0 0 1 0 0 0 0 0 0 0 0 0 0 0 0 0 0 0 0 0 0 0 0 0 0 0 0 0 0 0 0 0 0 0 0 0 0 0 0 0 0 0 0 0 0 0 0 0 0 0 0 0 0 0 0 0 0 0 0 0 0 0 0 0 0 0 0 0 0 0 0 0 0 0 0 0 0 0 0 0 0 0 0 0 0 0 0 
0 0 0 0 0 0 0 0 0 0 0 0 0 0 0 0 0 0 0 0 0 0 0 0 0 0 0 0 0 0 0 0 0 0 0 0 5 9 21 29 40 51 79 94 156 220 221 270 259 290 311 472 693 1041 1192 1371 1410 1201 1218 1129 1122 1351 1476 1908 2511 2763 2514 2058 1955 2108 2085 2117 1972 1721 1417 1426 1593 1431 1334 1361 1523 1655 1653 1732 1720 1951 2256 2161 1933 2076 1971 1978 1809 1669 1722 1671 1720 1759 1827 1842 1897 2133 2209 2271 2423 2477 2597 2596 2317 2137 1963 2083 2179 2052 1846 1915 1841 1886 2055 2111 2231 2351 2158 2435 2685 2814 2482 2079 2147 1809 1420 1017 773 583 389 301 212 164 102 60 60 53 48 35 32 29 28 25 20 15 17 11 17 6 12 10 3 6 7 6 9 3 6 9 12 6 3 4 2 5 1 1 3 1 1 3 2 1 2 0 2 3 1 2 0 0 0 0 0 0 0 0 0 0 0 0 0 0 0 0 0 0 0 0 0 0 0 0 0 0 0 0 0 0 0 0 0 0 0 0 0 0 0 0 0 0 0 0 0 0 0 0 0 0 0 0 0 0 0 0 0 0 0 0 0 0 0 0 0 0 0 0 0 0 0 0 
0 0 0 0 0 0 0 0 0 0 0 0 0 0 0 0 0 0 0 0 0 0 0 0 0 0 0 0 0 0 0 0 0 0 0 0 0 0 0 0 0 0 0 0 3 7 8 18 21 28 52 42 68 78 119 161 193 195 232 213 248 239 330 436 703 872 979 1110 1214 1069 996 1016 970 909 1039 1220 1299 1561 1961 2301 2286 2015 1664 1670 1810 1752 1785 1806 1584 1415 1230 1170 1419 1344 1155 1208 1236 1261 1411 1463 1446 1469 1547 1740 1924 1899 1806 1772 1842 1913 1982 1965 2150 2072 1973 1938 1984 2000 1988 2131 2113 2080 2081 2072 2224 2410 2363 2397 2527 2498 2492 2441 2296 1942 1889 1855 1608 1568 1429 1370 1321 1302 1275 1330 1445 1501 1463 1489 1536 1562 1497 1411 1346 1310 1068 798 700 524 434 345 260 183 140 110 46 38 11 15 9 7 5 8 3 5 8 7 5 10 8 3 1 3 1 1 3 1 4 1 2 1 2 4 2 0 0 0 0 0 0 0 0 0 1 0 0 0 0 0 0 0 0 0 0 0 0 0 0 0 0 0 0 0 0 0 0 0 0 0 0 0 0 0 0 0 0 0 0 0 0 0 0 0 0 0 0 0 0 0 0 0 0 0 0 0 0 0 


24 0 0 0 0 0 0 0 0 0 0 0 1 0 0 0 1 0 0 1 0 0 0 0 0 0 0 1 0 0 0 0 0 1 0 0 0 1 0 0 0 0 2 0 0 0 1 1 4 4 5 13 13 10 17 31 25 50 37 55 61 68 72 91 113 111 141 152 198 234 341 428 590 806 1005 1154 1331 1570 1912 2325 3069 3333 3841 4434 4885 5152 6074 7118 8619 9497 10213 10647 11128 10558 11178 11394 13453 13879 14025 13723 13343 12515 11499 10754 10824 10886 11367 11770 11618 11139 10475 9588 9594 9089 9292 9664 9857 9901 9501 9104 8696 8386 7872 7512 7696 8227 8563 8630 9472 8759 8417 7704 7543 7615 7878 8047 8507 8375 8048 7568 7001 6735 6592 6808 6889 7072 7403 7528 7445 7350 7224 6893 7167 7401 7644 7881 7457 7618 6950 6593 5617 5525 5533 5623 5536 5482 5316 5087 4852 4675 4738 4717 4927 4989 5109 4639 4380 3807 3287 3124 3283 3199 2958 2599 2410 2146 1750 1589 1407 1380 1362 1391 1283 1265 1104 920 787 595 569 526 485 413 402 389 369 300 235 214 152 165 172 145 143 132 90 108 74 56 34 24 13 7 8 9 2 3 1 2 5 2 3 2 5 13 6 5 5 11 9 8 3 15 22 8 3 3 16 2 2 11 6 13 10 15 21 1621 
24 0 0 0 0 0 0 0 0 0 0 0 0 0 0 1 0 0 0 1 0 0 0 0 0 1 0 0 0 0 0 0 1 0 0 0 0 0 0 0 0 0 0 1 0 0 2 3 1 2 0 0 1 2 2 2 1 1 1 0 2 2 1 2 7 7 3 15 11 17 18 23 27 18 26 34 37 44 38 62 66 83 76 116 104 106 115 114 132 164 178 200 249 312 373 452 711 1088 1446 1838 2033 2258 2439 2809 3191 3711 4291 5036 5592 6486 7089 7297 7605 8047 9308 11053 12503 13238 14131 14712 14619 13398 12315 11858 12308 13127 14058 14124 14561 13052 12029 10932 10573 11270 12368 12843 13141 12437 11670 10632 9818 9070 9439 10272 10707 11141 11272 11389 11379 10666 9900 9093 8977 9247 9753 9644 9143 9078 8644 8418 7300 7036 7462 8061 8211 8307 8383 8161 7697 7339 7472 7882 8491 8541 8222 7845 7087 6545 5761 5522 6126 6320 6791 7009 6986 6536 5879 5195 4406 4022 3954 4587 3876 3408 3000 2308 1672 1341 1176 998 936 722 648 579 431 321 252 268 283 266 230 134 88 53 29 19 11 7 7 3 3 4 9 6 1 3 1 1 3 4 4 2 3 4 6 1 8 11 6 12 14 6 8 15 11 14 12 12 1 4 12 10 12 10 31 1621 
24 0 0 0 0 0 0 0 0 0 0 0 0 0 0 0 0 0 1 0 0 0 1 0 0 0 0 0 0 1 0 0 0 0 0 0 1 0 0 0 0 0 0 0 0 0 0 0 0 1 0 0 2 0 0 0 0 3 0 3 1 0 0 1 2 1 1 1 2 0 0 3 0 0 2 2 0 0 2 6 2 6 10 15 12 23 16 29 27 18 38 29 32 31 31 49 67 59 81 76 74 116 104 129 114 116 160 156 206 284 345 479 533 679 838 1132 1546 1770 2149 2452 2771 3111 3305 3612 4201 4826 6057 6763 8345 8243 8284 8174 8524 9461 11049 12261 13371 14099 14032 13179 12269 11762 12205 13429 14167 13744 13566 13875 13718 13218 12446 12237 12202 12915 13462 13726 13601 13949 13529 13669 11890 11755 12212 12947 12830 12453 11832 10765 9802 9045 8550 8747 9064 9232 9449 9437 9065 8627 8156 8193 8748 9587 9579 9586 9289 8833 8502 7889 7500 7309 8099 9114 8827 8758 8396 7475 6384 5800 5393 5133 5277 4893 4020 3160 2594 2077 1767 1512 1382 1182 1057 1053 933 822 784 671 579 465 368 337 225 187 138 121 95 107 106 89 44 20 10 6 7 8 3 3 5 2 3 13 10 21 7 10 12 14 17 13 10 3 7 10 12 16 33 1622 


