1
1990 4946 5086 5003 9222 5367 4448 3508 1965 1548 1337 1150 1023 989 907 893 780 807 843 738 697 667 614 567 551 611 602 580 549 587 605 581 589 538 629 735 633 621 614 683 674 741 747 758 706 763 762 789 951 1011 952 953 954 859 870 847 836 827 931 940 915 799 754 810 919 1010 1074 869 800 827 731 831 588 598 668 599 507 422 428 405 306 272 247 246 180 192 213 155 112 95 103 85 337 225 241 129 59 55 43 41 53 41 36 49 41 27 41 36 34 30 20 37 30 31 24 31 26 17 27 22 19 24 15 24 18 24 17 16 16 16 11 20 10 17 16 17 11 19 12 13 20 18 12 13 16 14 16 11 12 17 19 13 16 21 22 10 12 11 18 10 13 15 15 14 15 14 10 20 10 6 13 4 18 15 12 10 11 14 12 8 12 16 13 9 13 9 15 6 11 3 10 10 10 7 19 9 8 11 9 12 14 12 8 8 8 13 9 11 6 10 11 12 9 10 13 13 9 12 13 13 12 14 14 15 10 10 18 10 16 16 12 14 13 11 16 16 16 16 13 14 14 18 16 16 17 14 21 21 17 22 21 26 30 31 38 50 
854 2549 2570 2006 2649 2658 3415 2008 1597 1569 1451 1135 1079 895 881 806 811 835 914 827 794 774 667 634 633 590 613 557 606 630 576 627 667 642 619 688 817 725 789 812 800 836 917 910 870 837 888 919 977 991 1042 1123 1220 1370 1330 1341 1488 1577 1816 2036 2478 2487 2086 1864 1513 1264 1197 1083 944 865 914 1029 978 962 856 825 728 775 722 673 695 704 659 514 377 396 339 378 378 304 252 216 151 140 289 281 197 219 120 59 53 47 54 49 46 33 37 51 38 29 27 31 33 23 19 22 21 26 26 19 20 31 22 18 22 26 25 25 20 21 20 14 24 30 21 26 20 22 23 24 12 24 20 18 30 28 23 28 33 39 28 28 28 35 16 29 32 27 20 26 20 22 19 26 25 25 19 9 16 20 12 12 13 11 14 14 9 14 12 13 9 23 17 14 12 16 8 17 11 10 7 16 14 8 15 9 9 14 9 18 10 9 12 19 11 8 17 11 13 13 13 19 9 10 15 18 15 12 14 19 17 14 17 16 19 15 12 25 12 18 18 18 25 14 18 12 16 19 10 17 13 11 16 18 10 11 8 7 5 8 13 13 17 13 3 0 
325 874 1907 1419 2415 2662 2433 2251 1752 1580 1436 1290 1130 928 771 792 773 656 670 661 705 814 706 665 642 614 597 592 572 625 576 652 570 546 555 565 544 489 566 594 593 626 649 643 608 637 614 634 661 631 711 712 808 881 998 877 797 834 769 765 753 718 680 643 682 726 663 746 802 836 818 858 849 828 773 824 869 870 853 808 824 787 809 775 753 711 638 614 644 550 373 283 288 278 376 464 497 427 329 236 158 174 186 169 157 156 169 169 164 185 187 206 203 196 233 255 337 357 430 517 529 641 764 865 932 1050 1111 1148 1151 1012 900 628 480 392 360 306 297 259 245 180 169 118 90 94 77 71 52 45 52 51 61 69 60 46 60 68 39 55 47 64 58 55 67 65 56 49 46 52 63 59 61 62 65 77 58 64 71 69 69 74 56 77 74 59 68 94 75 73 88 67 73 97 61 67 53 53 57 54 40 47 45 50 38 34 44 48 41 33 38 39 41 31 29 22 13 18 14 17 18 15 12 8 12 13 12 8 6 7 3 5 6 3 2 5 4 0 0 2 0 1 1 1 0 0 0 0 0 0 1 0 0 0 0 0 0 0 


0 0 0 0 0 0 2 1 5 4 3 7 9 4 7 164 252 672 1982 3634 4069 6518 8759 11210 10702 9303 9299 8861 8054 8436 8201 8806 9000 9287 10339 10083 9585 8960 8602 8204 8506 8470 8461 7635 7019 6425 6030 5675 5406 4933 4667 4764 3781 3579 3638 3657 3608 3562 3643 3644 3735 3756 3790 4122 3934 4286 4141 4231 4976 5323 5901 6431 5755 5393 5830 6040 6190 7102 7522 8258 7835 8121 9613 11090 12387 14925 17781 20635 23337 25809 25052 26145 24642 23801 22783 21289 20449 18262 15993 15903 13240 11577 10187 7653 6213 5566 5445 5180 5436 5254 4813 4915 4234 3600 2618 2582 2328 2255 2225 2039 1581 1389 1509 1239 1036 949 1057 1246 1210 1127 1197 1324 1354 1133 1067 1003 937 704 520 393 290 200 160 152 117 76 93 68 83 75 85 106 116 97 107 104 111 97 82 83 56 72 58 72 65 54 59 49 45 47 49 41 40 25 26 29 29 22 28 32 24 27 31 20 24 34 18 14 21 32 30 21 22 21 18 17 18 17 13 21 16 19 10 16 16 17 19 12 15 19 17 17 12 20 20 16 9 16 15 15 17 13 14 19 11 22 22 11 17 20 19 19 12 17 22 14 23 24 26 18 26 24 14 22 33 21 22 21 32 29 31 22 28 33 58 1059 
0 0 0 0 0 0 0 0 1 4 0 2 1 2 4 55 184 187 437 910 1766 3292 4131 4327 4987 5876 6550 7006 8271 9195 8943 9880 8039 7128 7731 7768 8826 8948 8238 7741 7870 8241 8355 8900 8750 8638 8671 8538 7228 6327 5863 5430 5421 5017 4788 4594 4514 4597 4095 3745 3833 3998 3735 3789 3786 3883 3739 3904 4099 4248 4328 4551 4790 5395 5516 5765 5774 5983 6421 7146 6258 6667 6969 6987 7331 7850 9798 11422 12290 15663 18478 21945 25921 29560 31422 29803 29367 27772 24586 21652 19475 18736 16475 13264 10204 8434 7117 6017 3991 3282 2388 2567 2992 2665 2242 2252 2224 2409 2651 2720 2308 2449 2981 2450 2129 1757 1730 1494 1430 1610 1323 1114 959 1058 1184 1225 1222 1139 1133 1241 1292 1309 1287 1271 1420 1491 1384 1208 815 648 525 528 383 294 274 245 190 163 129 121 101 101 118 110 115 92 100 88 81 72 60 74 70 66 69 61 46 32 41 33 32 31 38 27 29 33 17 18 11 14 17 9 15 10 11 4 3 4 0 3 5 5 5 4 5 0 3 3 2 2 2 1 3 0 3 1 2 3 4 7 1 2 3 3 2 5 5 1 4 3 8 6 4 4 4 5 3 1 2 1 6 7 3 7 2 5 3 4 8 1 4 10 11 12 8 296 
0 0 0 0 0 0 0 0 0 0 4 1 1 4 3 13 241 301 307 1269 2033 2850 4110 4101 4763 5341 7012 8015 8808 9015 8860 8767 7786 7757 8203 7605 7905 8339 7699 7297 6963 6640 6817 6817 7153 7087 7142 7151 7265 7138 6531 6490 6139 5459 4925 4466 4286 4151 4269 4175 3967 3805 3767 3779 3811 4010 4051 3893 4118 4349 4354 4314 4165 4340 4537 4443 4744 5515 5196 5302 5272 5989 6226 6115 7050 8462 8249 9215 10569 12947 15108 18172 20747 24206 29058 30513 30815 28480 27077 26674 24764 22509 19146 15954 12576 9548 8114 7258 6304 5635 4021 2987 2664 2246 2345 2109 1720 1472 1626 1512 1739 1966 1942 1912 1865 2292 2317 2354 2164 2487 2168 2289 2293 1885 1694 1747 1919 1649 1694 1302 1321 1141 916 902 944 1128 1233 1137 982 891 1001 1237 1239 1249 1193 1159 1165 1030 1003 1027 702 537 539 482 461 422 261 175 136 156 98 70 67 40 22 6 4 9 4 5 3 4 3 2 8 5 5 5 3 2 2 1 5 3 5 3 5 4 3 10 4 2 4 3 3 3 1 4 0 0 1 3 2 3 3 3 2 3 4 3 4 2 1 6 3 5 6 3 8 5 4 2 8 1 5 3 3 1 3 4 2 2 4 2 5 5 5 2 2 9 8 9 9 9 9 373 


