1
0 0 0 0 0 0 0 0 0 0 0 0 0 0 0 0 0 0 0 0 0 0 0 0 0 0 0 0 0 0 0 0 0 0 0 0 0 0 0 0 0 0 2 2 7 14 21 22 28 39 43 69 67 89 90 88 129 123 117 133 160 190 176 217 226 281 295 395 440 513 518 563 593 604 632 630 694 799 759 779 794 799 745 698 681 736 745 727 714 717 741 807 918 898 930 1031 1106 1055 1027 1053 1069 1083 1104 1092 1065 1188 1097 1127 1236 1205 1259 1245 1285 1241 1258 1241 1269 1251 1164 1169 1257 1184 1144 1115 1075 1083 1078 1054 1144 1057 1068 1089 1066 1058 1048 1156 1156 1048 920 917 810 723 706 667 600 486 450 376 309 224 158 135 99 66 38 19 6 4 0 0 0 0 0 0 0 0 0 0 0 0 0 0 0 1 1 0 0 0 1 0 0 0 0 0 0 0 0 0 0 0 0 0 1 0 0 0 0 0 0 0 0 0 0 0 0 0 0 0 0 0 0 0 0 0 0 0 0 0 0 0 0 0 0 0 0 0 0 0 0 0 0 0 0 0 0 0 0 0 0 0 0 0 0 0 0 0 0 0 0 0 0 0 0 0 0 0 
0 0 0 0 0 0 0 0 0 0 0 0 0 0 0 0 0 0 0 0 0 0 0 0 0 0 0 0 0 0 0 0 0 0 1 2 3 12 22 30 42 42 87 84 97 112 112 140 148 174 184 209 228 274 301 325 484 594 552 645 673 683 667 769 940 835 814 876 888 824 805 778 837 848 774 807 844 933 1037 1016 1108 1211 1171 1192 1175 1208 1182 1193 1196 1208 1232 1231 1226 1208 1386 1363 1370 1306 1398 1348 1350 1273 1255 1324 1275 1237 1190 1252 1144 1160 1134 1196 1270 1160 1225 1238 1310 1340 1252 1136 1025 915 888 841 700 707 581 487 391 265 198 153 83 86 51 37 22 19 11 8 9 9 6 1 4 2 2 1 0 4 0 0 7 3 1 1 2 0 1 1 0 0 1 0 0 0 0 0 1 0 0 0 0 0 1 0 0 0 0 0 1 0 0 1 0 0 0 0 0 1 0 0 0 0 0 0 0 0 0 0 0 0 0 0 0 1 0 0 0 0 0 0 0 0 0 0 0 0 0 0 0 0 0 0 0 0 0 0 0 0 0 0 0 0 0 0 0 0 0 0 0 0 0 0 0 0 0 0 0 0 0 0 0 0 0 0 
0 0 0 0 0 0 0 0 0 0 0 0 0 0 0 0 0 0 0 0 0 0 0 0 0 0 0 0 0 0 0 0 0 0 0 0 0 0 0 0 0 0 0 2 2 7 15 18 23 34 37 46 72 66 84 92 84 116 123 115 136 157 169 179 198 244 241 263 340 437 517 447 536 590 540 590 587 639 766 707 715 686 751 724 721 703 628 649 704 747 665 665 692 713 846 915 854 901 981 1060 955 1059 980 1031 981 1053 1000 976 1072 1066 1022 1066 1120 1109 1187 1155 1138 1137 1153 1176 1176 1174 1128 1190 1228 1191 1197 1140 1175 1122 1052 1053 1020 1053 1129 1091 1022 1094 1065 1150 1127 1099 959 907 792 763 765 655 562 572 474 415 289 240 196 145 109 68 59 31 24 4 5 1 0 1 0 2 2 3 3 1 4 1 1 2 0 1 1 0 0 1 0 0 0 0 0 0 0 1 0 0 0 0 1 0 1 0 0 0 0 0 0 1 0 0 0 0 0 0 0 0 0 0 0 0 0 0 1 0 0 0 0 0 0 0 0 0 0 0 0 0 0 0 0 0 0 0 0 0 0 0 0 0 0 0 0 0 0 0 0 0 0 0 0 0 


24 0 0 0 0 0 0 0 0 0 0 0 0 0 0 1 0 0 0 1 0 0 0 1 0 0 0 0 0 0 1 0 0 0 0 0 0 0 0 0 1 1 3 2 5 5 4 3 6 7 5 6 5 5 6 8 7 12 14 18 28 22 32 40 46 31 50 37 48 42 53 50 55 59 71 77 89 117 145 171 200 252 310 348 403 418 544 653 763 906 1043 1334 1474 1552 1916 2107 2550 2814 3158 3658 4129 4916 5457 5933 6337 6889 7395 8516 8747 9108 8850 9319 10132 10360 10344 10092 9755 9960 10014 10099 9996 9965 9884 10006 10095 10227 10369 10468 11764 10894 10798 10331 10475 10940 11296 11177 10879 10520 10590 10903 11227 11016 10259 9828 9716 9817 9839 9470 8964 8461 8785 8739 8518 8272 8526 8901 9239 9466 9209 9888 9589 9995 9675 9813 9393 9561 9859 9919 9795 9267 8922 8996 9256 9080 8678 8247 7889 8074 8117 7744 7471 7430 7465 6953 6431 5967 5712 5483 5646 5109 4783 4824 4466 4432 4274 3899 3828 3875 3810 3604 3508 3043 2884 2759 2577 2429 2371 2237 2232 1955 1712 1697 1551 1228 1105 960 751 687 511 397 355 256 196 165 110 79 77 57 38 36 45 34 20 28 26 35 35 40 22 12 13 17 5 21 10 14 10 18 4 9 5 13 8 11 31 1620 
24 0 0 0 0 0 0 0 0 0 0 0 0 0 0 0 0 1 0 0 0 1 0 0 0 0 0 1 0 0 0 0 0 0 1 0 0 0 0 0 0 0 1 0 0 1 1 0 3 2 3 2 1 1 0 3 2 4 0 6 3 2 8 4 6 6 7 5 10 7 9 14 11 19 9 16 19 23 27 25 32 26 35 36 58 49 59 59 65 49 88 79 86 134 124 144 166 183 203 255 287 379 416 508 629 688 850 1066 1177 1222 1348 1378 1700 1962 2268 2475 2749 3160 3851 4595 5090 5320 5638 6519 7463 8023 8554 9204 11177 11458 10882 10095 10131 10562 11284 11601 10911 10192 9994 10723 11469 11254 10831 10195 10584 11198 11520 11214 10623 10501 11399 11923 11488 10896 11375 12189 12421 12203 11317 11614 11419 11517 11694 10813 10576 10366 11044 11419 10813 10109 10046 10401 10969 11054 10502 10319 10349 10902 11133 10724 10648 11015 11805 11577 10361 9792 9768 10038 10291 9330 8744 8676 8435 8240 7491 6799 6258 6120 6068 5552 4982 4529 4530 4410 4355 3978 4001 4191 4071 3659 3282 3126 3213 3203 2885 2556 2383 2446 2217 1922 1528 1370 1405 1359 966 777 643 574 360 298 245 218 141 122 93 61 77 56 44 33 23 11 6 12 19 15 16 15 21 6 7 11 12 11 30 1624 
24 0 0 0 0 0 0 0 0 0 0 0 0 0 0 0 0 0 0 1 0 0 0 0 1 0 0 0 0 0 0 1 0 0 0 0 0 0 0 1 0 0 0 0 0 0 0 0 0 0 0 0 2 1 0 1 2 0 1 2 1 2 1 2 0 2 2 1 1 0 0 2 3 1 5 4 4 2 5 5 3 7 7 6 5 12 5 11 10 6 18 21 16 19 26 29 25 30 47 28 46 31 43 50 51 76 83 92 125 118 156 157 243 239 331 389 413 486 645 693 788 797 894 919 1066 1153 1215 1455 1718 1858 1999 2189 2471 2804 3305 3728 4113 4122 4600 5342 6226 6751 7356 7794 8333 9870 10522 10742 10190 9995 10234 10416 10170 10347 10469 11437 11699 11777 11379 12295 11909 12326 12092 11784 10913 11196 11800 11894 11941 11216 11165 11485 12316 12490 11920 11328 10998 11454 11731 11472 11439 11813 12181 12508 12234 11887 12214 12564 13281 12904 12755 13760 13542 13836 13724 13086 12637 12775 13243 12195 11128 10492 10262 9916 9084 8425 8223 8137 8066 7023 6544 6025 5926 5693 5396 5011 4605 4879 4618 4418 3969 3584 3701 3809 3109 2803 2611 2434 2179 1824 1512 1373 1104 887 751 660 559 440 218 183 138 104 78 40 45 48 33 34 30 30 8 9 15 13 29 1627 


