1
0 0 0 0 0 0 0 0 0 0 0 0 0 0 0 0 0 0 0 0 0 0 0 0 0 1 0 0 0 0 0 0 0 0 0 0 0 1 0 0 6 8 18 37 71 102 173 246 317 461 519 402 279 236 212 252 284 1102 2724 2575 4320 4061 3125 3088 3557 4199 5769 36930 3522 5835 4318 1810 1082 5900 2286 334 305 245 269 219 213 194 240 206 264 258 288 357 199 78 67 54 69 52 77 86 96 82 46 20 6 0 1 0 0 0 0 0 0 0 0 0 0 0 0 0 0 0 0 0 0 0 0 0 0 0 0 0 0 0 0 0 0 0 0 0 0 0 0 0 0 0 0 0 0 0 0 0 0 0 0 0 0 0 0 0 0 0 0 0 0 0 0 0 0 0 0 0 0 0 0 0 0 0 0 0 0 0 0 0 0 0 0 0 0 0 0 0 0 0 0 0 0 0 0 0 0 0 0 0 0 0 0 0 0 0 0 0 0 0 0 0 0 0 0 0 0 0 0 0 0 0 0 0 0 0 0 0 0 0 0 0 0 0 0 0 0 0 0 0 0 0 0 0 0 0 0 0 0 0 0 0 0 0 0 0 
0 0 0 0 0 0 0 0 0 0 0 0 0 0 0 0 0 0 0 0 0 0 0 0 0 0 0 0 0 0 0 1 0 0 0 0 0 0 0 0 0 0 0 0 0 1 0 0 0 5 6 21 34 56 64 119 151 220 283 362 508 502 395 260 233 315 311 385 386 367 303 322 259 231 204 171 197 159 169 160 166 162 140 136 155 140 185 195 166 126 77 21 10 11 8 12 8 10 13 5 11 4 7 8 7 4 5 5 9 7 5 5 16 7 12 4 9 6 7 8 11 4 6 6 5 4 10 5 4 9 10 7 4 6 6 7 16 9 5 9 2 11 8 1 7 3 9 8 10 15 8 11 11 5 8 8 7 11 4 5 4 4 10 10 32 246 539 968 1084 1530 1329 1838 2041 2305 2129 2365 2672 1881 1505 1235 718 581 564 549 724 950 1226 1991 4374 7586 19152 21243 557 406 309 339 428 608 1221 4030 2754 608 119 33 9 0 0 0 0 0 0 0 0 0 0 0 0 0 0 0 0 0 0 0 0 0 0 0 0 0 0 0 0 0 0 0 0 0 0 0 0 0 0 0 0 0 0 0 0 0 0 0 0 0 0 0 
0 0 0 0 0 0 0 0 0 0 0 0 0 0 0 0 0 0 0 0 0 0 0 0 0 0 0 0 0 0 0 0 0 0 0 0 1 0 0 0 0 0 0 0 0 0 0 0 0 0 1 0 0 0 0 1 7 16 30 65 58 108 121 181 204 295 360 550 481 416 281 318 371 431 398 402 361 311 292 232 226 175 203 172 180 180 177 194 196 236 227 192 109 26 13 9 10 6 7 9 7 4 9 8 7 13 11 8 4 6 5 12 6 4 5 1 6 5 6 4 6 8 7 16 6 9 6 8 6 4 4 10 3 10 4 5 5 4 9 5 3 6 6 9 5 4 5 8 8 13 7 4 4 5 8 3 6 10 4 5 3 12 6 9 11 12 8 10 10 3 12 3 8 6 5 1 4 4 3 4 13 11 81 403 561 840 1037 1254 1591 1595 1646 1892 1837 2460 2241 2325 1830 1425 1075 707 617 578 713 819 834 1275 1702 3084 4998 35959 6130 1944 526 395 346 339 429 683 1187 6968 106 106 161 56 11 1 0 0 0 0 0 0 0 0 0 0 0 0 0 0 0 0 0 0 0 0 0 0 0 0 0 0 0 0 0 0 


0 0 0 0 0 0 0 0 0 0 0 0 0 0 0 0 0 0 0 0 0 0 0 0 0 0 0 0 0 0 0 0 0 0 0 0 0 0 0 0 0 0 0 0 0 0 0 0 6 25 37 39 39 24 31 48 39 44 46 42 44 56 39 52 45 45 49 53 57 99 92 87 73 621 1051 105 96 105 100 94 106 115 94 88 101 129 119 115 106 121 143 114 124 90 97 115 172 222 331 533 838 1141 1627 2215 3133 3643 4350 5174 6808 7757 9489 11599 14770 16803 19397 20168 21578 22150 22484 22013 23911 24099 21876 19415 19883 17700 15874 15445 18990 13866 12594 11784 10233 8614 7078 6123 6155 6425 6914 7036 6311 5485 4975 4403 3769 3715 3577 3697 3463 3035 2746 2495 2551 2560 2673 2929 2753 2723 2798 2631 2602 2357 2274 2480 2498 2645 2494 2421 2263 2325 2664 2889 2828 3099 3361 3249 2897 2720 2747 2901 2831 2972 3049 2854 2693 2371 2278 2464 2760 2948 2883 3037 3151 3149 3227 3480 3607 3687 3387 2928 2780 2802 3128 3368 3376 3768 3705 3727 2973 2885 3321 4390 4398 5779 6173 5345 4992 6099 6926 8595 8917 9981 9390 7331 6422 6353 7350 7720 7165 6595 6548 7464 8459 7718 6537 4986 3365 2100 1305 839 266 91 42 24 14 5 1 0 0 0 0 0 0 0 0 0 
0 0 0 0 0 0 0 0 0 0 0 0 0 0 0 0 0 0 0 0 0 0 0 0 0 0 0 0 0 0 0 0 0 0 0 0 0 0 0 0 0 0 0 0 0 0 0 0 0 0 0 0 0 0 0 0 0 0 2 11 29 32 34 36 32 36 43 48 48 50 46 46 43 63 60 50 45 59 53 44 60 53 65 47 49 66 71 72 100 81 76 54 66 61 53 62 63 56 57 62 55 57 51 56 61 72 56 52 52 76 56 58 75 83 66 65 78 77 64 71 90 105 147 162 216 383 623 960 1703 2539 2750 3401 3896 4351 5634 7405 9415 11051 13576 15470 16841 17440 17016 17636 21646 24578 26175 26008 25011 21144 18818 18236 19454 19610 19166 18387 16020 14343 12169 10143 9594 9065 8667 7992 7202 6129 5144 4340 4151 4430 4163 4088 3774 3320 3337 3354 2880 2758 2910 3077 3483 3388 3502 3060 3042 3212 3881 4299 4230 4411 4534 4114 3991 3526 3706 3955 4052 3785 3443 3611 3631 3393 3895 4079 4566 4751 4776 3765 2496 2713 3103 3613 4240 4533 4029 3595 3676 4663 5587 6668 7311 9459 9058 8204 8367 10624 13457 15857 13704 9746 8110 8970 9936 10063 9211 7790 5014 2926 1851 1078 369 120 48 13 5 1 0 0 0 0 0 0 0 0 0 0 
0 0 0 0 0 0 0 0 0 0 0 0 0 0 0 0 0 0 0 0 0 0 0 0 0 0 0 0 0 0 0 0 0 0 0 0 0 0 0 0 0 0 0 0 0 0 0 0 0 0 0 0 0 0 0 0 0 0 0 0 0 0 0 0 0 0 7 23 36 31 38 24 43 53 48 56 42 42 59 49 57 51 42 64 49 50 47 56 59 62 75 87 92 67 61 47 48 57 48 53 58 61 49 41 39 51 58 65 45 54 51 45 53 69 46 45 55 57 64 60 39 67 59 56 67 69 53 63 56 62 64 62 67 63 80 67 74 70 66 74 82 98 83 87 122 145 201 354 648 1223 2491 3453 4443 5423 6865 8600 11870 15381 18043 19586 20750 20782 22075 23386 26297 27585 26573 24400 22867 22006 20548 18461 18408 17994 17433 15266 13315 11750 9804 8695 8198 8690 8223 7115 6477 5915 5444 4784 4141 3816 4040 4179 4172 4235 4379 3836 3603 3735 4449 4704 5048 5295 5022 4606 4340 3836 3673 4035 4433 4264 4037 4132 4242 4373 5037 5664 5529 5153 4690 6426 5065 4727 4641 5150 6036 7215 8223 10593 10036 9661 12035 15170 17008 15316 12171 10750 10182 10397 10544 9444 6216 3383 1546 494 141 49 18 5 1 0 0 0 0 0 0 0 


