1
0 0 0 0 0 0 0 0 0 0 0 0 0 0 0 0 0 0 0 0 0 0 0 0 0 0 0 0 0 0 0 0 0 1 4 2 5 4 7 7 6 18 11 20 39 93 120 202 303 498 538 626 684 742 644 668 535 457 448 635 1156 2254 3483 4789 4752 4267 2636 4707 8399 45746 1142 2768 782 588 735 7748 1312 313 225 240 230 211 424 421 410 265 127 150 108 88 99 116 115 131 97 83 45 23 7 7 5 7 3 6 4 2 5 2 3 3 0 1 3 0 2 1 0 4 2 0 0 0 1 0 1 1 0 0 0 0 0 0 0 0 0 0 0 0 0 0 0 0 0 0 0 0 0 0 0 0 0 0 0 0 0 0 0 0 0 0 0 0 0 0 0 0 0 0 0 0 0 0 0 0 0 0 0 0 0 0 0 0 0 0 0 0 0 0 0 0 0 0 0 0 0 0 0 0 0 0 0 0 0 0 0 0 0 0 0 0 0 0 0 0 0 0 0 0 0 0 0 0 0 0 0 0 0 0 0 0 0 0 0 0 0 0 0 0 0 0 0 0 0 0 0 0 0 0 0 0 0 0 0 0 0 0 
0 0 0 0 0 0 0 0 0 0 0 0 0 0 0 0 0 0 0 0 0 0 0 0 0 0 0 0 0 0 0 0 0 0 0 0 0 0 0 0 2 2 2 2 7 5 2 5 9 16 22 38 77 119 186 240 413 493 575 618 757 693 648 542 521 431 252 198 107 58 41 31 29 21 16 19 26 34 15 18 21 16 20 18 16 12 16 16 27 24 15 17 11 17 13 15 8 6 10 12 11 13 13 15 11 8 11 12 13 11 18 10 15 14 7 3 9 7 2 1 5 9 15 7 5 2 2 4 7 25 18 13 7 10 7 8 15 8 8 4 1 6 6 4 2 5 18 16 11 12 5 4 4 2 6 11 18 7 2 2 6 7 16 14 13 29 35 35 32 29 69 303 490 838 1180 1294 1601 1599 1770 2247 2028 2333 2090 2032 1333 881 674 662 758 903 1197 1448 2293 3383 4745 8043 33824 7070 382 318 617 783 695 606 963 4834 3020 909 6 5 2 2 1 0 0 0 0 0 0 0 0 0 0 0 0 0 0 0 0 0 0 0 0 0 0 0 0 0 0 0 0 0 0 0 0 0 0 0 0 0 0 0 0 0 0 0 
0 0 0 0 0 0 0 0 0 0 0 0 0 0 0 0 0 0 0 0 0 0 0 0 0 0 0 0 0 0 0 0 0 0 0 0 0 0 0 0 0 0 0 0 0 0 0 2 3 2 3 5 5 4 5 12 30 43 58 128 194 271 440 454 584 604 670 750 715 647 529 370 229 145 65 37 30 39 29 28 14 28 16 19 20 23 21 18 19 13 16 16 15 15 15 15 14 17 27 17 20 14 8 11 12 13 11 3 9 10 11 6 14 10 15 12 8 10 8 11 4 18 13 13 14 10 8 6 8 4 1 1 2 5 13 12 6 3 3 5 2 1 8 26 20 7 11 10 4 1 15 12 9 6 2 0 2 6 5 3 6 7 20 12 8 9 5 4 3 3 3 8 20 9 2 1 6 2 4 16 14 12 26 31 33 25 34 31 54 173 365 568 837 1126 1108 1445 1385 1737 1671 1842 2065 1963 2289 2043 1129 707 644 641 739 987 1123 1198 2205 2502 3644 5332 7155 38129 355 253 272 255 509 983 754 747 1138 7973 139 18 5 5 1 2 0 0 0 0 0 0 0 0 0 0 0 0 0 0 0 0 0 0 0 0 0 0 


0 0 0 0 0 0 0 0 0 0 0 0 0 0 0 0 0 0 0 0 0 0 0 0 0 0 0 0 0 0 0 0 0 0 0 0 0 0 0 0 0 0 0 0 3 4 1 4 3 17 25 25 57 134 172 185 149 111 99 94 81 84 52 59 70 50 51 43 59 61 51 51 63 54 92 1920 264 150 122 115 124 111 105 127 100 120 112 91 119 122 123 104 99 112 151 112 167 174 162 191 237 320 460 799 1410 2377 2992 3616 4227 4373 5049 5971 7087 8562 9323 9227 9705 10789 12313 13462 13234 12859 13932 15297 17839 18762 19199 19446 20816 19952 22495 21907 22129 20844 20741 21126 23390 23074 22200 19718 18918 17393 17129 17510 18659 17264 15357 13332 13719 13845 13818 12961 12225 10818 10573 10541 11221 11069 10122 8559 8026 8027 8305 7609 6764 5684 5129 4746 4951 4765 4072 3508 2944 2376 1992 1869 1979 1784 1423 1326 1417 1365 1392 1254 1068 964 980 1003 1062 936 807 900 980 1019 853 807 681 537 419 399 355 291 252 231 226 177 129 92 71 35 12 12 6 16 3 1 4 0 0 0 0 0 0 0 0 0 0 0 0 0 0 0 0 0 0 0 0 0 0 0 0 0 0 0 0 0 0 0 0 0 0 0 0 0 0 0 
0 0 0 0 0 0 0 0 0 0 0 0 0 0 0 0 0 0 0 0 0 0 0 0 0 0 0 0 0 0 0 0 0 0 0 0 0 0 0 0 0 0 0 0 0 0 0 0 0 0 0 0 3 2 2 3 5 17 25 34 87 154 196 188 128 94 86 89 79 44 48 42 47 62 39 40 50 42 47 46 46 50 54 48 50 67 56 51 54 68 60 49 64 70 60 65 81 58 55 70 67 84 69 67 71 67 69 93 88 83 77 80 91 121 117 115 140 161 191 226 320 485 910 1642 2493 3331 3822 4124 6956 6241 7089 8076 8526 8611 10744 12425 15472 16475 16162 14524 13897 14856 17793 17131 15610 17024 17761 19101 22386 24937 26386 25194 22938 21468 21573 21578 22269 19479 17902 16962 18494 19844 19995 19259 16759 14163 13277 12803 13621 13109 12303 10676 9085 8980 9942 10399 10156 8631 7376 6855 7209 7452 6861 5847 4783 4239 4281 4652 4511 3805 3042 2645 2770 2626 2157 1699 1352 1233 1355 1406 1327 1060 1038 1072 1130 2038 1299 644 449 323 387 310 318 221 213 142 80 42 25 13 10 5 1 2 2 0 0 0 0 0 0 0 0 0 0 0 0 0 0 0 0 0 0 0 0 0 0 0 0 0 0 0 0 0 0 0 
0 0 0 0 0 0 0 0 0 0 0 0 0 0 0 0 0 0 0 0 0 0 0 0 0 0 0 0 0 0 0 0 0 0 0 0 0 0 0 0 0 0 0 0 0 0 0 0 0 0 0 0 0 0 0 0 0 0 0 1 4 2 7 10 22 35 82 174 184 176 133 100 89 73 60 59 41 40 34 50 43 33 43 45 41 39 26 44 47 43 47 53 49 42 51 44 63 45 46 56 51 49 69 65 52 51 58 58 64 58 68 63 56 79 54 52 77 73 79 75 63 60 71 99 88 88 80 69 106 111 114 114 167 306 656 1092 1400 1745 2608 3610 4539 4904 4745 5784 7238 8563 10226 11703 12647 12954 14182 15750 16463 15739 15376 14129 15368 16198 17496 18362 19343 18239 18899 19452 21215 21623 21996 20790 20079 19188 19825 20418 19750 17445 16836 16881 18399 19771 19944 17524 14810 12897 13079 13230 13475 11918 10428 10021 10525 10412 10221 9613 8564 7734 8011 7901 6918 5986 5004 4763 5140 5250 4862 4090 3080 2505 2453 2304 1993 1582 1392 1306 1242 1201 1223 1235 1066 962 1039 783 579 502 427 410 375 308 437 1887 55 24 21 17 5 2 2 2 0 0 0 0 0 0 0 0 0 0 0 0 0 0 0 0 0 0 0 0 


