1
0 0 0 0 0 0 0 0 0 0 0 0 0 0 0 0 0 0 0 0 0 0 0 0 0 0 0 0 0 0 0 0 0 0 0 2 0 3 1 0 0 2 2 4 3 6 4 5 11 9 18 21 43 52 79 89 318 1811 2581 4790 4480 5225 2883 1437 1263 1626 3278 22045 10024 2571 999 828 977 3226 2241 1195 1303 1284 793 262 206 133 64 58 65 36 33 41 35 24 20 17 16 16 8 8 3 4 4 2 4 2 0 2 0 1 0 0 0 1 1 0 0 0 0 0 0 0 0 0 0 0 0 0 0 0 0 0 0 0 0 0 0 0 0 0 0 0 0 0 0 0 0 0 0 0 0 0 0 0 0 0 0 0 0 0 0 0 0 0 0 0 0 0 0 0 0 0 0 0 0 0 0 0 0 0 0 0 0 0 0 0 0 0 0 0 0 0 0 0 0 0 0 0 0 0 0 0 0 0 0 0 0 0 0 0 0 0 0 0 0 0 0 0 0 0 0 0 0 0 0 0 0 0 0 0 0 0 0 0 0 0 0 0 0 0 0 0 0 0 0 0 0 0 0 0 0 0 0 0 0 0 0 0 0 0 
0 0 0 0 0 0 0 0 0 0 0 0 0 0 0 0 0 0 0 0 0 0 0 0 0 0 0 0 0 0 0 0 0 0 0 0 0 0 0 0 0 0 0 0 0 0 2 1 1 0 0 0 1 3 1 4 0 5 6 12 9 27 30 56 56 74 82 97 130 187 244 322 419 400 352 398 455 526 484 451 348 303 252 189 133 87 71 48 26 30 9 19 12 13 15 13 9 13 10 10 12 11 5 8 10 11 8 14 10 1 7 7 12 8 6 6 12 9 2 8 7 6 8 7 21 24 10 3 5 8 10 3 10 12 3 13 12 21 13 8 3 2 3 4 7 4 5 9 6 4 5 5 4 5 7 2 3 1 2 4 7 8 18 198 491 727 1182 1461 1397 1834 1352 2369 1995 2296 2134 1886 1005 442 402 379 466 476 608 766 930 2020 3904 5651 9400 15119 1997 2406 616 335 257 281 437 2185 2024 227 5 3 0 1 0 0 0 0 0 0 0 0 0 0 0 0 0 0 0 0 0 0 0 0 0 0 0 0 0 0 0 0 0 0 0 0 0 0 0 0 0 0 0 0 0 0 0 0 0 0 0 0 0 0 0 0 
0 0 0 0 0 0 0 0 0 0 0 0 0 0 0 0 0 0 0 0 0 0 0 0 0 0 0 0 0 0 0 0 0 0 0 0 0 0 0 0 0 0 0 0 0 0 0 0 0 0 0 1 1 2 0 0 0 0 0 2 1 2 3 0 6 11 8 18 22 41 51 67 58 90 108 134 159 183 258 330 402 443 380 473 572 516 430 354 280 284 212 134 82 82 40 28 21 21 14 11 8 12 17 12 11 16 8 13 6 10 10 9 5 4 6 14 8 9 7 14 4 5 5 10 9 7 5 5 13 6 3 2 9 6 6 9 10 22 17 10 0 1 8 7 7 4 14 10 2 14 14 20 7 5 6 4 1 4 5 5 4 6 4 5 7 3 5 6 4 3 4 5 3 0 1 2 4 8 10 1 52 367 432 861 954 1132 1449 1588 1497 1701 1762 1976 1989 2293 1572 1001 439 434 419 432 494 398 648 961 1334 2809 3158 11635 15780 1166 1708 2080 1446 374 265 309 507 3836 406 9 1 3 0 1 0 0 0 0 0 0 0 0 0 0 0 0 0 0 0 0 0 0 0 0 0 0 0 0 0 0 0 0 0 0 0 0 


0 0 0 0 0 0 0 0 0 0 0 0 0 0 0 0 0 0 0 0 0 0 0 0 0 0 0 0 0 0 0 0 0 0 0 0 0 0 0 0 0 0 0 0 0 0 0 3 1 1 2 2 0 2 0 3 0 2 0 2 10 28 28 40 55 74 70 90 100 166 98 123 151 167 647 578 174 120 80 87 72 54 48 53 60 55 53 59 57 56 55 38 36 54 48 56 77 72 57 49 38 46 57 63 68 73 76 61 67 52 51 60 56 78 80 59 76 60 70 60 76 85 79 85 67 85 78 100 139 180 270 301 211 179 223 236 318 543 921 1248 1536 1813 1995 2638 3254 4011 4457 5214 5470 6136 7528 9004 11295 12897 14459 16022 16648 16185 18272 20782 23438 26630 29635 30230 30494 32851 36288 36496 34049 32243 29211 27261 27282 26958 27780 26771 26189 23299 20805 17476 17293 15913 15044 13567 12538 10191 8870 7329 6737 5855 5409 4119 3121 2765 3286 3065 2912 2584 2581 2275 2020 2286 2616 2543 2250 1889 1549 1264 1192 923 584 547 271 185 88 33 17 1 0 0 0 0 0 0 0 0 0 0 0 0 0 0 0 0 0 0 0 0 0 0 0 0 0 0 0 0 0 0 0 0 0 0 0 0 0 0 
0 0 0 0 0 0 0 0 0 0 0 0 0 0 0 0 0 0 0 0 0 0 0 0 0 0 0 0 0 0 0 0 0 0 0 0 0 0 0 0 0 0 0 0 0 0 0 0 0 0 0 0 0 0 0 0 0 0 3 1 1 1 3 0 2 0 1 2 0 1 4 11 22 35 40 53 60 69 64 74 74 52 104 74 83 57 66 47 60 36 26 31 31 37 32 27 26 29 28 21 28 33 23 33 37 22 42 33 47 29 16 43 38 26 33 39 23 42 45 40 42 40 41 29 61 40 44 24 46 42 39 41 48 55 58 45 40 40 53 44 36 39 66 68 51 44 67 88 81 95 132 175 279 249 139 120 157 205 252 282 517 781 1149 1275 1587 2167 2762 3476 3287 3045 3178 3800 4051 4991 6553 7606 7673 8041 9645 12268 14397 14460 15442 16360 16388 18394 23621 30459 34794 34523 30347 30504 33952 33314 33094 30799 28777 25511 25920 26580 28952 28707 28296 25245 20992 18067 18181 18421 17980 15650 12819 9718 8120 7513 6844 5644 4352 3377 2684 2377 3103 3681 3398 3330 2902 1981 1977 1843 1547 1059 700 379 240 235 43 0 0 0 0 0 0 0 0 0 0 0 0 0 0 0 0 0 0 0 0 0 
0 0 0 0 0 0 0 0 0 0 0 0 0 0 0 0 0 0 0 0 0 0 0 0 0 0 0 0 0 0 0 0 0 0 0 0 0 0 0 0 0 0 0 0 0 0 0 0 0 0 0 0 0 0 0 0 0 0 0 0 0 0 0 0 0 0 0 0 0 3 1 1 1 3 0 2 1 0 2 7 24 32 36 52 73 73 64 71 69 99 81 81 70 73 37 53 40 33 25 15 17 25 27 46 47 24 23 18 20 16 16 24 30 27 30 27 41 37 41 31 26 29 22 27 17 36 24 36 36 43 53 35 38 36 42 15 33 40 33 45 43 40 36 48 39 44 36 40 28 44 50 42 54 38 46 39 40 53 44 48 57 76 97 173 247 196 171 177 213 225 201 274 309 400 685 1036 1429 1771 2306 2678 2087 2091 2639 2793 2488 2911 3185 3812 4315 5676 6812 7851 7840 6562 6096 7270 8764 10813 12588 14404 15585 16705 20592 25764 28418 30781 29827 27093 27189 28224 29797 29906 29570 27778 27803 28927 30972 34221 35034 31795 28112 24929 24325 24332 23012 18746 14616 10950 9041 8059 6701 5300 4651 4370 3776 3544 3349 3057 2484 2129 1386 799 388 287 146 7 0 0 0 0 0 0 0 0 0 0 


