1
0 0 0 0 0 0 0 0 0 0 0 0 0 0 0 0 0 0 0 0 0 0 0 0 0 0 0 0 0 0 0 0 0 0 0 0 0 1 1 1 1 0 0 2 2 5 4 4 7 4 2 5 12 7 18 1109 2325 2737 3379 3558 1604 1917 2554 4389 8130 34117 8101 2970 1326 1437 3970 3272 1342 306 395 456 548 563 651 598 690 710 686 749 857 715 637 457 396 235 130 65 43 42 37 27 25 22 16 22 18 17 18 13 20 20 15 11 15 15 20 10 13 13 16 9 14 11 9 14 10 10 11 9 12 13 6 10 16 8 10 7 9 13 11 7 12 10 12 10 8 10 11 10 12 9 6 14 13 5 10 11 8 13 9 8 13 8 10 8 7 8 7 8 7 7 6 8 3 4 6 4 4 4 2 5 3 3 0 1 2 1 1 0 0 0 0 0 0 0 0 0 0 0 0 0 0 0 0 0 0 0 0 0 0 0 0 0 0 0 0 0 0 0 0 0 0 0 0 0 0 0 0 0 0 0 0 0 0 0 0 0 0 0 0 0 0 0 0 0 0 0 0 0 0 0 0 0 0 0 0 0 0 0 0 0 
0 0 0 0 0 0 0 0 0 0 0 0 0 0 0 0 0 0 0 0 0 0 0 0 0 0 0 0 0 0 0 0 0 0 0 0 0 0 0 0 0 0 0 0 0 0 0 0 1 0 0 0 0 1 0 0 0 0 0 0 0 0 1 2 0 1 3 8 14 27 34 54 70 84 96 118 159 225 337 403 426 497 565 688 666 778 786 736 570 449 347 176 98 37 49 33 24 37 26 38 25 21 41 21 26 25 24 26 13 22 26 34 31 25 21 23 23 30 19 15 21 21 19 17 24 18 18 21 26 10 16 22 14 15 24 13 23 23 14 22 31 18 22 23 25 24 13 18 24 24 21 19 11 20 21 19 21 23 25 52 411 798 1033 1058 1386 1467 1780 2336 1954 2249 2169 2291 1403 1302 1194 705 559 584 865 1114 1526 2644 4646 10237 27081 6676 519 356 290 341 295 398 1887 4457 1127 43 7 6 1 0 0 0 0 0 0 0 0 0 0 0 0 0 0 0 0 0 0 0 0 0 0 0 0 0 0 0 0 0 0 0 0 0 0 0 0 0 0 0 0 0 0 0 0 0 0 0 0 0 0 0 0 0 0 0 0 0 
0 0 0 0 0 0 0 0 0 0 0 0 0 0 0 0 0 0 0 0 0 0 0 0 0 0 0 0 0 0 0 0 0 0 0 0 0 0 0 0 0 0 0 0 0 0 0 0 0 1 0 0 0 1 0 0 0 0 0 0 0 0 0 0 2 0 2 2 6 6 29 21 51 61 82 89 99 108 149 170 323 419 443 493 627 707 667 680 769 737 611 459 315 175 91 45 46 41 22 30 24 25 26 19 35 30 19 20 28 32 18 22 15 20 24 18 19 19 26 24 25 26 19 21 19 24 13 19 22 13 18 15 18 18 13 14 21 18 24 21 14 15 12 15 19 16 20 19 16 21 19 12 25 20 22 14 26 19 21 17 17 16 27 14 16 15 24 14 11 14 17 22 18 9 24 14 56 416 740 807 982 1266 1352 1702 1559 1893 2233 2304 2034 1954 1390 1196 1157 756 568 709 811 934 1196 1980 3289 4501 32734 7557 1309 552 377 350 333 319 525 4348 2696 195 35 8 3 2 0 0 0 0 0 0 0 0 0 0 0 0 0 0 0 0 0 0 0 0 0 0 0 0 0 0 0 0 0 0 0 0 0 0 0 0 0 0 


0 0 0 0 0 0 0 0 0 0 0 0 0 0 0 0 0 0 0 0 0 0 0 0 0 0 0 0 0 0 0 0 0 0 0 0 0 0 0 0 0 0 1 0 0 0 0 0 0 0 0 0 0 0 0 0 0 0 0 0 0 0 0 0 0 0 45 16 15 12 124 612 595 21 42 17 41 22 57 54 42 48 29 49 53 55 81 67 66 41 45 45 45 53 46 33 40 32 32 38 32 31 30 31 39 35 43 41 41 29 34 31 39 43 37 54 66 75 93 140 230 306 369 456 559 767 1145 1557 1745 1709 1785 1925 1738 1766 1914 2300 2582 3206 3199 3232 2725 2551 2275 2364 2644 2633 2673 3241 3272 3443 3239 3045 2930 3694 4191 4639 5454 5724 6236 7018 7159 7960 9094 10427 11737 13349 14151 15224 15058 17379 17367 16893 16955 18706 20219 20699 19058 17298 15294 14252 12232 12209 13666 16147 16457 16783 15613 14729 12830 12452 12751 14057 15746 15087 14064 13207 11677 10719 9172 9052 9901 10787 10372 9511 8246 7113 5909 5420 4973 5689 6255 5970 5808 5427 5217 5516 4617 4779 5354 6619 6508 6472 7367 7723 8060 6932 7331 8808 8474 6643 4062 2814 2018 1276 763 690 619 486 568 406 334 302 388 374 343 266 205 82 28 2 0 0 0 0 0 0 
0 0 0 0 0 0 0 0 0 0 0 0 0 0 0 0 0 0 0 0 0 0 0 0 0 0 0 0 0 0 0 0 0 0 0 0 0 0 0 0 0 0 0 0 0 0 0 0 0 0 0 0 0 0 0 0 0 0 0 0 0 0 0 0 0 0 0 0 0 0 0 0 0 0 0 0 0 0 2 9 9 8 24 21 26 36 22 40 45 47 38 39 34 32 30 26 31 18 31 25 27 14 26 23 24 35 23 22 16 29 26 27 27 33 18 26 27 29 40 32 23 34 31 35 36 46 31 29 37 29 47 34 36 41 33 43 46 48 51 49 54 71 79 141 267 395 706 976 1062 1368 1456 1475 1748 2423 2830 2998 3085 3435 3375 3306 3209 3245 3882 4138 3857 4391 4023 4170 4711 5128 5089 6349 7158 8235 8684 9032 8910 9696 8851 7874 8412 10574 12800 14252 15007 16898 18329 19542 16547 15169 17559 23253 27802 28675 26938 27354 26363 23604 20551 22546 24346 23091 20493 18364 16672 14468 11625 9208 7231 10169 11107 10321 9037 8341 6886 6435 4914 4863 5520 6663 6925 7315 6992 7223 5906 6150 7599 9319 10621 10951 10273 8689 6033 4829 4818 3952 2251 1705 624 446 296 378 441 441 348 269 160 100 50 16 7 1 0 0 0 0 
0 0 0 0 0 0 0 0 0 0 0 0 0 0 0 0 0 0 0 0 0 0 0 0 0 0 0 0 0 0 0 0 0 0 0 0 0 0 0 0 0 0 0 0 0 0 0 0 0 0 0 0 0 0 0 0 0 0 0 0 0 0 0 0 0 0 0 0 0 0 0 0 0 0 0 0 0 0 0 0 0 4 8 7 16 20 26 26 30 20 48 56 46 38 34 30 33 29 24 24 25 25 29 25 16 13 32 26 27 28 21 17 24 25 28 26 26 26 25 24 26 34 42 29 21 33 32 25 48 36 34 28 31 37 35 45 34 40 28 43 41 41 36 35 36 42 34 41 57 43 32 48 42 47 44 47 43 45 46 53 67 80 102 182 272 401 636 1102 1509 2291 2665 3314 3541 3802 3727 3967 4012 4381 4722 5705 6768 7192 6740 7222 7002 7556 8155 9820 11130 12557 11716 11753 11196 11542 10601 11288 12635 15782 18713 21531 23410 25992 27820 27957 25063 23969 27399 30181 29655 28965 25343 23648 20776 18953 17769 17771 15558 15558 13764 12023 10677 9954 7921 6929 6832 7859 8110 8486 8164 8315 8220 7941 7736 10916 12771 12531 10532 7698 5743 3777 2308 1981 810 551 409 627 568 370 237 162 80 50 36 16 6 0 


