1
0 0 0 0 0 0 0 0 0 0 0 0 0 0 0 0 0 0 0 0 0 0 0 0 0 0 0 0 0 0 0 0 0 0 0 0 0 1 5 5 11 20 28 33 42 68 70 91 136 199 291 245 190 181 123 133 274 1116 2825 2679 4432 3123 686 658 925 1371 1619 5752 7763 7719 667 509 403 348 479 1233 766 776 282 105 148 41 51 43 47 36 37 30 16 40 27 22 20 17 13 8 23 14 24 21 15 0 0 0 0 0 0 0 0 0 0 0 0 0 0 0 0 0 0 0 0 0 0 0 0 0 0 0 0 0 0 0 0 0 0 0 0 0 0 0 0 0 0 0 0 0 0 0 0 0 0 0 0 0 0 0 0 0 0 0 0 0 0 0 0 0 0 0 0 0 0 0 0 0 0 0 0 0 0 0 0 0 0 0 0 0 0 0 0 0 0 0 0 0 0 0 0 0 0 0 0 0 0 0 0 0 0 0 0 0 0 0 0 0 0 0 0 0 0 0 0 0 0 0 0 0 0 0 0 0 0 0 0 0 0 0 0 0 0 0 0 0 0 0 0 0 0 0 0 0 0 0 0 0 0 0 
0 0 0 0 0 0 0 0 0 0 0 0 0 0 0 0 0 0 0 0 0 0 0 0 0 0 0 0 0 0 0 0 0 0 0 0 0 0 0 0 0 0 0 0 0 0 1 1 3 4 3 11 14 14 21 30 41 44 52 63 81 110 184 268 262 153 153 135 116 129 135 134 160 129 108 89 165 139 45 51 37 12 10 15 8 3 8 9 9 8 4 8 3 7 9 5 6 1 7 8 5 12 10 4 8 4 5 7 11 0 9 4 2 2 7 2 1 5 5 3 0 3 4 5 7 11 5 0 3 2 5 9 13 15 13 13 3 4 3 5 8 12 10 6 3 4 5 3 3 3 0 2 4 5 4 1 5 3 17 14 3 4 9 145 382 619 933 1062 1044 1319 1029 1595 1506 1682 1444 1323 492 423 462 539 564 646 707 947 956 1840 3522 6350 3555 2138 4432 427 250 196 237 168 189 399 1349 517 85 17 3 0 0 0 0 0 0 0 0 0 0 0 0 0 0 0 0 0 0 0 0 0 0 0 0 0 0 0 0 0 0 0 0 0 0 0 0 0 0 0 0 0 0 0 0 0 0 0 0 0 0 0 0 0 
0 0 0 0 0 0 0 0 0 0 0 0 0 0 0 0 0 0 0 0 0 0 0 0 0 0 0 0 0 0 0 0 0 0 0 0 0 0 0 0 0 0 0 0 0 0 0 0 0 0 0 0 0 0 1 2 1 5 7 11 10 11 19 25 34 34 44 46 53 74 103 101 156 249 253 143 124 148 156 130 141 148 192 174 152 139 61 40 39 34 26 5 14 11 8 2 11 2 11 4 7 11 6 9 4 7 4 6 4 3 4 5 7 9 13 3 5 11 2 8 8 2 8 3 0 2 4 3 4 3 1 7 2 1 1 4 6 6 10 5 2 3 4 3 0 4 6 10 14 13 17 4 3 4 4 7 12 10 7 2 3 4 5 3 2 4 0 1 4 2 4 4 2 2 4 15 16 5 2 7 130 356 502 695 810 1011 949 1230 1285 1200 1438 1344 1510 1513 645 351 299 410 482 523 602 661 762 945 1037 2158 2834 4251 11094 568 371 303 213 240 205 199 358 1384 577 38 8 4 0 0 0 0 0 0 0 0 0 0 0 0 0 0 0 0 0 0 0 0 0 0 0 0 0 0 0 0 0 0 0 0 0 0 


0 0 0 0 0 0 0 0 0 0 5 54 157 369 582 822 931 922 757 683 544 574 556 632 643 762 826 960 921 845 706 665 553 581 570 576 658 696 754 865 965 1127 1259 1630 1838 2032 2114 2249 2086 2004 1922 1945 1592 1451 1284 1149 1023 947 938 818 869 820 848 789 1081 1285 1060 908 670 635 647 578 562 574 608 630 824 839 676 592 613 656 585 625 608 675 663 622 830 914 903 948 1025 791 620 579 598 561 645 652 714 671 757 808 779 901 955 1124 1136 1365 1591 1715 2046 2255 2471 2761 3676 4715 5607 6980 9324 12456 15468 17188 17210 17521 18467 19903 21587 20766 21088 20509 21194 16241 13367 11146 10719 12689 12677 12266 11839 12061 11081 11172 10240 9631 9517 10084 9428 9361 9789 9875 8509 8085 7224 8052 8948 9887 8958 8723 8736 9696 9763 10343 9255 10270 12060 12957 13693 13674 12637 11596 9705 9343 8808 9608 9653 9302 8786 6584 6245 5034 3840 3066 2738 2992 2951 3196 2948 2373 2044 2085 2250 2310 2284 2348 2283 2241 2175 2132 2247 2320 2546 2445 2264 2146 2035 2064 2102 2068 2250 2039 2138 1986 1828 1725 1634 1521 1291 1315 1220 1060 921 714 704 608 593 457 446 389 291 283 249 279 244 218 252 210 188 178 116 157 121 114 87 70 67 50 50 41 29 19 33 40 32 0 
0 0 0 0 0 0 0 0 0 0 0 0 0 0 11 89 204 418 554 645 729 781 624 597 510 499 490 514 507 557 519 519 525 556 545 673 648 707 721 764 756 796 716 686 640 653 681 713 810 847 1038 1112 1175 1287 1417 1482 1818 1880 1977 2051 2058 1893 1768 1673 1450 1302 1305 1345 1125 966 845 628 543 668 958 1254 994 678 566 687 633 585 564 580 574 682 651 603 658 759 788 782 836 953 1054 1210 1444 1218 981 736 655 583 551 561 662 635 634 581 522 519 517 456 471 429 416 435 468 453 473 470 451 448 435 457 495 509 524 560 607 561 525 541 568 555 600 582 663 735 769 917 1060 1206 1261 1326 1723 2138 2297 2460 3167 4187 5373 6165 7801 10298 14672 17795 19320 21401 22674 21783 20878 17051 17341 19909 21171 19763 19013 17386 16043 15055 12365 10834 10447 13105 14929 15353 14010 13016 12589 11777 9341 8945 9368 11766 13330 12695 11453 11016 11112 9897 9736 11989 15464 17632 17425 17981 17086 16706 12947 11189 10867 13123 13460 12134 9871 7897 6607 5744 3923 3469 3464 3516 2769 2280 1776 1441 1288 1061 1044 1099 1140 1014 872 845 719 608 691 595 678 590 526 367 241 178 129 79 42 29 28 24 23 13 8 2 0 0 0 0 0 0 0 0 0 0 0 0 
0 0 0 0 0 0 0 0 0 0 0 1 4 8 8 11 30 57 85 229 336 541 620 688 747 756 716 654 599 546 475 478 405 402 400 412 421 384 424 400 436 441 443 489 482 506 534 620 627 724 738 848 866 1002 976 1000 1071 1106 1222 1384 1401 1545 1814 1729 1684 1696 1844 2074 2255 2347 2355 1995 1726 1508 1390 1285 1228 1067 1051 960 863 945 966 1115 1003 1021 1123 1445 1433 1156 857 716 628 712 613 519 500 466 442 464 428 404 406 362 358 368 339 342 349 373 394 426 410 410 435 406 418 490 468 438 423 493 472 495 465 474 489 539 610 536 592 592 616 573 594 615 609 614 639 628 675 649 633 635 617 614 683 656 687 676 733 672 711 733 718 747 788 823 865 975 1034 1259 1410 1577 1708 1877 2205 2602 3189 3560 4137 5193 6651 7790 9500 10746 12556 15897 18681 20969 23093 23480 22082 19628 17189 18019 23034 24724 22472 20618 17383 15975 14593 13121 12662 12989 14921 15524 14621 14876 12892 12637 10544 8731 8700 10702 12489 13321 11927 12309 11730 12473 10495 11047 13585 16417 17887 17092 16908 14814 11223 12099 12597 11786 9303 6509 4409 3735 3336 2455 1870 1728 1462 1106 1038 947 824 546 505 646 619 614 502 474 353 182 83 37 13 1 2 1 0 0 0 0 


