1
1058 1355 476 325 297 315 326 342 345 349 322 331 223 281 323 301 382 402 470 597 805 1452 666 77 32 16 28 39 87 152 280 439 791 1237 1039 682 515 601 546 672 781 801 794 708 641 485 413 340 277 259 230 219 194 185 168 184 163 150 164 150 162 171 168 147 132 159 170 138 170 166 164 150 145 158 141 150 135 136 139 119 157 144 135 137 162 151 140 170 156 184 172 150 158 172 145 172 154 162 344 309 774 1669 3507 6163 9365 3830 507 172 177 198 174 152 169 182 177 177 186 172 186 211 207 197 201 202 188 211 202 212 215 225 237 212 244 228 240 268 255 283 273 291 338 316 334 312 336 342 350 402 373 386 408 430 406 406 457 438 451 435 428 373 437 395 338 361 303 354 331 297 317 312 331 324 354 372 336 375 317 393 377 395 432 510 592 700 980 1287 803 465 612 1051 1729 1158 57 66 63 93 62 73 68 79 81 74 83 92 75 89 86 86 86 95 106 100 89 114 142 151 179 173 131 125 117 121 114 119 123 104 86 84 87 29 14 19 27 34 85 161 192 126 79 69 30 19 13 21 22 16 23 13 10 4 3 0 0 0 0 0 
1055 1333 486 304 302 324 309 332 341 340 311 353 232 258 303 304 374 378 456 572 712 1282 920 217 14 12 6 12 14 13 17 9 33 49 69 82 115 124 165 286 418 567 634 741 855 926 1124 1312 1120 787 595 533 521 436 403 347 321 252 229 242 198 175 196 149 138 160 155 152 168 175 159 158 126 162 157 141 163 124 158 129 161 149 172 159 166 178 149 175 191 186 210 186 165 177 200 173 186 173 191 172 215 581 3352 4653 9074 6493 1847 196 169 168 202 161 155 188 188 176 177 176 186 172 204 242 197 214 201 201 210 210 227 218 233 249 226 244 254 235 280 265 281 268 326 326 307 362 307 343 344 361 388 397 382 408 427 396 417 464 417 440 454 427 372 419 389 363 348 313 335 343 303 305 309 332 316 325 346 373 361 328 394 355 370 415 500 576 664 824 1240 1042 502 516 860 1427 1860 126 68 61 82 81 81 60 69 91 71 79 101 74 84 90 91 83 92 95 104 93 105 135 128 177 175 139 139 129 104 114 127 127 111 86 84 78 82 20 10 12 10 24 26 51 85 166 207 138 91 30 26 26 23 17 17 6 2 3 0 1 0 0 
1054 1327 489 302 305 319 302 334 335 341 310 358 238 248 297 309 369 368 440 559 710 1261 958 245 11 16 4 9 11 6 18 3 20 27 28 13 21 13 18 29 19 35 34 30 43 55 94 128 184 290 373 529 769 1013 1003 817 647 535 597 619 641 640 620 595 505 485 446 351 294 258 213 176 144 141 140 139 96 125 110 94 115 101 104 124 97 116 99 127 108 110 102 97 125 94 101 103 113 121 125 115 119 105 212 2308 3635 6668 12254 637 143 107 123 120 120 117 114 125 123 125 113 127 141 108 121 136 132 140 136 151 124 124 131 130 130 106 122 135 106 134 140 125 112 152 133 126 121 131 130 137 127 132 141 115 154 140 132 128 137 140 148 138 151 143 156 150 136 154 160 159 199 167 152 175 169 171 163 180 170 186 188 198 193 201 207 198 200 192 212 202 222 232 231 238 264 266 261 273 280 290 293 270 281 290 311 326 337 358 338 330 362 384 379 372 390 393 425 406 419 475 507 448 424 383 399 391 393 371 342 315 272 326 299 239 200 217 203 243 255 213 231 251 310 277 280 294 379 507 419 281 320 312 357 388 498 584 936 6674 


0 0 0 2 2 1 1 1 0 1 2 0 0 1 2 0 1 0 1 1 5 2 0 2 0 0 1 3 3 5 5 5 4 1 0 1 0 1 1 1 3 3 5 2 2 2 4 4 4 3 7 2 3 2 2 2 2 5 3 6 4 2 3 4 1 4 4 3 4 4 5 2 2 1 5 5 5 3 4 1 3 5 3 1 4 4 3 3 1 4 4 2 7 10 3 10 2 5 7 7 6 5 19 13 14 7 9 8 3 8 7 6 9 6 2 1 7 11 10 11 7 11 5 4 6 7 9 7 1 5 7 5 5 7 4 5 9 10 4 6 5 7 8 4 3 3 9 7 7 6 4 4 10 6 6 5 6 6 5 6 8 9 13 5 4 10 6 9 10 6 11 12 12 17 17 37 52 77 97 163 229 308 361 427 521 613 671 635 655 681 817 858 941 1057 1154 1111 1162 1594 2016 2637 3521 4740 5576 5244 5180 5406 5320 5293 5032 5131 4916 5644 6168 5930 6619 6490 7241 7549 7052 8004 8400 9230 9219 9978 11431 14691 15717 18271 19325 20365 25020 29364 36767 39571 40776 36704 33424 29728 32297 34970 45534 43517 35837 33558 34546 28565 19365 16911 13823 11280 7244 2538 813 194 13 0 
0 0 0 2 2 1 0 1 0 1 1 1 0 1 3 0 0 1 1 0 6 1 1 0 3 1 0 1 3 8 1 7 5 1 1 0 1 1 2 1 2 3 2 2 5 2 2 2 5 4 6 3 6 1 4 3 1 2 2 4 3 5 3 3 2 6 6 0 7 5 4 4 3 2 3 4 4 6 4 5 2 3 5 1 2 6 4 2 2 4 4 1 4 7 9 5 8 4 3 9 4 7 11 16 15 13 10 8 4 5 4 7 12 6 8 3 2 10 10 14 10 5 5 8 4 8 7 5 6 2 5 5 7 8 7 2 8 7 8 6 9 2 8 7 4 5 2 7 4 12 4 6 5 6 5 6 8 5 10 2 8 6 5 10 12 7 9 7 6 7 9 7 3 4 9 5 7 5 12 5 8 12 22 24 71 96 163 236 289 324 422 506 541 572 629 636 755 847 1022 1153 1136 1264 1492 1607 2204 2714 3798 4712 5126 6020 5917 5908 5754 5564 5583 4690 4763 4850 5092 6779 7598 8287 8775 8734 10761 13871 13853 14828 16458 17851 21477 28111 33629 36223 41496 39747 38392 37101 40461 46101 54301 52310 40055 32702 35041 32749 22839 18294 14338 12703 8417 2403 619 81 1 0 
0 0 0 2 2 1 0 0 0 0 1 1 0 2 2 2 0 2 2 0 5 1 2 1 0 3 1 3 3 2 9 6 3 3 3 3 2 3 1 0 1 3 1 3 2 5 3 4 2 5 4 4 6 4 7 4 1 4 2 1 3 4 9 4 2 3 2 1 6 3 6 5 5 2 4 7 3 7 4 5 3 5 6 6 1 6 2 7 5 5 1 4 8 1 5 8 6 7 9 3 8 9 3 15 13 13 20 7 7 9 4 4 3 9 8 10 3 4 9 4 7 14 12 7 7 4 15 1 8 4 2 6 7 5 6 4 6 5 6 8 5 6 6 2 7 6 5 7 1 5 6 5 6 9 4 1 9 8 6 9 7 3 5 3 11 7 14 9 4 12 7 4 6 7 6 6 3 5 6 9 4 4 6 5 8 5 6 3 7 7 15 16 37 70 108 178 308 376 429 532 556 724 642 748 905 1048 1257 1431 1389 1720 2017 2528 2907 3891 4568 4919 5874 6497 6132 7065 7838 7226 6595 6689 7550 10157 13485 16355 19674 23833 28686 32859 36719 36199 38353 36150 35299 35908 39466 48138 55891 56041 43087 34868 32215 25658 22551 21643 19689 17690 14621 8391 4538 840 36 1 


