1
955 2162 1376 1567 1851 1131 1033 953 1087 1076 1035 935 1125 1206 1328 1419 1569 1750 1975 2894 3175 1786 2116 2122 1950 2051 1724 1188 1015 857 832 789 773 704 630 705 703 801 660 673 697 627 733 724 660 711 340 314 297 302 336 466 453 165 218 192 187 224 207 371 511 224 104 91 101 91 128 58 42 49 50 41 51 46 44 43 33 54 39 60 38 46 57 47 43 43 41 56 31 35 37 33 28 27 31 24 25 21 20 21 12 12 14 6 9 13 9 17 10 11 7 2 3 6 10 2 12 4 3 6 3 3 8 4 5 5 6 4 5 2 6 1 4 5 5 4 4 3 6 4 1 4 9 2 2 7 2 4 3 5 2 2 2 3 2 1 1 1 0 0 1 0 0 1 1 1 0 1 0 0 2 1 0 0 2 2 0 1 4 2 0 1 0 1 0 0 0 0 0 0 1 0 0 0 0 0 2 1 0 2 1 1 1 0 0 1 1 0 1 0 0 0 1 0 0 0 2 0 1 4 0 1 0 1 0 0 0 0 0 0 0 0 1 1 0 0 0 0 0 3 0 0 1 2 1 0 1 0 1 0 0 0 0 0 0 0 
435 1204 1900 1651 1334 1329 830 892 799 867 770 751 800 743 741 874 898 979 1186 1618 3681 1666 926 839 684 697 740 716 816 767 739 668 652 543 514 447 494 571 712 547 663 565 689 769 632 649 357 257 237 230 250 299 464 502 197 163 192 182 196 155 156 174 173 217 290 338 617 211 154 106 121 99 124 131 144 123 104 113 112 113 133 119 107 124 118 149 99 98 101 119 142 117 90 83 63 85 70 66 77 59 72 59 58 61 68 46 55 75 40 54 37 47 54 45 44 41 42 49 40 56 41 40 39 43 45 48 40 59 44 44 48 60 42 41 46 33 43 36 39 52 55 57 59 38 49 46 49 48 48 44 51 44 44 49 57 59 53 51 53 58 64 63 71 65 63 70 59 89 64 76 85 60 68 83 69 81 68 82 71 64 79 76 71 61 71 92 68 85 80 97 119 120 81 78 92 95 91 71 71 75 68 90 78 74 91 79 90 97 78 75 77 76 100 100 78 76 68 61 84 90 58 77 88 89 93 91 72 64 90 87 93 93 87 94 114 96 95 83 101 119 133 113 100 103 113 108 110 119 109 149 142 145 168 177 199 2096 
367 1002 1624 1267 1260 1140 999 969 850 799 808 750 758 1074 1493 1011 1009 1222 1490 2568 2897 2145 1251 629 553 472 473 483 433 420 379 361 342 339 273 295 266 260 234 284 258 252 277 270 275 263 247 221 273 263 236 252 268 291 318 381 504 440 544 238 136 133 123 119 108 112 104 114 98 85 101 94 97 93 101 79 102 99 63 75 67 75 60 68 79 70 72 80 77 84 75 78 104 87 90 100 50 60 42 68 60 58 43 35 58 47 39 35 47 50 61 52 65 64 64 69 53 70 64 66 75 84 81 83 68 97 85 74 91 113 132 159 137 129 96 106 104 123 146 171 160 123 124 166 107 97 81 78 64 75 43 41 49 51 49 43 39 39 42 62 35 34 32 30 38 39 46 39 46 40 50 36 34 50 55 47 45 41 47 36 42 43 32 39 45 44 39 44 46 33 29 32 30 27 45 36 41 36 34 40 41 38 33 39 36 37 39 31 33 42 43 35 41 40 36 32 39 57 35 34 38 38 61 43 45 34 39 42 38 37 43 41 48 43 40 47 49 51 52 57 53 53 42 55 58 71 75 93 100 75 106 109 121 158 230 10579 


0 0 0 1 2 2 3 3 2 2 5 1 174 276 470 905 1642 2483 4789 9079 12210 12279 8932 7005 6393 6110 6080 5984 6039 6144 6102 6239 6358 6412 6469 7067 6959 6735 6732 6628 6776 6736 6773 6906 7550 7956 8265 8458 9014 9265 9988 10413 11074 11781 12261 12600 13125 13488 13890 14413 14783 14038 14009 13514 13745 13343 13094 12854 12317 12089 11566 11435 11192 11190 10825 10309 9843 9699 9735 9471 9307 9040 8717 8398 8114 7878 7939 7796 7449 7020 6884 6538 6378 6000 5635 5497 5268 5010 5063 4901 4911 4618 4717 4429 4365 4204 4174 4070 3844 3517 3463 3370 3144 3046 2745 2598 2495 2317 2234 2054 1865 1731 1732 1565 1484 1385 1197 1141 1016 1002 910 911 808 784 824 775 712 680 628 649 623 607 615 565 562 523 483 503 447 453 395 402 409 395 395 359 372 343 323 337 365 317 373 350 417 442 408 410 406 456 464 477 453 475 490 471 534 486 544 533 698 1715 6395 8289 7642 6578 6839 6814 5105 4088 6397 9866 8238 2959 928 480 507 189 13 2 0 0 0 0 0 0 0 0 0 0 0 0 0 0 0 0 0 0 0 0 0 0 0 0 0 0 0 0 0 0 0 0 0 0 0 0 0 0 0 0 0 0 0 0 0 0 0 0 0 0 0 0 0 0 0 0 
0 0 0 0 0 2 1 2 2 1 3 2 1 23 175 151 250 389 691 1117 2040 5452 8865 7719 7289 6546 5537 4745 4400 4146 4188 3877 3661 3682 3863 3752 3874 3695 3726 3651 3655 3870 3750 3828 3973 3983 3893 3823 3855 3767 4026 4074 4385 4440 4427 4506 4411 4597 4386 4398 4536 4635 4394 4568 4744 5050 5133 5204 5168 5316 5418 5585 5578 5902 6069 6617 6751 6850 7030 7236 7478 7694 7682 7860 8055 7986 8217 8170 8549 8462 8574 8659 8952 8925 9063 8923 8775 8722 8775 9065 9228 9412 9449 9506 9117 9126 8911 8600 8526 8503 8390 8259 8082 7861 7572 7405 7188 6950 6806 6591 6414 6213 5881 5840 5627 5740 5466 5293 5303 4974 4825 4744 4490 4559 4346 4245 4245 4856 6664 7163 6530 6880 7110 6675 6517 6122 6482 5871 5838 5704 5599 5159 5631 5747 6333 7334 7555 7998 7674 7349 6882 5929 3796 2739 2665 2322 2167 2055 2087 1954 1877 1817 1879 1764 1787 1675 1594 1563 1501 1511 1425 1353 1279 1193 1087 909 870 792 722 654 644 580 566 469 497 482 452 452 410 385 358 342 323 333 284 276 283 277 280 259 219 237 216 192 154 161 169 154 139 138 157 149 140 112 99 109 111 108 93 67 87 92 84 73 69 74 72 63 63 51 54 62 60 61 60 59 54 76 56 55 50 82 76 86 125 288 
0 0 0 0 0 0 2 0 1 1 2 1 2 2 2 3 14 24 151 182 222 346 576 751 1298 2184 3531 5032 4786 5038 4786 5039 4922 5067 4907 4594 4025 3563 3630 3222 3127 2899 2779 2812 2824 2802 2827 2833 2799 2697 2593 2793 2815 2871 2894 3063 3094 2948 2962 2959 3020 3027 3013 3231 3271 3250 3287 3383 3288 3420 3382 3262 3286 3203 3291 3196 3308 3288 3252 3422 3407 3368 3574 3565 3634 3667 3665 3677 3688 3605 3883 3948 3904 4164 4258 4410 4602 4652 4840 5038 5329 5346 5374 5682 5765 5892 5909 6065 6290 6234 6594 6648 6601 6813 6983 7232 7589 9366 11249 11786 11600 12299 11837 11158 11122 10654 10074 9898 9479 9782 10401 11232 11453 10995 11325 11149 10640 10414 9618 8974 8259 7315 6763 6396 6253 6013 5924 5903 5632 5641 5718 5407 5311 5329 5168 5115 4907 4793 4981 4555 4728 4658 4662 4357 4399 4485 4362 4370 4290 4102 4017 4058 3812 3806 3637 3621 3578 3411 3333 3351 3307 3047 3233 3027 3002 2841 2739 2753 2612 2684 2618 2586 2525 2469 2542 2381 2439 2287 2110 2222 2285 2151 2073 2054 1941 1944 1863 1766 1772 1747 1601 1550 1554 1487 1446 1379 1358 1308 1325 1265 1268 1227 1216 1114 1032 958 984 1002 910 856 883 805 778 703 726 697 703 595 590 608 568 571 549 477 464 481 431 418 416 455 450 455 476 567 736 3510 


