1
0 0 0 0 0 0 0 0 0 0 0 0 0 0 0 0 0 0 0 0 0 0 0 0 0 0 0 0 0 0 0 0 0 0 0 0 0 1 2 5 3 4 4 3 3 9 10 7 12 19 19 38 59 108 196 628 1664 3059 3920 2834 2210 1729 1495 1455 1584 1610 1682 1620 1451 1477 1588 1579 1305 1182 1127 1097 1078 1098 1010 1002 938 891 912 925 1009 1138 1165 1158 1014 971 921 862 808 706 745 770 725 606 510 544 504 466 443 487 501 550 473 559 520 453 444 389 399 339 375 362 328 335 310 318 319 316 300 327 273 331 295 303 253 321 334 276 308 309 345 372 319 357 373 333 317 332 313 353 282 323 348 289 317 295 317 231 220 230 187 191 181 161 168 150 135 104 66 32 31 14 15 7 3 0 0 0 0 0 0 0 0 0 0 0 0 0 0 0 0 0 0 0 0 0 0 0 0 0 0 0 0 0 0 0 0 0 0 0 0 0 0 0 0 0 0 0 0 0 0 0 0 0 0 0 0 0 0 0 0 0 0 0 0 0 0 0 0 0 0 0 0 0 0 0 0 0 0 0 0 0 0 0 0 0 0 0 0 0 0 0 
0 0 0 0 0 0 0 0 0 0 0 0 0 0 0 0 0 0 0 0 0 0 0 0 0 0 0 0 0 0 1 2 6 3 4 5 5 8 11 8 22 23 31 84 143 397 1499 3521 4725 2971 2304 1898 1587 1835 1902 1985 1703 1655 1718 1680 1421 1157 1125 1145 1083 957 948 771 709 715 811 874 734 656 588 635 566 505 527 534 544 540 477 484 501 554 531 585 589 574 618 679 701 754 812 787 862 769 725 795 773 743 658 643 656 612 599 574 507 457 457 470 424 444 488 497 514 525 585 556 457 474 403 381 399 382 390 373 390 320 311 306 253 226 236 189 171 186 172 112 97 52 45 34 31 17 12 10 7 4 7 11 13 12 12 12 10 1 7 5 6 2 4 3 2 5 4 2 2 4 1 2 0 1 2 0 1 1 3 0 0 0 0 0 0 0 0 0 0 0 0 0 0 0 0 0 0 0 0 0 0 0 0 0 0 0 0 0 0 0 0 0 0 0 0 0 0 0 0 0 0 0 0 0 0 0 0 0 0 0 0 0 0 0 0 0 0 0 0 0 0 0 0 0 0 0 0 0 0 0 0 0 0 0 0 0 
0 0 0 0 0 0 0 0 0 0 0 0 0 0 0 0 0 0 0 0 0 0 0 0 0 0 0 0 0 0 0 0 0 0 0 0 0 1 2 3 4 3 3 4 2 7 8 8 6 16 20 16 38 67 98 228 610 1585 3244 3754 2905 2106 1695 1554 1436 1521 1562 1695 1554 1345 1384 1432 1487 1235 1072 985 982 905 901 815 878 712 632 614 618 670 788 637 638 586 525 625 580 500 521 506 519 552 530 548 536 610 613 676 674 693 723 809 800 808 826 700 680 634 605 621 608 594 609 547 468 448 443 407 400 414 411 456 495 457 422 366 295 342 318 289 310 333 315 321 343 307 380 326 311 299 335 315 306 349 304 338 306 293 293 270 241 233 229 215 184 166 157 160 132 142 84 74 35 40 25 25 11 4 5 7 4 4 2 5 2 2 1 3 2 3 1 1 1 2 0 1 1 1 2 0 0 0 0 0 0 0 0 0 0 0 0 0 0 0 0 0 0 0 0 0 0 0 0 0 0 0 0 0 0 0 0 0 0 0 0 0 0 0 0 0 0 0 0 0 0 0 0 0 0 0 0 0 0 0 0 0 0 0 0 0 


24 0 0 0 0 0 0 2 0 4 5 5 3 11 10 14 18 31 19 22 25 26 28 24 13 25 20 28 23 21 28 36 40 26 41 31 34 43 42 24 26 25 25 19 29 29 30 26 33 29 42 31 39 44 40 48 43 43 54 73 90 106 128 150 185 235 270 321 371 347 495 483 483 448 425 438 474 443 498 540 695 792 969 1008 1272 1447 1600 1841 2033 2288 2672 2994 3513 3720 4151 4629 5494 6258 6961 7400 7959 8499 9093 10077 11732 12535 13206 13115 13275 14343 15059 16034 16680 15703 15220 15125 15618 16410 17243 17060 16523 15887 15958 16023 16336 16410 16349 16197 16578 15347 15409 15717 15787 15573 15242 14582 13742 12981 12613 12818 12839 12427 11659 10740 10300 10095 9986 9967 9545 9028 8355 8028 7813 7661 7543 7366 6572 6252 5645 5707 5133 5063 4745 4715 4433 4161 3898 3917 3707 3554 3155 2723 2373 2280 2177 2060 1897 1653 1471 1224 1176 1118 960 774 609 523 390 349 352 293 230 250 201 146 157 120 154 131 119 117 122 147 113 124 127 114 96 78 95 94 108 99 93 76 94 109 101 94 94 112 100 117 118 144 125 121 146 120 112 121 100 91 114 109 114 104 114 111 118 135 157 149 164 179 188 213 232 256 275 338 404 510 676 1025 1734 10006 
24 0 0 0 0 0 0 0 1 0 1 5 3 4 8 11 23 13 24 21 26 26 29 28 31 16 29 24 26 16 23 22 28 24 29 28 36 32 31 25 32 27 41 41 40 33 55 60 43 68 78 88 151 142 202 235 309 388 418 385 354 294 305 321 365 286 255 192 198 213 197 205 227 199 194 185 210 206 187 202 226 233 231 246 273 284 208 271 278 294 332 374 429 425 482 582 662 883 980 1060 1283 1407 1620 2057 2526 2936 3365 3489 3688 4245 4982 5914 6694 6923 6782 7146 7946 9232 10603 11491 11771 11768 12382 13249 14752 16536 17485 17135 17119 16034 16887 18008 18742 18659 18357 17697 16742 15758 16147 17393 18322 18563 17898 16731 15737 16053 17120 17588 17112 16233 14664 13366 13357 13902 13696 13303 11783 11115 10322 10717 10564 9998 9490 8659 7621 6977 6970 6952 6772 6650 6094 5187 4941 4823 4906 4906 4588 4153 3758 3642 3619 3827 3665 3281 2743 2318 2150 1985 1971 1760 1551 1369 1040 952 945 789 717 557 486 457 405 400 330 273 297 253 237 223 226 194 228 192 192 188 179 216 184 228 215 233 218 262 248 260 229 234 214 248 214 227 239 229 266 292 274 282 284 283 303 343 293 271 223 259 249 231 200 183 204 199 188 195 222 214 248 2328 
24 0 1 1 1 0 2 4 7 2 5 11 17 28 26 37 39 62 58 93 98 126 184 241 280 279 335 348 401 416 461 428 444 422 397 341 304 270 258 257 207 251 233 208 230 200 193 187 214 190 164 184 182 164 147 151 163 142 150 157 144 146 139 182 173 180 153 183 190 173 187 215 215 240 231 265 274 277 259 277 281 308 315 322 307 309 365 360 350 358 396 427 431 456 435 463 440 509 475 499 572 569 562 572 610 578 641 642 659 721 769 907 1012 1060 1046 1235 1346 1596 1913 2280 2517 2854 3169 3715 4122 4762 5223 5343 5729 5904 6458 7116 8363 9029 9502 9850 9786 10337 11183 12546 14353 15004 15546 15234 15208 15797 17462 18849 19237 18783 17787 17326 17443 18247 18689 18742 18154 17843 17713 18921 18989 18648 18739 18318 16578 16131 16293 16567 16144 15725 14686 12854 12386 12022 11756 11405 10778 9574 8823 8084 7941 8139 7828 7082 6480 5901 5422 5156 5135 4901 4588 4317 3663 3433 3348 3223 2845 2321 2059 1837 1749 1635 1426 1326 1196 970 753 668 606 511 468 372 256 235 231 199 168 153 121 87 79 64 66 59 52 58 37 40 45 21 22 17 22 7 10 3 3 6 19 10 6 8 7 7 15 20 20 8 11 10 8 7 9 16 29 1625 


