0
0 0 0 0 0 0 0 0 0 0 0 0 0 0 0 0 0 0 0 0 0 0 0 0 0 1 0 0 1 0 1 1 1 0 0 3 0 0 0 0 1 1 1 2 1 1 1 3 2 0 0 1 2 0 2 0 4 1 1 2 1 1 6 3 2 4 2 3 9 6 8 8 9 5 5 17 11 5 9 16 10 19 21 16 13 27 17 23 30 31 35 32 37 43 34 38 35 27 21 30 21 25 42 38 51 46 50 48 46 71 81 90 87 119 106 104 142 131 132 132 139 141 153 167 154 158 132 121 127 103 105 107 111 102 106 78 98 103 98 87 90 118 106 120 129 137 112 121 146 131 144 152 148 147 134 126 146 148 121 116 128 131 130 108 102 102 96 104 82 93 106 108 100 115 86 93 96 99 95 104 92 123 122 112 128 97 97 93 111 107 94 101 95 104 84 91 102 85 65 82 86 85 85 61 80 69 76 69 83 65 52 76 62 68 63 55 53 43 46 43 26 37 31 40 47 36 53 44 43 54 66 68 63 47 29 29 14 16 6 7 10 9 9 10 4 5 11 3 6 8 10 11 6 8 18 14 
0 0 0 0 0 0 0 0 0 1 0 0 0 0 1 0 0 2 2 2 1 1 1 5 4 2 2 0 5 6 5 2 4 5 4 3 5 2 5 3 2 1 5 4 4 3 2 1 4 1 4 5 1 0 4 4 2 4 3 2 1 3 1 4 0 1 3 3 2 2 2 3 6 4 1 4 3 4 2 3 5 4 1 5 10 6 7 11 8 6 6 5 13 10 7 8 8 6 9 13 12 16 12 9 11 16 16 18 20 9 24 25 22 27 18 31 32 36 28 30 31 29 26 45 30 37 36 52 32 43 43 66 66 81 76 78 89 80 108 129 104 103 156 140 173 181 189 191 208 174 209 199 195 218 204 174 191 188 186 182 240 220 221 241 222 218 196 232 227 198 187 198 205 155 177 167 216 189 196 208 183 147 179 154 152 152 140 127 136 121 144 146 138 124 130 111 111 100 76 79 79 62 65 50 70 62 46 55 34 36 36 29 36 40 45 32 30 36 31 31 25 28 28 16 20 14 24 6 8 5 11 10 13 12 6 8 9 6 9 9 6 9 12 11 2 6 2 4 6 8 6 8 5 9 7 9 
0 0 0 0 0 0 1 0 1 1 0 0 0 2 1 3 3 2 1 3 2 2 2 0 3 1 0 2 1 4 3 4 4 3 5 3 2 4 0 2 3 6 3 4 5 0 1 0 6 1 0 0 1 1 1 2 1 0 1 3 0 0 0 1 1 0 2 4 1 2 0 1 4 7 2 4 4 3 2 15 18 16 22 30 15 17 23 19 25 21 21 16 11 17 15 17 21 23 19 20 23 13 11 21 11 14 15 7 14 12 12 22 13 18 18 23 20 13 20 20 12 23 25 21 23 19 27 29 25 26 26 22 31 30 27 27 25 21 25 30 34 36 30 36 43 48 37 57 41 36 38 32 41 43 49 35 43 49 40 32 32 42 36 41 47 59 39 61 66 70 54 47 87 93 101 107 120 119 128 135 156 171 195 219 244 228 221 265 252 232 276 313 286 314 336 323 311 349 342 337 307 324 311 293 266 233 207 191 161 140 144 127 112 108 110 113 104 144 145 153 99 80 63 41 41 44 47 35 47 25 25 21 17 18 10 19 10 6 15 15 14 7 8 8 9 7 9 1 6 7 10 7 14 9 17 13 


642 2383 4777 4921 4308 4311 4368 4548 4600 4899 5311 6007 6468 7465 8116 8770 9213 9206 8728 8326 7509 7001 6765 6137 5817 5405 5124 4480 4131 3681 3299 2952 2739 2438 2358 2174 2183 2147 2146 2050 2003 2008 2030 2062 2133 2072 2044 2037 2005 2084 2043 2126 2233 2260 2129 2218 2309 2248 2185 2110 1952 2030 1918 1946 1883 1922 1813 1793 1855 1818 1845 1939 1851 1924 2099 2088 2033 2045 1994 2054 2030 2016 1988 1894 1850 1961 2015 2279 2681 3293 3726 4251 4928 4802 4603 4455 4731 5167 5287 5552 6055 6058 5662 5142 5177 5004 4796 4860 4949 5539 5977 6505 7034 7147 6690 6254 6020 5819 5479 5425 5434 5706 6142 6335 6191 6363 6688 7092 7549 7686 7765 7482 7777 7757 8190 8301 8887 9112 9798 10466 10325 9988 9405 8912 8766 8409 8306 8499 8348 8455 8545 8429 8292 8079 8029 7968 7664 7450 7122 7033 6747 6399 6231 5864 5467 5140 4702 4538 4332 4162 4094 4156 3351 2772 2250 1934 1686 1417 1282 1199 1050 898 804 742 713 616 584 579 489 496 464 453 416 453 414 393 440 381 391 431 368 394 411 405 419 413 410 444 435 432 461 434 455 464 535 546 571 640 664 642 669 716 788 880 897 916 1092 1405 1826 2761 4618 5561 6162 6434 7307 7585 7964 8536 9069 8234 6904 4075 2351 1756 1479 1105 923 752 580 451 369 299 196 172 164 113 
487 2459 4890 4850 4253 4185 4502 4868 4935 5266 5558 6052 6343 6680 7155 7600 7860 8188 7905 7822 7494 6863 6274 5855 5330 4877 4546 3995 3778 3383 3145 2850 2511 2286 2139 1982 1927 1877 1808 1730 1752 1719 1725 1773 1691 1815 1736 1762 1846 1832 1914 2021 2044 2133 2150 2213 2218 2171 2093 2027 2001 2037 2031 1964 2021 1813 1839 1848 1852 1779 1766 1657 1752 1922 1888 2017 2005 1836 1817 1775 1645 1652 1515 1552 1524 1453 1515 1437 1461 1429 1446 1429 1450 1469 1475 1546 1476 1465 1547 1466 1551 1566 1541 1577 1633 1528 1634 1713 1694 1683 1693 1761 1815 1710 1810 1752 1857 1892 1890 1974 2003 2032 2064 2163 2154 2239 2171 2230 2374 2412 2441 2505 2584 2646 2644 2847 2907 3037 3309 3352 3745 4186 4799 5514 6350 7731 8370 8326 8084 8256 8624 9567 10377 11238 11956 12539 12717 13023 13423 13448 13646 14144 13598 13353 12729 11883 11213 10620 10470 10589 11228 11456 11363 11550 11642 12192 12464 12337 11512 10849 10625 10576 10648 10248 9743 7464 5397 3199 1894 1323 1085 912 909 737 658 644 600 545 603 567 593 533 546 559 533 589 611 652 569 510 546 539 594 646 790 937 915 1008 1047 1334 1660 2468 3692 5349 6798 7116 6444 7397 9086 9062 9164 8921 6343 3111 2138 1708 1327 1094 865 613 448 334 267 126 107 90 54 24 11 2 8 2 0 0 0 1 
270 1895 4088 3955 3265 3394 3611 3974 4412 4979 5570 6099 6427 6719 7195 7129 7456 7550 7544 7646 7333 7012 6528 5932 5421 4967 4793 4263 3838 3618 3170 3035 2664 2395 2121 2034 2048 1876 1873 1872 1709 1718 1560 1672 1659 1643 1634 1724 1759 1789 1902 1951 2149 2208 2209 2189 2269 2229 2213 2106 2148 2123 2117 1947 1886 1835 1802 1705 1761 1567 1775 1759 1833 1924 1933 1973 1870 1776 1663 1613 1613 1610 1553 1512 1579 1478 1493 1426 1480 1393 1432 1433 1462 1467 1443 1437 1427 1452 1439 1412 1537 1451 1479 1484 1584 1447 1458 1501 1534 1477 1588 1560 1556 1587 1663 1694 1647 1722 1724 1679 1726 1740 1841 1807 1891 1860 1857 1903 1903 2029 1956 1960 1976 1980 2018 2012 2024 2142 2219 2230 2388 2366 2439 2440 2610 2685 2873 2963 3157 3518 3621 3813 4140 4348 4719 5233 5551 6138 6350 7112 7425 7988 8443 8772 9209 9596 9860 9821 9943 10177 10062 9901 9709 9555 9768 8850 7721 7106 6449 6013 5425 5017 4896 4470 4033 3634 3390 3027 2922 2690 2410 2137 2040 2032 2260 2874 3784 4962 5085 4567 3831 3474 4024 5306 6398 8044 8993 9205 9928 10438 10257 9413 9045 9531 10646 14342 17594 19672 20307 20814 16629 10974 8475 8902 9301 9442 9331 7715 4025 2255 1622 1298 999 722 556 400 266 206 137 71 51 33 31 6 8 3 1 0 1 0 1 1 0 0 1 0 


