0
0 0 0 0 0 0 1 0 1 3 4 5 4 4 4 3 1 2 2 0 8 2 2 6 1 3 6 0 2 5 3 2 2 4 5 2 5 5 5 7 11 7 17 80 147 224 426 558 582 514 442 353 335 306 258 214 217 220 206 207 198 171 201 186 170 174 168 137 150 144 120 97 70 92 96 77 80 80 111 135 189 257 314 281 223 186 149 134 89 82 103 88 84 100 109 111 116 110 111 114 85 76 87 61 72 70 64 58 53 58 54 64 69 69 58 63 52 53 50 69 60 63 52 58 58 59 42 61 66 61 52 62 68 65 62 84 52 80 71 68 66 92 66 82 65 75 85 78 75 50 60 81 68 65 74 70 69 59 68 74 44 71 57 57 60 53 62 50 54 47 37 47 55 68 57 82 89 89 93 145 156 164 193 207 217 237 266 290 282 270 249 235 237 211 198 169 157 128 136 103 101 79 67 59 52 31 41 28 30 32 24 11 25 23 9 7 13 9 13 10 12 11 13 9 11 29 40 28 30 39 55 42 40 34 27 13 15 16 9 12 8 13 4 6 5 5 10 9 9 9 6 22 32 55 140 343 
9 5 2 1 3 5 3 5 1 4 1 1 6 3 1 1 4 1 2 2 3 2 7 9 1 1 7 4 4 3 3 3 1 4 2 1 3 2 6 0 1 5 7 10 7 12 29 64 121 133 217 357 551 578 535 415 367 343 302 279 263 218 197 235 215 211 190 183 146 160 167 144 131 125 127 108 99 101 96 112 84 98 127 156 174 230 236 182 192 129 105 89 73 88 84 72 65 87 67 46 49 48 59 46 34 38 46 42 30 38 34 32 38 58 38 55 55 72 69 61 74 88 79 92 119 113 117 116 93 92 100 94 81 82 78 70 63 57 69 70 82 81 85 90 89 73 74 71 92 88 84 86 87 70 78 103 89 86 79 89 84 107 79 81 74 61 72 65 71 73 83 53 77 65 62 60 64 39 48 60 81 89 72 88 113 101 116 148 187 198 208 266 289 306 345 350 296 316 222 219 181 184 158 140 137 109 93 82 88 79 75 85 62 49 64 42 35 21 18 9 10 9 12 10 9 6 6 3 7 2 9 9 6 3 12 25 40 58 52 42 34 40 39 52 64 39 33 19 11 10 7 2 4 8 3 8 
7 7 4 1 6 3 3 1 3 3 2 3 3 7 3 5 6 2 2 6 2 4 4 5 3 4 6 5 0 1 2 0 3 1 1 1 2 1 3 2 2 3 2 4 1 2 9 3 1 3 6 2 5 2 9 14 21 34 68 121 113 131 124 142 244 409 567 608 552 475 398 315 268 244 241 201 240 198 180 177 184 147 173 134 132 123 122 121 124 101 107 119 121 140 139 160 196 205 147 150 125 95 87 88 89 100 81 82 102 81 93 105 72 94 82 71 72 69 68 70 57 51 39 50 49 38 38 34 29 24 27 24 32 24 24 35 25 25 27 25 21 29 25 20 25 23 26 33 23 32 46 41 53 42 56 66 66 82 100 80 98 94 67 74 66 61 65 63 65 68 72 70 82 100 107 84 96 111 104 123 130 126 120 139 142 127 144 155 144 144 171 148 162 150 148 134 130 149 149 153 157 212 240 238 287 340 341 364 318 286 288 235 228 217 185 182 161 142 119 123 106 109 93 72 66 54 36 19 17 11 7 5 1 4 2 0 2 3 1 4 4 0 4 2 4 1 3 0 0 0 0 0 1 1 4 1 


143 110 150 169 154 186 204 323 464 626 795 766 710 534 351 258 176 143 115 87 83 82 62 76 73 60 67 65 74 59 53 67 72 63 69 68 83 91 107 75 96 82 90 93 97 96 97 94 98 92 85 106 71 84 68 84 75 72 67 79 88 98 102 103 115 131 121 153 143 140 129 112 131 131 119 120 118 122 112 140 142 117 122 142 138 117 121 147 159 145 142 151 156 192 175 177 170 193 198 239 283 264 317 313 305 296 346 344 431 427 555 732 836 974 906 1099 1203 1431 1529 1621 1782 2028 2342 2769 3024 3253 3484 3707 4078 4689 5249 5859 6912 7980 9478 10885 12890 14701 16777 18016 19913 22819 25619 26844 28121 27287 26469 24727 23263 21192 20361 18409 16472 15203 13865 12322 11230 10683 9940 9383 8778 8453 8180 7926 7864 7902 7602 7488 7296 7603 7728 7859 7795 7713 7661 7838 7569 7642 7667 7581 7481 7563 7497 7423 7452 7001 6872 6617 6329 6155 6132 6061 5904 5781 5392 5354 5286 5418 5150 4845 4929 4964 4800 4896 4989 4748 4562 4433 4407 4404 4628 4867 5044 5046 5120 5238 5410 5424 5141 4799 4063 3414 3063 2828 2649 2606 2532 2406 2341 2141 2016 1896 1793 1643 1447 1347 1196 968 864 656 555 459 403 277 248 194 146 118 87 67 53 41 34 31 15 11 
3 4 23 47 99 187 341 559 816 810 764 591 396 243 180 95 91 82 65 61 55 73 53 79 43 57 74 51 50 52 43 51 61 59 45 58 51 57 68 63 78 53 79 69 59 64 58 62 72 85 90 69 82 72 70 60 68 82 76 60 58 57 59 66 67 56 62 60 64 55 51 54 74 69 79 65 85 94 78 97 82 92 132 132 155 148 138 147 164 173 173 176 165 163 201 206 204 205 235 208 199 188 196 237 210 211 207 242 200 212 198 227 206 217 252 220 246 216 229 223 274 261 275 293 277 304 300 292 318 277 326 321 326 347 398 464 464 516 507 470 459 512 580 694 805 907 1215 1471 1620 1756 1966 2285 2810 3221 4063 4908 6030 6999 7754 8573 9437 10601 11964 14108 16307 19197 22492 25373 27603 31328 32690 32901 32039 30759 28796 27430 24977 22738 20511 18154 17345 16869 15994 15469 15188 14668 14438 13820 13645 13978 14020 13799 13262 12696 12171 11516 10615 9881 9388 8757 8474 8290 8299 8197 8383 8199 8147 7502 6887 6395 6247 6218 6349 6504 6918 7194 6848 6270 5468 4688 3773 3155 2725 2394 2186 1949 1682 1624 1281 1165 915 800 566 547 461 324 267 212 160 140 110 69 68 39 35 22 22 14 8 5 7 1 1 3 0 0 
562 843 658 480 340 356 445 635 897 846 807 604 398 311 191 139 130 88 99 88 89 98 85 78 70 76 97 89 95 91 93 94 97 85 94 97 101 90 99 105 110 87 103 87 102 102 119 99 92 102 108 100 78 85 97 66 65 61 55 64 58 56 50 48 39 47 50 63 45 57 45 57 52 57 59 57 74 79 81 101 121 137 144 160 138 121 100 97 94 80 84 62 60 83 75 76 74 73 77 63 51 53 53 73 66 66 62 78 80 88 100 94 105 100 101 113 108 104 111 116 93 125 115 127 113 120 119 94 107 110 126 122 132 108 141 168 166 154 164 172 201 229 209 210 205 190 227 232 247 236 181 214 228 238 303 294 308 330 334 281 247 242 251 236 249 279 276 294 381 395 453 516 586 541 690 783 1023 1260 1714 2506 3212 4313 5182 5809 6971 8437 10422 13185 16707 21037 26632 33352 39293 43039 45456 44569 43511 42580 40468 37020 33403 30150 27832 26454 25637 25986 25981 25201 22863 20485 18961 17504 16431 15095 13985 13231 12599 12220 11156 9945 8262 6472 5121 4111 3360 2907 2332 1990 1700 1431 1207 964 827 633 516 430 323 269 215 159 113 106 76 60 42 27 17 25 6 5 4 1 3 0 1 0 


