0
22 16 24 18 20 18 12 20 19 12 11 14 5 10 9 12 6 17 10 7 7 12 13 16 9 11 13 18 14 15 18 8 12 17 8 12 8 15 14 9 11 13 15 13 17 10 16 23 26 37 54 101 183 295 454 480 466 449 413 416 407 405 360 335 264 264 218 223 227 238 214 239 260 281 297 253 287 242 261 246 264 231 225 205 193 210 171 158 156 167 156 150 144 132 128 124 113 101 77 84 66 57 55 62 54 59 60 55 65 53 56 55 66 66 78 69 72 97 79 80 63 54 57 69 71 61 70 100 101 93 105 123 133 153 127 167 170 165 160 177 184 174 159 176 187 189 188 195 197 197 221 222 196 222 208 202 199 220 222 190 241 224 233 249 229 222 279 287 254 243 267 210 243 191 160 160 156 117 130 91 94 82 51 47 44 35 30 23 31 16 11 18 15 10 11 10 11 11 8 7 8 12 17 8 6 6 8 9 10 6 5 8 7 8 8 12 8 10 6 5 3 5 9 8 10 8 8 7 10 5 5 10 15 7 9 5 10 10 4 10 7 12 16 13 11 7 7 24 23 16 24 54 68 118 182 577 
6 14 11 10 24 11 18 14 13 20 17 14 16 8 13 7 8 7 16 6 8 9 16 10 8 11 9 9 16 17 12 9 14 15 14 14 19 14 12 11 15 7 11 11 19 14 18 10 14 15 20 21 9 23 28 24 30 43 99 188 300 455 519 483 445 413 410 393 380 368 343 298 255 250 226 211 245 227 222 231 226 255 226 258 280 251 269 264 222 186 200 188 202 179 177 170 163 168 134 154 140 130 118 89 100 97 83 79 67 69 55 59 54 52 45 62 58 44 60 47 41 61 57 54 43 76 57 58 73 43 52 52 53 72 77 54 53 35 37 44 44 48 55 61 57 71 73 72 85 81 82 99 127 109 117 99 135 125 129 122 127 129 167 122 152 170 180 176 188 187 207 196 219 218 210 215 203 240 181 236 230 241 262 287 290 276 325 278 324 296 304 287 284 206 170 180 166 123 105 76 66 50 46 31 39 22 28 19 20 13 12 13 17 6 9 13 10 6 6 6 4 10 10 10 14 8 7 10 8 8 17 8 9 15 9 19 10 21 21 48 56 70 71 67 69 73 78 75 84 57 43 44 41 26 35 63 
1 0 1 1 3 1 5 2 4 1 2 7 6 11 6 17 16 10 14 19 9 13 21 12 22 10 9 10 12 9 11 11 12 11 8 8 12 11 11 15 5 11 15 12 12 13 16 9 11 13 14 10 13 11 14 16 11 14 17 20 15 18 21 17 19 23 16 25 24 24 23 43 57 81 148 216 341 367 423 463 455 434 412 423 362 326 327 283 297 275 289 273 236 242 260 227 210 203 208 232 236 254 259 223 221 243 216 268 188 192 202 163 162 199 196 173 192 170 158 122 120 94 92 73 70 79 71 60 62 62 57 64 56 52 48 56 51 46 39 49 49 33 47 43 41 36 29 31 36 30 28 29 24 26 24 22 10 15 18 19 17 22 21 30 17 14 24 23 40 31 55 45 65 49 61 68 90 86 97 122 90 117 101 110 117 108 95 127 123 141 141 177 174 199 178 182 215 220 250 230 305 289 286 322 338 382 402 419 484 461 419 360 336 313 255 214 173 140 126 122 110 115 92 110 109 96 99 88 67 76 56 45 32 36 28 22 18 7 15 11 16 12 7 10 6 7 4 4 1 7 8 6 7 2 4 1 


6 4 14 33 132 288 673 1036 1508 1931 2395 2550 2630 2634 2292 2168 1878 1761 1464 1290 1125 1022 920 904 816 773 695 602 614 509 459 417 390 323 348 336 317 305 299 296 278 290 278 300 228 240 181 184 181 166 181 171 193 155 198 188 230 240 225 274 274 297 280 296 228 192 201 170 201 248 278 310 270 229 167 138 133 115 111 103 98 105 99 104 112 100 96 104 99 97 111 111 116 119 115 108 110 104 87 117 126 98 106 103 109 112 117 123 119 126 119 133 157 167 202 209 232 256 315 349 404 464 587 630 754 976 1220 1500 1793 2102 2259 2484 2832 3336 3826 4565 5189 6196 7264 8777 10460 12259 13620 14918 16491 17101 17553 18398 19117 19651 20231 19957 19658 19256 18161 17149 16128 15113 14106 12784 11546 10371 9384 8569 7790 7376 7112 7027 7151 7843 7773 7738 7591 7893 7821 7582 7637 7650 7961 8331 9020 8946 8709 8410 8411 8235 8446 8304 8298 8435 9023 9138 9360 9505 9779 9400 9105 8720 8138 7272 6969 6568 6411 6581 7000 7177 7094 6693 6561 6404 6235 5610 5261 5317 5557 5753 5822 5856 5555 5606 5460 5147 5235 5460 5733 5869 5635 4750 4134 3333 2890 2438 2164 1949 1751 1514 1265 1098 922 732 653 522 481 364 318 270 246 185 147 145 112 106 87 74 58 46 
22 140 339 753 1438 2116 2577 2835 2808 2515 2437 2299 2267 2116 1950 1644 1436 1140 1076 952 827 659 640 514 427 366 342 332 314 279 268 243 201 180 170 171 171 180 188 209 214 226 233 222 266 268 305 312 283 303 258 271 276 324 330 317 278 236 184 138 128 108 105 100 109 100 99 105 107 98 105 101 116 87 95 93 110 118 111 108 103 122 118 126 126 100 113 103 116 135 132 126 138 146 136 136 126 145 135 141 136 161 152 144 113 132 124 102 102 114 104 108 96 106 117 120 109 107 126 95 128 111 102 128 126 137 148 166 187 206 211 193 155 134 142 139 102 138 120 125 119 122 153 164 165 176 208 240 288 356 445 473 573 747 862 1060 1322 1526 1905 2345 2858 3145 3461 3992 4704 5577 6713 8121 9768 11549 13469 15256 17247 18984 20699 22504 22820 23044 22968 23527 23391 23303 23312 22693 21843 20530 19265 18371 18587 17898 17172 16711 16613 16832 16703 17187 17271 16727 16001 14841 14226 13701 12872 12454 12336 13179 13281 12903 12207 11231 10346 9650 9073 8515 7909 7827 8398 8489 8079 7821 7141 7003 7115 6802 5597 4145 3133 2473 1920 1546 1357 1103 966 818 663 632 517 420 361 339 258 220 219 136 111 109 85 79 57 40 36 27 23 13 11 6 
44 93 190 421 894 1569 2365 2980 3282 3291 3105 2934 2915 2604 2228 1898 1588 1294 1151 951 741 695 573 541 448 402 351 298 279 268 297 275 334 346 429 391 408 440 345 380 378 314 293 259 229 179 189 168 137 138 136 170 162 162 154 160 190 201 220 216 206 232 215 163 181 163 166 156 138 155 163 156 189 175 167 159 187 169 186 147 178 164 169 168 129 133 127 123 102 101 92 98 97 114 111 85 94 102 86 88 91 71 66 60 57 58 55 64 66 53 37 54 49 55 43 45 44 51 45 61 41 44 53 54 47 46 56 32 50 48 60 40 49 48 47 51 58 50 53 50 48 57 50 69 65 57 71 84 66 73 95 84 84 97 77 83 87 73 71 68 81 83 103 106 107 121 136 115 101 111 94 95 111 111 131 143 192 196 239 298 362 415 565 690 860 1058 1357 1748 2260 2963 4099 5802 7905 10367 14043 17373 22280 26748 30631 32622 33384 32949 34136 35057 37758 41949 45211 45274 41782 38666 35493 33132 31521 29940 27107 24879 22189 19621 16841 14859 12995 11971 11554 10603 8505 6333 4481 3399 2630 2254 1870 1621 1370 1171 1075 877 766 667 577 508 419 347 294 238 218 184 136 110 100 73 59 46 22 22 8 0 


