0
0 0 3 4 5 2 4 7 6 6 15 11 18 17 18 41 49 83 151 162 265 342 472 581 543 504 463 378 342 305 242 216 213 189 189 191 223 179 156 131 121 109 107 103 112 94 95 118 100 110 87 77 81 83 60 51 45 50 40 35 31 30 25 20 16 23 22 27 22 23 29 37 32 40 45 55 65 71 82 106 92 100 101 91 153 150 202 212 235 251 255 254 223 240 258 284 299 331 393 471 624 687 737 678 574 556 446 327 230 169 101 62 31 22 15 14 8 9 14 15 15 15 16 17 18 18 26 38 66 133 145 99 61 82 48 36 66 63 73 69 42 26 35 37 48 30 22 36 36 43 34 38 36 34 33 38 52 67 95 94 77 19 7 3 3 0 2 2 2 0 0 2 1 0 0 1 0 0 0 1 0 0 0 0 0 0 1 0 0 0 0 0 0 0 1 0 0 0 1 0 0 1 0 1 0 0 0 0 0 0 0 0 0 0 0 0 0 1 0 0 0 0 0 0 0 1 0 0 1 0 0 0 0 0 0 0 0 0 0 0 0 0 0 0 0 0 0 0 0 0 0 0 0 0 0 0 
13 11 16 18 22 22 18 24 21 15 15 16 22 36 38 47 36 34 30 32 41 31 22 14 15 9 13 20 29 35 55 94 113 111 134 184 260 233 209 198 214 266 350 405 448 336 237 244 229 216 190 201 183 141 134 137 129 142 163 132 129 128 93 86 87 80 66 61 65 70 54 60 43 44 58 48 57 48 34 50 50 45 38 31 29 27 39 25 41 25 25 28 24 20 23 17 27 20 19 24 18 26 20 21 24 14 21 25 19 16 22 28 15 25 25 22 25 28 56 98 115 134 127 84 47 33 20 30 36 41 44 39 58 58 61 78 96 65 69 84 102 104 126 150 167 181 174 185 173 176 189 193 183 193 189 203 249 288 398 578 706 657 635 645 689 664 498 428 289 209 136 121 73 53 44 47 38 51 63 64 52 65 54 95 24 3 2 0 2 0 0 0 0 1 0 0 2 0 0 0 1 1 0 0 0 0 0 0 0 0 0 1 1 0 0 0 0 0 0 1 0 1 0 0 0 0 0 0 0 1 0 0 0 0 0 0 1 0 0 0 0 0 0 0 0 0 0 0 0 0 0 0 0 0 0 0 
1 0 0 3 3 5 5 9 9 8 9 11 9 17 10 7 5 10 10 8 14 14 18 17 26 33 45 32 19 20 17 18 14 22 26 25 27 11 13 6 7 6 6 4 1 12 5 2 5 6 7 5 7 1 5 3 2 6 6 6 5 3 5 2 3 1 2 4 3 1 5 1 2 1 2 2 3 2 0 1 3 2 3 1 1 2 1 4 0 1 3 2 1 0 1 3 2 0 1 0 1 1 6 1 2 1 2 2 1 0 2 1 1 1 2 1 3 1 1 1 3 1 2 4 2 1 4 6 2 3 6 7 9 5 6 6 9 7 8 2 15 4 14 15 28 36 48 98 104 109 107 102 117 119 115 147 190 174 202 183 210 197 188 275 268 306 289 254 232 210 184 183 176 175 191 173 160 171 164 185 186 152 181 186 215 226 268 256 361 387 358 310 276 229 221 219 221 263 273 308 363 316 341 337 315 354 348 421 577 595 689 712 826 876 603 388 189 90 40 21 24 19 14 10 18 21 40 43 70 94 119 87 73 47 19 9 2 4 2 3 2 1 3 2 1 1 0 2 0 2 1 6 2 1 4 5 


1699 7504 11084 10643 10728 11000 11413 11634 11171 10044 8741 7445 6220 5635 5352 4974 5022 4971 4734 4664 4322 3829 3454 3105 2819 2548 2263 2187 1958 1837 1657 1609 1443 1365 1340 1278 1222 1184 1221 1217 1217 1209 1208 1146 1056 917 821 800 747 710 772 825 828 904 942 1055 1091 1177 1268 1402 1436 1377 1647 1634 1885 2070 2217 2292 2295 2231 2222 2352 2399 2374 2306 2416 2221 2037 1876 1745 1598 1469 1437 1371 1186 1164 1291 1510 1886 2092 2676 3217 4085 4931 6726 9261 12099 15562 17778 18752 19975 19756 19826 18537 17438 15100 11912 10281 8838 7574 6409 5705 5328 4973 5154 5327 5667 6024 6511 7438 8394 9428 10605 11670 12778 13337 13453 13110 12554 12091 11115 10121 9530 8653 7698 7039 6142 5153 4283 3643 3033 2878 2675 2253 1853 1432 1394 1370 1245 1118 1052 1021 937 1001 964 928 872 891 959 969 1003 1036 1104 1216 1294 1241 1056 1076 958 795 830 780 755 682 689 616 680 577 585 496 531 486 524 525 544 551 600 629 634 662 644 660 652 646 698 744 750 803 858 823 778 718 760 782 767 677 706 683 674 792 749 809 1082 1352 1820 2545 3385 3841 4054 3797 3368 3079 2970 3082 3177 3527 4121 4772 5702 6370 5876 5796 8116 10458 13795 16255 12416 4774 2074 1112 573 304 226 163 125 86 43 29 10 1 0 0 0 0 0 0 
5703 9884 7942 6240 5895 6386 7709 9377 10725 11507 10813 9994 8703 7595 6765 6242 5715 5330 4778 4480 3853 3249 2761 2509 2174 2045 1936 1879 1658 1629 1513 1498 1418 1474 1375 1390 1258 1299 1188 1155 1017 1043 973 957 940 848 834 855 843 966 976 1093 1164 1234 1424 1654 1811 2008 2134 2360 2621 2740 3040 3047 2961 2981 2758 2695 2407 2180 1817 1443 1193 966 804 718 638 602 566 525 497 453 501 463 482 545 506 562 491 557 607 647 680 797 924 1020 1004 1002 951 900 814 687 645 622 648 652 676 630 740 791 817 856 920 948 1027 1055 1163 1249 1338 1471 1523 1672 1785 1865 2083 2269 2536 3044 3440 4079 4882 5945 7484 8743 10361 11722 12993 13713 13843 13457 12260 11409 10074 8653 7335 6201 5087 4655 4520 5253 6313 7186 8597 10203 11895 13640 15126 16890 17815 18725 19567 17766 14760 13236 11545 10033 8875 8988 8260 7580 6439 5849 5547 5067 4886 5040 5191 5332 5921 5859 5792 5490 5310 4463 3694 2948 2230 1915 1715 1411 1293 1093 1031 1017 1076 1024 1045 1027 1015 963 958 1047 1221 1451 1890 2324 2812 3624 4022 3739 3208 2889 2707 2700 2810 3037 3330 4171 4662 5419 5825 6075 5761 6634 9607 11940 13494 13421 8577 2622 1233 928 575 383 330 256 158 88 42 12 3 1 0 0 0 0 0 0 0 0 0 0 0 0 0 0 
185 2047 6236 8190 6388 4806 4595 5469 7032 8936 10602 11526 11428 11015 10177 9301 8293 7553 6411 5454 4525 3766 3069 2514 2142 1820 1600 1616 1562 1580 1544 1565 1487 1393 1419 1371 1370 1351 1268 1250 1326 1289 1261 1189 1227 1261 1227 1256 1293 1283 1404 1450 1661 1692 1868 1964 2140 2243 2534 2741 3064 2991 3050 2764 2612 2285 1760 1380 1160 921 771 683 597 580 528 521 525 546 640 690 747 807 810 847 796 719 734 615 620 620 539 476 441 398 401 441 427 466 429 455 514 558 554 628 655 717 817 876 1020 1001 1126 1095 1215 1152 1007 941 944 912 845 955 1049 1125 1293 1316 1388 1467 1710 1794 1858 2063 2274 2365 2632 2796 3105 3534 4177 4838 5676 6881 8347 9850 11838 13409 14918 15836 15564 14454 12047 9518 7000 4958 3540 2579 1861 1449 1116 922 791 721 698 621 579 624 579 624 529 594 512 508 539 521 526 574 533 569 601 656 675 680 695 765 769 838 930 1018 993 1164 1254 1413 1570 1596 1645 1757 2019 2339 3079 4333 5565 7200 9296 11383 14603 18328 21296 23923 25836 27538 26568 25046 23633 23157 23243 24822 23371 20429 17743 16516 15218 17025 16350 11094 4190 2140 1383 1067 951 544 284 220 203 193 209 209 146 145 92 44 25 8 4 2 0 0 0 0 0 0 0 0 0 0 0 0 0 0 


