0
1 3 1 0 1 1 3 2 4 5 4 6 4 9 6 8 5 5 4 3 3 1 2 3 0 0 3 1 2 1 1 1 2 0 2 2 3 0 2 3 0 3 3 4 1 5 7 9 4 7 4 6 10 6 4 6 4 8 4 5 6 10 7 11 12 12 9 7 10 7 11 7 7 16 12 16 10 10 9 15 14 10 8 11 13 9 13 13 9 9 10 8 7 11 14 14 10 12 13 8 7 14 16 4 12 10 16 16 15 13 15 19 10 19 14 18 20 29 25 37 38 34 45 53 58 61 61 71 58 71 81 75 96 81 91 82 86 90 78 72 85 91 106 102 143 135 144 162 203 247 273 255 241 265 232 220 241 224 251 244 296 273 247 247 206 167 132 81 80 53 35 34 26 26 21 27 20 22 19 23 21 19 15 19 9 18 21 20 11 24 16 11 23 20 23 20 28 12 14 30 31 21 34 29 43 34 53 49 44 44 46 56 48 40 53 48 50 41 48 47 56 51 53 71 64 89 99 113 138 228 257 205 266 561 1931 1925 585 253 188 170 141 120 115 94 104 75 81 81 90 90 92 113 109 134 230 618 
4 5 4 5 3 2 2 4 5 3 6 10 3 4 5 6 2 5 1 2 1 2 1 0 1 1 1 1 3 0 4 1 2 1 0 1 1 1 2 1 1 0 4 2 2 3 1 4 3 1 4 4 3 3 0 2 1 1 7 0 2 0 5 5 5 5 7 5 6 3 11 7 5 10 2 5 7 7 12 7 12 11 5 5 10 14 5 17 8 13 15 7 10 11 9 10 17 11 15 16 16 10 14 14 11 13 13 9 13 9 11 9 12 6 5 13 13 12 8 8 9 9 13 7 13 12 10 19 9 10 16 16 15 13 14 17 17 25 14 23 17 33 39 39 45 53 68 79 54 69 80 70 85 82 90 79 97 74 105 86 72 80 80 88 92 103 96 104 110 117 124 171 140 154 183 180 183 227 250 256 270 258 283 274 279 299 306 322 313 280 246 203 160 112 105 77 75 64 53 70 69 63 60 57 36 57 65 62 61 72 89 121 172 241 202 175 191 420 1391 2106 858 358 270 220 162 124 105 90 93 79 83 92 80 78 57 73 74 61 48 64 46 65 41 38 48 46 30 37 36 54 43 44 40 70 121 330 
5 5 2 6 2 2 5 1 6 5 5 5 9 4 11 1 1 0 4 1 1 0 0 0 2 2 2 0 2 1 1 2 1 3 2 2 0 3 1 2 2 7 2 0 4 2 1 0 1 2 1 3 1 0 3 3 5 3 1 1 1 3 3 1 1 3 3 3 3 4 4 1 0 3 3 2 4 2 4 5 6 5 6 2 3 5 5 8 5 6 6 4 6 5 6 7 6 8 6 5 13 14 10 9 6 10 11 6 11 10 16 16 11 17 16 8 14 12 15 19 9 12 7 14 13 17 12 10 21 11 15 15 16 18 14 16 20 31 15 16 15 22 22 19 14 18 22 24 21 31 19 23 13 21 19 24 22 31 20 37 40 32 31 30 38 43 54 43 67 74 79 100 100 114 139 118 115 122 146 109 123 143 130 141 173 155 208 194 141 175 240 274 361 721 756 1458 1644 741 502 445 439 399 346 347 388 412 439 503 533 486 463 362 302 227 143 124 85 79 79 75 58 54 53 47 40 40 29 40 38 28 46 28 32 30 28 32 28 26 34 29 32 23 27 25 32 22 13 45 32 32 41 40 41 29 29 12 


1 0 0 0 1 2 1 0 1 3 3 1 1 0 1 1 2 3 2 3 1 2 3 4 1 1 1 2 0 1 1 0 0 1 2 0 0 1 0 2 3 2 1 1 1 2 0 1 2 4 0 2 1 1 1 0 0 5 1 3 0 1 0 2 0 2 6 4 3 3 1 4 2 2 2 3 2 7 1 4 8 11 8 7 5 11 3 13 7 2 7 3 2 8 3 12 3 3 6 6 0 3 2 3 7 5 4 5 4 10 6 7 9 3 4 9 4 16 10 17 30 30 47 56 106 118 142 210 257 292 383 495 706 943 1296 1794 2537 3193 4024 4699 5277 5961 7201 8393 9768 10254 10975 12048 13449 14630 16789 18983 20425 22068 22313 23231 24002 25117 25961 25437 23716 21688 19629 18433 16886 15900 15665 15488 15098 15609 14673 13610 13270 12794 12278 12238 11862 11419 10774 10257 9530 8968 8659 8215 7797 7504 7080 6862 6669 6597 6513 6553 6386 6350 6203 6144 5951 5809 5589 5506 5433 5426 5490 5584 5703 6132 6152 6113 5885 5782 5477 5314 5271 5062 5225 5281 5287 5345 5134 5170 4836 4669 4386 4059 3830 3712 3451 3382 3277 3366 3486 3515 3796 3875 4211 4227 4088 3882 3421 2918 2383 1830 1407 1064 793 615 473 356 270 239 168 131 109 76 94 82 
1 1 0 1 0 2 0 1 1 0 3 1 6 6 4 2 3 0 5 0 1 3 1 3 2 3 4 1 3 4 3 4 4 6 6 9 7 6 6 7 5 8 5 3 2 2 6 8 3 4 1 4 2 0 1 1 1 2 3 10 3 2 2 3 2 1 1 3 2 4 7 1 2 3 4 1 0 1 2 4 1 4 3 1 2 1 0 2 2 1 4 3 4 5 1 0 2 2 0 1 2 3 3 3 0 1 0 1 1 3 3 6 1 2 3 1 0 2 0 1 1 0 1 2 1 3 3 2 4 3 2 2 2 4 5 6 3 3 2 6 4 2 8 9 7 19 9 25 31 36 39 36 79 70 94 119 156 197 239 339 432 588 797 1115 1427 1908 2676 3556 4818 6563 8160 9427 10407 11778 13183 15358 16750 18214 19404 20265 21584 23171 25267 26858 29125 31213 32263 32065 32379 32474 33188 32993 33031 31213 29378 25182 21780 19061 17140 15756 14458 13369 12711 12199 11759 11934 11747 11364 10903 10422 9585 8706 8495 8204 8107 7858 7562 7260 6842 6400 5901 5408 5124 4834 4983 4743 4889 4930 4732 4268 3605 2937 2493 1885 1460 1118 888 626 533 417 331 267 208 132 110 80 59 57 45 29 27 32 25 19 15 11 
1 1 1 1 1 0 1 1 0 1 4 2 6 2 2 5 1 4 2 3 4 5 2 2 2 1 5 3 2 11 7 5 7 4 5 3 8 5 5 6 1 1 5 8 6 5 3 2 0 3 1 1 3 3 2 2 4 0 2 2 0 3 0 2 1 2 3 3 7 5 4 1 0 3 3 4 3 2 1 1 0 0 1 2 0 0 2 0 0 2 1 2 0 1 3 2 1 1 3 3 3 0 2 3 1 2 1 2 1 1 0 0 1 0 0 2 1 4 1 1 2 1 2 3 3 1 3 3 3 1 1 4 1 0 0 0 2 1 1 0 1 2 1 3 2 0 1 3 1 4 4 4 9 6 2 4 3 2 2 2 7 6 2 3 2 4 2 2 3 5 8 5 9 2 10 10 19 13 19 26 38 38 43 62 105 134 234 297 522 668 1184 1749 2568 3622 5104 7150 9297 11894 14779 17147 20308 22403 25383 29806 37264 47259 57003 64107 64697 61980 58578 54865 49584 44803 39503 34845 29612 24512 20192 16896 14187 12229 10748 9399 8835 7778 6810 5932 4969 4049 3286 2553 1997 1557 1225 980 801 665 515 425 293 239 184 145 108 65 51 46 33 28 11 16 6 5 5 2 


