0
134 144 196 254 372 576 662 750 731 687 579 546 509 489 535 538 486 413 299 232 210 169 142 168 156 161 189 197 251 235 268 245 236 234 184 144 143 116 112 115 110 102 98 92 90 78 88 87 104 82 81 59 69 74 63 56 63 64 62 56 47 59 49 57 54 54 54 55 36 45 50 39 54 50 46 52 52 51 41 47 61 44 58 71 78 77 89 73 77 88 93 93 89 112 90 113 124 129 114 137 128 133 102 108 121 144 121 121 123 129 105 91 94 111 95 99 103 118 97 112 86 91 100 129 133 94 108 84 96 105 103 103 104 124 127 122 116 97 118 111 106 111 114 96 97 83 93 66 82 84 75 79 73 76 69 75 65 71 85 68 59 63 80 73 81 68 70 47 57 61 45 48 45 44 49 36 45 36 25 38 30 26 31 24 22 12 14 19 16 16 7 13 13 9 15 4 16 11 12 10 11 6 11 7 9 11 9 5 8 9 4 8 4 7 9 7 8 2 4 3 6 5 2 8 6 2 7 7 8 5 8 3 5 7 3 5 1 14 15 20 22 19 17 25 22 20 14 21 14 13 16 28 25 22 26 23 
72 107 129 153 243 337 411 380 332 298 316 371 367 351 313 363 462 508 581 539 412 348 305 310 320 315 309 314 255 318 285 285 287 256 246 267 255 233 207 235 208 191 194 158 169 147 132 103 87 112 56 78 82 62 59 59 71 61 66 57 50 58 50 59 59 46 65 54 54 50 51 42 37 45 41 42 42 37 52 40 36 43 41 31 28 40 40 43 51 44 45 42 43 41 38 40 47 39 31 39 46 44 45 29 47 34 43 42 46 49 63 51 55 67 71 64 73 78 82 74 82 80 93 87 120 108 105 106 110 103 102 108 116 125 125 130 127 106 104 75 95 115 114 108 107 105 103 104 115 107 91 100 126 113 131 109 114 129 124 121 132 114 131 147 138 131 138 121 107 131 115 106 119 103 97 80 84 61 73 76 57 66 71 66 68 54 55 50 42 40 35 40 33 23 15 22 14 9 11 12 10 15 7 13 10 14 8 7 5 2 4 5 5 5 3 5 2 3 4 4 8 14 12 27 18 23 19 18 19 22 14 16 16 13 14 19 15 11 10 11 12 3 8 5 6 3 4 2 0 3 2 1 1 0 1 0 
41 51 43 48 45 54 76 91 144 151 141 184 225 283 290 309 318 338 309 321 295 241 206 196 180 183 240 321 392 396 345 211 174 184 153 116 123 130 130 141 134 137 195 193 188 172 185 173 158 147 153 138 132 100 119 117 119 146 132 134 142 134 123 103 96 109 107 132 135 149 169 161 149 147 144 120 115 95 106 107 111 109 78 85 84 85 93 88 115 93 89 78 80 66 82 64 65 62 68 65 65 54 56 59 51 63 56 68 54 64 47 35 50 48 47 43 35 49 58 47 61 46 51 45 64 47 49 51 48 56 42 51 43 39 45 38 49 47 59 55 45 46 48 44 62 58 57 68 70 69 80 66 77 65 82 59 57 75 77 80 67 95 102 112 113 104 115 102 112 134 155 162 150 146 111 112 117 99 90 80 106 103 128 146 131 116 138 102 154 134 144 150 175 169 152 172 189 192 197 183 173 161 141 149 139 133 140 98 102 68 64 53 47 42 38 17 20 12 12 9 10 9 9 8 10 6 5 3 1 1 1 0 0 0 1 0 0 1 0 0 0 1 0 0 0 0 0 0 0 0 0 0 0 0 0 0 


176 230 228 196 193 199 285 431 623 836 982 975 785 628 464 347 250 204 183 178 150 140 172 163 149 169 153 142 129 137 138 139 147 148 137 125 116 119 133 123 123 106 184 131 113 136 127 128 141 135 121 154 141 146 120 132 130 120 131 119 114 118 140 120 123 116 100 149 120 139 123 122 132 131 135 117 142 162 162 167 171 229 259 253 260 229 215 217 198 206 198 200 226 221 211 213 181 201 179 202 196 208 224 260 262 267 262 265 239 298 284 305 410 517 540 622 734 728 711 729 829 897 909 982 971 1025 1054 1200 1397 1624 1840 2286 2791 3441 4044 5147 6057 7397 9353 11524 12733 14126 15770 16127 17291 17616 17575 17579 16927 16352 16297 15996 16129 16064 16568 16645 17006 17136 17433 17707 18342 18007 17013 17189 17138 17123 17887 17540 16030 15328 14263 13708 12979 12213 11331 10585 9401 8569 7915 7499 7500 7138 7206 7090 7078 6924 6938 7006 6820 7012 6994 6858 6956 6607 6482 6107 5900 5513 5319 5279 5154 5114 5356 5267 5214 5280 5293 5065 4829 4698 4692 4637 4766 4771 4785 4777 4669 4527 4120 3763 3307 2961 2863 2666 2523 2553 2395 2339 2181 2020 1846 1764 1580 1360 1331 1177 1095 1005 842 708 616 487 383 355 305 260 199 174 163 134 117 104 107 138 151 303 
170 232 196 166 254 447 692 1028 1104 933 643 387 270 138 95 84 57 82 65 59 80 65 73 69 72 75 69 86 80 75 67 70 89 84 77 90 98 116 99 109 115 129 135 156 168 217 241 240 252 252 215 211 176 194 182 193 149 152 137 150 132 120 121 92 116 127 101 99 117 110 103 108 100 116 100 107 94 119 93 98 95 97 91 116 97 125 135 143 131 149 132 132 145 168 139 132 174 172 193 165 173 183 169 180 192 164 191 176 192 188 210 264 263 262 287 287 313 296 258 332 358 347 328 341 374 339 380 391 414 404 442 458 523 600 610 657 668 665 691 750 649 729 745 718 799 759 812 908 851 921 872 903 990 1178 1281 1457 1609 1971 2362 2707 3068 3695 4377 5131 6085 7279 8930 10443 12160 14998 17689 20484 22155 23709 24369 25560 25830 25169 24227 23726 23198 23471 24119 24940 25653 25426 26131 26112 27405 28147 29839 28782 25602 21402 18886 16571 14212 12799 11772 10676 10190 9428 8909 8423 8227 8078 7997 7737 7518 6956 6512 6481 6124 6201 5890 5561 5327 4776 4047 3542 3316 2846 2752 2380 2127 1891 1785 1559 1390 1195 1027 968 796 634 503 408 346 300 233 174 140 132 84 93 65 62 41 38 28 34 16 22 18 30 78 227 
138 228 190 224 293 435 758 1005 1083 968 703 483 277 203 145 133 145 135 123 120 111 103 128 108 114 100 125 109 129 120 133 121 139 148 136 147 157 176 151 171 164 169 164 159 144 147 140 137 154 184 173 190 175 179 160 132 149 142 119 141 148 167 144 182 215 219 253 323 283 273 259 270 319 356 386 391 277 223 153 128 142 110 118 133 135 136 133 106 120 108 104 98 109 92 110 104 91 100 96 94 104 132 110 102 114 121 123 132 152 149 150 147 155 215 168 180 157 200 187 194 198 203 196 194 206 188 176 211 170 174 180 155 165 176 186 154 168 184 185 207 232 254 254 272 315 320 291 294 304 351 346 426 472 500 601 539 496 478 498 508 492 516 489 529 463 508 560 594 579 603 590 606 659 574 662 663 638 664 673 687 829 928 1123 1134 1322 1674 2067 2460 3101 4377 6363 8760 11621 14589 17617 20960 24503 28644 32001 34998 37358 38238 39219 41390 42759 46622 50491 53091 51590 49066 45326 39193 31636 25315 19882 16064 13016 10606 8686 7156 6017 5219 4397 3855 3334 2849 2560 2206 1962 1562 1369 1146 1001 823 694 581 434 397 281 234 205 129 118 120 88 68 45 43 46 19 25 21 41 34 67 65 


