0
78 37 25 38 20 16 27 13 18 19 14 17 14 13 15 21 13 18 11 12 22 26 14 18 19 18 18 20 22 25 34 36 36 27 38 49 58 75 91 110 125 134 106 100 116 110 111 92 80 107 118 114 115 125 119 97 108 90 79 93 86 86 56 66 67 67 77 63 57 56 56 53 53 42 39 34 35 36 16 35 37 22 18 47 35 35 35 39 32 32 32 26 23 18 24 24 18 17 19 20 19 23 17 15 18 20 15 23 18 16 29 21 16 24 25 25 50 99 137 117 132 71 51 55 36 52 42 34 51 47 52 73 78 89 86 104 89 116 108 120 167 149 158 149 151 125 131 120 121 93 96 89 74 80 121 116 134 186 203 201 244 296 285 270 240 173 112 103 69 58 38 19 20 19 11 9 3 7 2 3 3 3 1 0 3 4 5 2 6 2 0 1 4 1 1 1 2 3 5 2 2 5 2 3 1 7 3 3 1 5 3 1 4 3 1 2 2 1 1 0 0 1 0 0 4 2 0 0 2 0 1 0 0 0 2 0 0 1 0 0 0 0 0 0 0 0 1 1 1 1 1 0 0 0 1 0 
3 4 10 6 5 7 8 10 10 7 6 13 9 14 7 14 7 7 10 4 11 2 12 7 10 13 6 6 6 8 4 11 7 11 4 6 8 6 4 3 8 4 3 4 8 4 3 5 8 12 6 6 9 8 5 9 6 7 5 9 7 5 5 6 4 7 5 6 8 9 10 11 6 6 10 5 11 8 6 9 5 2 8 9 10 13 9 6 7 9 8 9 10 16 21 13 21 23 15 21 25 22 26 25 24 23 29 27 37 32 38 28 31 41 33 49 47 43 32 34 37 36 26 36 27 41 36 33 28 27 40 36 25 25 25 23 31 34 31 26 32 27 40 30 32 43 41 38 41 30 46 45 39 39 45 50 59 61 69 80 96 75 83 98 85 76 77 102 123 130 150 184 183 230 230 241 245 249 269 266 268 245 267 268 291 289 303 268 270 232 197 141 119 74 45 54 48 31 41 39 44 37 33 25 40 36 51 38 57 45 52 53 58 61 56 70 63 58 81 81 65 62 49 47 28 30 12 19 15 16 8 12 11 6 9 15 9 8 20 17 12 22 87 219 266 93 30 16 10 8 10 5 7 4 3 2 
385 288 209 145 100 95 55 64 46 45 33 35 31 37 24 35 17 31 20 26 32 24 19 19 16 20 23 24 18 20 34 16 19 17 15 16 9 11 14 12 19 12 8 15 7 13 13 7 9 7 12 13 10 11 6 10 6 10 10 10 12 4 13 9 3 8 10 9 8 8 10 10 7 11 6 4 7 7 3 6 6 11 10 5 5 9 6 5 6 7 8 9 5 8 3 7 7 5 6 4 5 7 8 4 5 8 4 6 5 3 6 3 6 7 6 11 6 6 11 7 7 5 3 5 9 8 2 7 8 6 8 2 7 5 9 9 10 5 3 7 1 6 12 8 5 7 4 7 3 3 9 10 2 9 6 3 6 3 5 5 5 3 10 3 6 8 8 5 2 5 7 5 4 6 5 8 8 3 11 18 17 15 16 28 25 35 37 46 55 75 73 58 71 72 74 93 103 111 126 133 110 123 139 169 178 218 303 349 485 512 551 489 443 404 326 276 208 121 88 75 57 67 71 54 79 82 87 101 99 95 96 88 65 40 34 29 68 211 309 132 49 27 18 15 19 8 5 8 1 3 1 2 2 0 1 3 


52 86 138 376 879 1927 3446 4654 5505 6023 6258 6416 6129 5565 4989 4577 4362 4051 3856 3673 3578 3309 3222 3136 3131 3185 3306 3389 3234 3131 2985 2583 2356 2159 1845 1703 1500 1306 1271 1206 1142 1067 1012 1022 951 954 971 931 890 835 838 826 794 829 814 849 926 1011 1099 1278 1341 1419 1516 1540 1531 1517 1519 1463 1354 1313 1255 1136 1173 1109 1092 1127 1176 1172 1136 1192 1192 1099 1013 925 893 746 648 618 560 520 437 472 415 398 403 411 374 392 395 427 427 436 447 416 464 432 499 472 563 597 683 787 938 1270 1674 2348 2973 3870 4283 4722 5042 5410 5860 6737 7364 8350 8920 9047 8814 8715 8602 8415 8522 8687 9152 9421 9824 10086 10669 11631 12792 14038 15557 16539 17231 17151 17230 16482 15575 13903 13011 11742 10667 9597 8680 8173 7906 7380 7047 6686 6335 6184 5848 5931 6166 6121 6047 6360 6203 6467 6640 6923 6623 6372 6037 5859 6047 5888 6016 6109 6327 6611 6677 6259 6386 5926 6185 5945 6129 6346 6582 7016 7316 7475 7310 6421 5730 5134 4848 4628 4504 4175 4364 4028 4096 4294 4481 4636 4580 4409 4381 3938 3921 3800 3495 3435 3535 3185 2914 2686 2464 2390 2525 2544 2493 2468 2557 2436 2052 1603 1399 1185 1255 1052 975 836 558 467 375 304 227 197 123 107 78 52 37 30 19 12 5 11 15 4 4 3 
385 1582 3189 4892 6301 6974 6959 6520 6056 5401 4992 4773 4539 4270 4307 4277 4551 4769 5058 5093 4886 4590 4068 3605 2962 2496 2063 1709 1553 1328 1227 1143 1052 1002 969 972 961 905 919 889 896 894 944 932 947 1008 1129 1244 1283 1470 1555 1757 1758 1656 1611 1485 1393 1295 1272 1421 1413 1457 1570 1548 1411 1215 1060 906 849 711 696 632 640 573 572 569 573 517 488 448 435 421 373 401 417 422 428 404 451 435 472 494 503 429 481 430 452 490 454 464 479 500 491 541 587 542 548 592 604 621 575 616 594 533 601 583 554 561 552 586 581 533 577 620 623 586 633 652 648 667 712 704 739 757 798 824 840 954 976 1146 1220 1370 1445 1562 1733 1937 2349 2701 3175 3991 4742 5665 6568 7228 7795 8820 9625 11357 11957 12334 12626 12979 13010 13097 12987 12932 12972 13736 14419 16343 17729 18930 19711 20130 19855 19732 18868 17904 16225 14490 13362 12345 11555 10614 9767 9326 8781 8784 9216 9426 10170 10236 9961 9315 9403 10117 10074 9935 8943 8465 8471 8367 8504 8045 7887 7798 7663 7076 6252 5659 4988 4536 4254 3989 4094 4429 4725 4430 3792 3931 3609 3736 3566 3330 2990 2894 2509 2105 1463 1111 823 556 440 361 237 178 136 99 67 58 32 28 21 9 13 14 17 6 8 7 9 7 7 2 2 2 
355 999 2336 4237 6136 7276 7707 7859 7387 7014 6722 6579 6497 6398 6356 6231 5892 5435 4719 4179 3527 2984 2385 1963 1699 1467 1310 1331 1306 1282 1250 1206 1222 1231 1286 1438 1561 1759 1833 1947 2056 1978 1922 1817 1803 1778 1899 1883 1747 1652 1389 1182 1043 917 853 806 715 779 730 720 712 708 654 676 611 649 566 542 549 494 536 531 510 543 494 471 525 563 553 554 579 535 576 561 589 606 613 671 680 690 693 687 728 715 717 632 632 625 578 649 614 645 658 650 692 702 752 930 846 1031 1178 1287 1357 1414 1269 1108 1003 942 874 935 966 982 1027 1060 1090 1197 1181 1178 1217 1175 1165 1129 1140 1154 1167 1173 1157 1113 1162 1160 1212 1138 1204 1177 1287 1301 1285 1364 1334 1355 1385 1357 1318 1265 1185 1152 998 1007 926 804 752 675 591 553 485 409 351 362 318 319 358 421 451 344 278 227 254 241 242 241 252 303 443 585 986 1430 2130 3114 4709 6637 9081 11857 14397 16719 18549 18671 18524 19126 19830 21426 24433 26106 27127 28010 29322 31086 31453 29757 25793 22520 20095 18880 18462 18991 18945 19383 18792 16948 14215 12159 10373 9037 8015 7565 7154 6868 6146 5573 4643 3766 2610 1767 1125 722 529 374 266 188 147 78 66 50 39 34 19 18 14 16 9 6 5 6 3 2 4 1 


