0
19 8 23 25 31 37 43 53 76 106 118 164 146 134 107 68 59 71 70 49 46 49 43 74 83 112 145 180 207 276 259 270 250 189 164 153 111 93 74 62 53 55 45 46 52 41 50 54 67 85 80 114 131 133 153 150 176 173 194 228 219 243 232 264 244 269 307 287 313 300 298 306 266 307 299 278 270 253 229 236 252 227 228 224 224 204 210 218 215 226 213 210 211 208 194 214 230 200 198 183 192 191 189 158 166 176 156 152 133 127 127 102 117 109 104 118 83 79 74 69 75 70 66 65 58 64 67 63 64 64 55 51 37 72 64 68 48 52 60 48 61 46 58 76 63 62 57 57 70 60 70 74 72 92 80 130 100 110 103 93 125 114 122 140 120 147 183 183 232 267 313 322 300 274 280 221 219 177 202 154 152 127 120 117 84 89 72 60 49 30 45 49 44 39 38 46 45 39 52 48 38 40 52 48 50 51 63 43 52 53 41 50 51 54 47 49 41 37 37 28 44 29 30 37 35 24 24 28 28 25 22 25 28 26 27 26 21 23 21 32 19 20 34 44 27 31 27 22 16 24 12 10 10 9 5 11 
61 77 68 71 107 131 170 198 169 118 94 60 57 69 60 58 56 81 79 95 141 182 234 269 298 334 279 235 191 176 133 120 114 115 101 114 142 126 154 147 158 188 173 191 208 199 209 218 215 238 199 188 210 226 202 219 208 223 200 217 204 195 217 204 196 258 214 192 212 228 207 219 216 192 225 208 188 177 214 191 209 215 187 184 165 163 182 182 181 184 167 156 180 138 128 132 140 124 112 123 114 102 89 104 106 78 100 89 79 111 91 67 78 74 88 71 93 86 83 93 104 87 107 101 107 100 117 132 137 148 177 167 209 172 203 192 224 219 305 305 287 345 337 277 298 258 254 284 221 201 145 151 122 124 109 120 138 129 118 82 63 70 61 67 51 53 42 49 50 56 55 44 53 76 59 59 64 53 48 25 50 44 44 52 41 47 43 40 36 30 33 40 34 26 23 27 32 27 28 18 37 28 22 29 20 29 26 23 32 31 31 21 19 27 24 32 24 26 25 28 38 30 26 28 23 25 16 9 6 2 0 2 1 0 0 0 0 0 0 0 0 0 0 0 0 0 0 0 0 0 0 0 0 0 0 0 
93 143 116 112 143 173 172 178 109 102 103 75 81 84 80 111 115 134 139 192 223 260 307 373 368 480 391 352 338 306 321 286 296 271 298 297 238 270 270 259 248 237 245 228 236 236 185 220 196 185 171 151 150 155 139 126 103 100 94 94 71 66 65 63 61 52 43 53 49 40 47 29 33 49 41 47 37 50 37 40 46 47 61 49 54 57 60 68 73 64 70 82 96 96 101 102 86 112 143 144 131 148 202 201 210 240 292 267 320 374 342 337 332 414 430 429 436 445 442 381 364 369 328 268 219 211 200 160 169 188 189 189 176 162 143 128 119 132 126 83 104 104 96 94 110 95 106 111 96 94 101 80 91 73 78 77 74 74 69 62 57 65 70 53 47 56 52 43 62 58 50 61 43 52 45 49 45 51 52 52 46 31 54 43 39 48 38 52 52 40 37 34 28 22 17 26 8 13 15 16 12 4 7 3 2 2 4 4 4 5 1 3 4 3 1 0 4 1 3 6 2 6 0 2 2 1 4 1 1 0 1 2 0 0 0 0 0 0 0 0 0 0 0 0 0 0 0 0 0 0 0 0 0 0 0 0 


0 0 0 1 0 0 0 0 0 0 1 0 0 0 0 0 0 1 0 1 0 0 1 0 0 1 0 0 0 0 0 0 1 1 0 0 0 1 0 0 0 2 3 3 1 2 1 4 4 3 3 5 2 3 3 1 5 3 9 6 11 8 7 8 6 9 7 8 12 9 6 9 20 14 13 10 17 7 18 11 12 17 18 11 19 17 23 15 15 19 21 28 22 19 13 23 24 28 19 18 23 15 26 22 26 15 24 19 19 24 19 31 26 29 27 26 35 38 36 54 67 76 89 120 153 222 308 479 585 828 1057 1366 1731 2096 2573 3143 4051 5179 6782 8315 10034 11563 13526 14092 14891 14547 14429 13987 13711 14100 15197 16124 17027 18104 19707 21300 21957 22154 22509 22970 22488 21820 21635 22023 21717 20569 18370 16425 15247 14577 13289 12494 11555 10483 9600 9364 8825 8173 7745 7587 7615 7351 7034 6852 6666 6273 6236 6023 5804 5806 5665 5641 5474 5393 5291 5363 5292 5265 5048 5038 5015 5205 5189 5500 5731 5816 6186 6169 6082 6103 5941 5881 5582 5561 5353 5191 5041 4901 4878 4533 4416 4210 4091 3844 3656 3363 3279 3069 2947 2875 2852 2755 2775 2770 2741 2682 2573 2507 2362 2258 2089 1987 1730 1493 1282 1093 864 732 637 528 409 331 287 234 208 107 
0 1 0 0 0 0 0 0 0 0 0 1 1 0 1 0 0 1 0 0 1 0 0 1 0 2 1 2 2 1 3 1 4 6 2 2 4 3 2 1 7 8 7 9 12 11 10 6 8 7 13 15 6 11 8 13 9 6 10 12 9 11 7 10 4 11 7 9 5 1 4 4 7 3 7 6 4 2 3 2 3 5 1 4 5 2 4 7 8 5 2 6 6 8 9 8 5 2 6 11 9 8 6 5 8 11 6 8 6 15 11 17 9 13 16 8 9 21 17 11 12 19 18 10 24 17 20 14 18 14 25 15 24 27 18 30 19 23 26 23 30 36 32 44 33 52 71 65 102 121 142 162 211 297 447 586 812 998 1319 1702 1990 2509 2829 3406 4459 5649 7016 8623 9965 12049 13575 15263 16816 18266 18619 19320 20046 20172 21129 21832 23002 24369 26049 27598 28807 29601 31363 31206 31831 30761 31123 30100 27756 23974 21143 18507 15991 13811 11913 11062 10400 9892 9458 9371 9187 9730 10285 10247 10205 9899 9407 8612 8147 7515 6960 6771 6409 6035 5602 5207 4870 4592 4291 4024 3717 3661 3564 3388 3208 3149 2860 2710 2494 2185 1917 1692 1482 1223 1042 855 736 542 446 345 293 218 189 141 99 80 68 49 18 29 13 1 
0 0 0 0 0 1 0 1 1 1 2 0 3 1 4 0 3 2 3 4 4 7 2 5 5 2 6 9 6 15 9 5 8 10 14 4 8 10 10 11 11 5 12 8 7 8 4 9 9 6 6 4 5 2 3 4 4 3 6 4 0 2 2 4 9 3 2 1 1 1 5 4 3 0 1 1 3 1 2 2 0 2 3 2 2 2 1 4 1 4 2 4 1 0 2 2 2 1 0 0 0 4 1 2 3 3 3 4 2 2 4 6 1 0 5 7 7 8 5 10 10 14 10 7 11 8 5 6 10 14 12 10 14 21 12 22 15 13 20 19 12 16 22 21 16 14 30 28 21 24 18 19 27 17 23 19 22 16 25 29 35 26 27 24 25 37 33 31 44 48 56 40 54 47 48 70 72 89 105 136 206 215 282 449 683 928 1405 1895 2726 3960 5573 7840 10429 13800 17640 21336 24438 26561 28173 30009 31970 33478 34489 37029 41393 47765 54026 56402 52544 46987 41608 38609 34136 30264 26070 22707 19519 16404 13430 11143 9242 7964 7101 6483 5877 5212 4814 4592 4087 3773 3343 2904 2634 2218 1884 1569 1357 1161 948 756 612 536 350 310 259 184 147 98 95 46 50 39 8 6 2 0 


