0
30 12 13 6 11 12 14 7 9 5 7 8 11 12 7 12 7 15 16 18 13 13 16 16 17 15 14 25 14 27 12 23 31 18 16 17 12 23 20 18 19 12 28 18 11 20 15 21 22 13 20 20 19 15 17 19 33 13 20 20 25 27 17 24 22 21 31 30 31 31 29 23 20 19 34 28 31 25 46 54 50 46 52 55 43 49 78 66 69 84 70 79 94 77 101 78 58 57 54 42 41 41 45 46 47 42 28 24 27 24 26 17 20 24 18 13 22 12 14 6 8 11 10 10 5 2 6 7 11 11 9 6 7 10 14 4 8 7 7 8 7 13 8 1 8 19 7 2 12 3 11 9 5 6 11 10 10 7 12 10 7 7 14 12 6 11 8 7 8 13 7 6 7 11 9 7 1 9 6 11 6 5 4 1 6 7 4 4 3 1 5 1 3 3 2 5 4 2 4 2 4 5 2 5 5 1 2 5 3 3 4 4 3 0 4 3 3 1 4 2 3 1 0 1 2 2 3 1 4 2 3 4 2 2 0 0 1 3 0 2 1 0 3 2 0 1 1 1 2 3 3 1 4 3 3 7 
26 21 21 15 9 5 12 9 10 11 8 9 8 8 8 8 14 15 10 9 13 13 14 15 11 18 14 18 18 15 12 16 14 7 15 19 19 13 5 12 20 17 15 17 12 12 9 22 18 21 17 16 17 24 23 20 22 18 16 13 20 17 27 15 14 22 22 17 30 15 20 29 24 18 24 24 42 28 30 18 26 20 30 30 35 43 36 43 35 38 44 52 51 54 44 53 35 30 42 31 26 32 30 27 19 15 23 33 12 27 24 26 33 27 27 20 21 38 38 45 43 50 55 51 54 46 41 53 63 47 38 35 32 32 35 39 30 33 33 22 14 10 11 17 7 14 6 12 10 8 6 10 15 12 10 11 14 15 10 9 14 11 12 19 16 10 13 14 10 8 13 9 7 10 4 10 6 5 5 8 3 2 6 6 3 2 5 2 4 1 2 2 8 6 2 3 2 2 1 3 3 4 5 5 1 3 3 3 5 3 3 3 0 3 2 4 1 1 1 4 2 2 3 2 1 2 4 1 2 3 2 0 1 1 0 1 4 1 1 1 1 2 1 0 1 1 2 3 1 0 3 3 3 3 2 3 
3 9 9 8 14 12 12 9 15 10 8 7 5 13 7 11 11 8 14 16 6 17 17 14 14 10 12 13 12 13 18 14 9 12 12 16 7 9 9 7 6 3 9 2 8 5 5 9 7 5 6 7 6 9 11 12 8 11 14 8 7 14 15 13 13 13 14 13 16 12 21 16 24 14 7 13 9 20 21 18 7 9 19 12 16 14 19 15 15 16 22 23 17 26 24 24 25 28 36 25 34 27 22 20 30 30 25 28 31 40 44 39 47 45 40 45 59 52 67 43 52 44 35 31 31 29 21 27 22 27 19 24 21 17 15 17 14 15 13 17 9 16 5 12 19 20 20 13 22 20 21 22 20 19 16 26 17 24 21 31 35 29 50 38 39 44 46 41 43 55 54 52 46 34 38 46 57 33 37 30 30 27 22 17 9 16 7 10 9 8 6 4 12 5 6 5 1 3 4 3 4 5 4 6 0 2 4 6 1 3 3 1 3 3 2 3 3 2 5 1 0 2 1 4 1 2 5 3 0 0 1 0 3 3 2 0 2 2 1 0 0 1 1 0 2 0 0 0 2 1 2 3 1 3 3 6 


6 16 58 116 236 628 1102 1896 2975 3956 5191 6407 7659 8424 8636 8588 7633 7020 6041 5333 4825 4140 3823 3463 3325 3478 4041 4871 5712 6307 6680 6891 7069 6632 6133 5999 5800 5498 5198 4596 4367 4454 4778 5204 5916 6300 6710 7627 8503 9494 10681 10074 8744 7133 6580 6570 6867 7536 7820 7798 7265 6991 7391 8210 9802 10701 10899 10624 9947 10188 10012 10095 10862 11520 11608 11853 11842 11845 11825 12171 12386 11754 11323 11005 10946 10469 10474 10215 10819 10529 10274 10104 9411 7958 6598 5820 5378 4926 4081 3423 3131 2858 2644 2572 2582 2589 2095 1728 1595 1589 1704 1650 1758 1914 2162 2362 2471 2716 3319 4006 4785 5313 5405 5442 5106 4838 4528 4098 3508 3165 2925 2981 3298 3610 3795 4176 4229 4222 4598 4772 4938 4458 3959 3940 4144 3978 3510 3179 2652 2195 1546 974 719 543 465 473 438 408 461 469 482 437 453 449 434 488 447 434 401 462 437 430 439 419 464 488 519 477 491 473 501 518 584 603 657 761 749 755 767 791 756 782 711 688 758 736 743 822 816 768 840 814 755 705 754 816 809 892 926 1006 949 860 785 690 715 707 737 755 865 839 1004 1083 1191 1275 1322 1330 1262 1316 1478 1660 2295 3153 3699 3509 2793 3488 4886 4520 2806 1397 820 571 497 464 355 278 335 446 366 411 458 323 305 575 1942 13909 
11 15 14 11 12 13 18 26 32 46 65 112 225 354 602 970 1467 2217 2903 3398 3639 4004 4104 4257 4555 4822 5352 5408 5314 5027 4884 4544 4270 3901 3507 3430 3060 2784 2726 2436 2452 2479 2635 2797 2939 2890 2975 3025 3138 3524 4148 4894 5334 5320 5531 5525 5700 5805 6001 5903 5651 5530 5296 5565 5625 5929 6146 7049 8079 8696 7921 7007 6313 6087 5884 6052 6279 6204 5758 5281 5412 5483 5981 6476 7111 7497 7711 7942 8681 9472 10584 10394 9997 9589 9512 9401 9834 10522 10871 10863 11155 10968 10835 10516 10540 10285 10077 10717 11384 11889 11641 11764 11822 12396 12232 12013 11739 11042 9067 7563 5984 5037 3987 3514 3214 3220 2573 2076 1823 1801 1809 1715 1612 1717 1824 1756 1931 1954 2091 2075 2108 2144 2273 2445 2745 3402 4023 5052 5740 6100 6329 5700 4570 3916 3310 2963 2926 3075 3115 2930 2834 2809 2673 2657 2551 2614 2832 2975 3320 4058 4683 5372 5655 6249 6571 6586 5686 4440 3409 2490 1653 1265 1037 905 764 774 719 853 803 845 905 856 947 1001 997 1103 1079 1178 1373 1435 1388 1396 1375 1273 1235 1239 1280 1344 1353 1228 1224 1187 1256 1199 1117 1166 1248 1537 2169 3370 4566 5685 6242 5135 3042 1562 849 867 968 1161 1369 1378 2162 2350 1637 896 654 591 476 258 170 89 66 58 55 39 42 39 32 30 26 43 26 37 71 251 
34 25 26 20 30 34 52 70 72 73 81 74 101 113 147 144 125 92 77 64 74 58 52 70 75 80 94 132 149 207 255 252 341 386 459 571 642 671 685 755 702 826 924 1004 1136 1404 1624 1800 2024 2148 2449 2654 2892 3057 3481 3835 4220 4454 4514 4428 4477 4081 3707 3756 3605 3464 3271 3114 2802 2586 2496 2455 2562 2575 2727 2609 2488 2563 2439 2431 2511 2533 2732 2620 2684 2665 2533 2397 2280 2194 2165 2297 2466 2887 3415 4063 4964 5898 6997 7813 8334 7987 7612 7125 6799 6513 5894 5271 4614 4271 3864 3591 3432 3530 3514 3593 3848 4500 4872 5092 5075 5297 5677 5894 5698 5669 5770 6331 7461 8484 9506 11106 12784 13855 14582 14015 13375 12915 12787 12790 12366 12175 11761 11129 11173 11943 13194 13839 15140 15692 14939 13329 11724 10374 9220 8173 7643 8122 8241 7808 6762 5537 5174 5151 4758 4349 3965 3708 3800 4014 4217 4410 4785 5744 6376 7415 7343 6648 5648 4911 4809 4258 3905 3352 2998 3007 3083 3133 3336 3339 3441 3426 3437 3414 3432 3483 3451 3782 4429 5556 7092 8641 10387 11877 13230 12078 9193 7190 5608 3929 2795 2200 2129 2587 3189 3236 2288 1298 556 304 165 128 114 117 125 99 112 95 83 78 78 70 63 47 66 56 53 45 16 14 8 8 8 4 2 1 0 0 1 0 0 0 0 0 0 0 


