0
0 0 0 0 0 0 0 0 0 0 0 0 0 0 0 0 0 0 0 0 0 0 0 0 0 0 0 0 0 0 0 0 0 0 0 0 0 0 0 0 1 0 1 1 1 1 5 3 5 11 4 15 12 6 18 27 39 45 49 30 15 8 3 4 4 5 2 7 2 8 8 9 6 8 10 5 15 10 9 14 11 20 22 17 18 14 18 19 23 20 17 32 27 28 24 22 25 26 25 31 42 62 71 93 86 90 74 48 38 29 24 17 16 13 5 7 10 6 5 11 7 9 11 15 15 11 12 18 28 45 43 56 77 83 97 109 129 134 107 109 107 120 139 150 159 145 123 147 161 182 159 187 186 206 233 267 271 256 271 313 321 303 326 349 307 281 298 246 243 248 216 207 217 237 215 278 242 280 252 236 184 171 155 132 127 128 101 100 113 122 116 91 98 79 92 74 65 54 60 39 44 54 38 39 41 50 60 40 51 38 41 51 58 48 60 69 67 70 81 95 95 131 184 330 463 500 351 234 209 228 218 166 157 151 161 145 214 281 415 535 690 789 659 372 223 155 82 56 44 40 30 18 11 5 3 1 
0 0 0 0 0 0 0 0 0 0 0 0 0 0 0 0 0 0 0 0 0 0 0 0 0 0 0 0 0 0 0 0 0 0 0 0 0 0 0 0 0 1 1 0 0 0 0 0 1 0 0 0 0 0 1 0 0 0 2 1 4 5 1 0 1 0 3 2 4 1 4 0 3 5 1 12 11 6 4 4 4 10 12 8 12 26 22 24 36 47 23 13 24 16 13 11 4 5 6 5 7 8 4 4 6 6 8 5 6 8 7 10 7 8 17 4 17 15 12 17 10 17 18 13 23 17 31 20 25 36 42 46 39 36 45 60 40 35 52 50 48 69 67 48 50 53 59 56 65 64 113 134 137 151 148 149 214 271 325 326 298 281 262 251 272 327 345 385 399 418 429 440 398 367 307 371 286 276 265 317 285 280 270 259 227 200 191 172 168 155 149 138 144 147 111 97 95 84 84 72 64 68 49 54 67 55 54 61 58 67 63 57 51 69 66 68 93 91 99 162 182 327 468 497 353 246 215 226 230 181 134 102 94 99 131 151 180 342 526 764 836 721 379 247 151 89 74 56 56 37 25 10 7 1 1 0 
0 0 0 0 0 0 0 0 0 1 1 2 0 0 2 2 1 1 0 1 0 1 1 3 2 1 4 2 4 1 3 0 0 1 2 0 1 2 0 1 0 3 1 3 1 3 3 5 2 1 2 3 1 2 3 1 2 3 4 0 0 0 3 1 0 0 2 0 1 0 0 2 3 2 1 2 0 3 3 1 3 1 2 0 1 0 1 3 2 1 1 1 2 2 1 1 1 1 2 0 2 0 5 2 1 3 3 2 5 2 2 3 1 2 2 5 0 3 2 6 8 2 4 8 6 9 12 12 13 19 19 26 33 49 37 46 36 43 43 58 62 57 70 57 59 47 45 52 44 47 37 39 35 20 33 28 28 35 34 33 45 54 47 68 90 109 135 148 124 128 172 195 230 216 290 284 299 304 351 352 387 378 416 449 458 513 461 458 427 411 385 341 304 296 261 247 253 224 198 206 180 163 137 163 160 176 238 200 222 162 133 123 92 90 86 81 77 120 129 165 206 358 486 524 375 300 268 269 222 176 180 177 182 300 470 724 842 768 492 268 168 101 80 57 71 46 23 23 18 9 6 5 3 2 6 8 


732 2264 5006 5141 4518 4974 5340 5168 5116 4981 5220 5661 6361 7126 7549 7716 7919 7899 7526 7318 7087 6677 6678 6197 5618 5240 4809 4239 3904 3573 3361 3144 2973 2950 2832 2787 2641 2610 2562 2387 2416 2533 2520 2515 2513 2563 2677 2577 2603 2633 2741 2681 2832 2649 2705 2750 2718 2694 2593 2656 2539 2552 2571 2501 2506 2378 2400 2400 2463 2476 2507 2549 2705 2601 2643 2539 2466 2246 2444 2334 2471 2434 2382 2275 2514 2562 3038 3373 3559 3877 4228 4738 5008 4959 5083 5248 5663 5856 6102 6083 6004 5271 4526 4175 4270 4172 4219 3954 3927 4299 4904 5169 5415 5760 5825 5742 5936 6184 6127 6515 6272 6136 6101 5903 5962 6090 6008 6095 6013 6299 6382 6342 6746 6783 7111 7188 7394 7770 8222 8439 8868 9300 9485 9596 9986 9825 9868 9838 9609 9271 8968 8705 8113 7848 7542 7394 7295 7212 7031 6941 6502 6502 6106 5927 5576 5238 4949 4746 4633 4386 3768 3145 2639 2213 1883 1667 1479 1337 1142 937 841 795 688 651 589 574 500 456 480 441 409 413 421 395 392 388 410 385 421 429 397 382 374 397 385 427 433 430 450 398 452 423 475 496 538 567 608 549 608 653 667 794 837 846 834 1040 1171 1700 3161 4366 4794 5194 5133 5709 7573 7809 7861 8901 8350 5036 2795 1994 1499 1204 1005 822 668 591 447 369 312 264 191 164 161 99 
496 2292 4959 4889 4009 4257 4807 5183 5330 5461 5729 5809 6198 6512 6552 6909 7187 7102 6889 7022 6612 6545 6174 5782 5326 5131 4620 4061 3804 3262 2945 2733 2459 2348 2248 2209 2194 2190 2249 2194 2257 2156 2277 2178 2198 2131 2146 2152 2179 2209 2238 2330 2512 2477 2456 2575 2522 2523 2407 2397 2342 2466 2393 2443 2396 2388 2326 2357 2385 2217 2199 2237 2369 2306 2362 2327 2146 2126 1975 2021 1947 1973 2017 1990 1935 1874 1922 1926 1886 1970 1874 2008 2106 2060 2112 2143 2089 2160 2049 2096 2084 2098 2092 2264 2250 2262 2268 2287 2357 2439 2333 2450 2553 2613 2538 2715 2641 2731 2715 2751 2812 2989 3094 3099 3175 3241 3247 3365 3488 3467 3518 3526 3680 3598 3691 3730 3974 3953 4178 4599 4963 5648 6108 6842 7415 7217 7388 7715 8239 8759 9718 10378 10325 10568 10595 10752 10616 10714 10752 10794 10932 10816 11208 10928 10356 9894 10064 9987 10041 10439 10629 10256 10088 10538 10474 9894 9114 8443 7855 7371 6983 6939 6758 6651 6379 6136 5607 4944 4225 3424 2843 2179 1455 882 748 672 603 559 559 510 534 500 529 565 543 547 541 519 530 537 565 623 739 827 843 816 831 1004 1295 1916 2360 3444 5386 6679 6245 6548 7489 8191 9399 8744 6224 3567 2157 1717 1364 1049 864 700 539 435 328 241 197 102 75 42 37 22 14 8 1 3 1 1 0 0 
288 1804 4325 4246 3123 3184 3458 4036 4633 5142 5573 5941 6326 6429 6529 6804 6970 6997 7036 6860 6759 6530 6445 6033 5648 5266 4872 4227 3871 3323 2957 2609 2475 2154 2129 2070 2013 2074 2094 2206 2131 2177 2141 2128 2114 2022 1944 1997 2083 2020 2132 2296 2342 2448 2489 2569 2467 2436 2508 2536 2538 2432 2393 2350 2200 2266 2258 2271 2210 2185 2153 2208 2218 2204 2128 2096 2064 2051 1983 1998 1900 1996 1865 1942 1906 1958 1943 1982 1868 1905 1993 2025 2084 2103 1928 1919 1900 1940 1935 1967 1927 1953 2033 2050 1976 2029 2090 2129 2114 2152 2102 2147 2254 2195 2282 2294 2404 2434 2470 2438 2542 2545 2605 2602 2764 2746 2742 2792 2865 2905 2938 2965 3009 3023 3045 3294 3189 3212 3236 3375 3410 3484 3429 3545 3660 3819 3955 4041 4091 4271 4464 4576 4851 5032 5372 5569 5936 6244 6665 7039 7445 7607 8116 8441 8668 9068 9211 9438 9466 9505 9624 9600 9395 8429 7743 7010 6821 6240 5991 5520 5277 4867 4419 4012 3802 3514 3146 2898 2687 2351 2184 1919 1903 2286 2797 3365 3835 4073 3506 3151 3040 3693 4533 5320 5864 6965 7451 7542 6742 7294 7988 8213 8143 8493 10133 12418 14531 16026 16707 16996 14344 11302 8773 7863 8036 6840 4114 2372 1504 1211 961 706 581 454 302 245 188 130 82 53 22 26 19 9 10 5 7 1 7 7 5 3 5 4 4 6 


