0
101 74 48 60 50 51 43 50 32 37 31 41 43 54 48 49 49 46 65 53 44 58 52 47 57 33 56 62 72 62 59 72 66 68 59 78 59 62 62 51 72 53 84 66 67 84 88 100 86 97 93 68 75 77 78 62 65 62 55 69 58 68 65 63 73 65 66 79 73 78 95 85 89 94 84 99 102 109 102 114 105 87 104 120 73 109 91 71 91 90 101 95 93 106 101 97 97 92 88 122 106 133 146 216 259 254 259 214 160 124 86 75 74 83 98 111 89 98 99 110 85 68 82 88 102 97 60 78 66 64 63 62 71 75 89 131 104 151 117 108 83 75 53 53 56 34 38 33 26 35 30 28 35 29 27 26 31 42 39 41 30 35 22 34 34 25 28 29 25 41 33 44 29 41 30 30 39 35 36 29 34 37 42 36 35 32 26 35 28 17 29 25 27 23 32 18 23 24 17 22 19 21 22 23 22 16 12 10 8 20 14 10 9 14 13 13 11 5 10 7 8 5 8 5 3 14 7 7 6 2 4 7 6 4 3 3 3 4 1 4 5 4 2 3 2 2 2 8 1 4 1 4 2 1 2 2 
31 52 55 60 41 39 37 42 33 38 40 42 38 44 49 43 47 30 41 45 42 47 50 37 39 55 37 44 41 48 44 51 55 60 56 43 61 60 66 81 79 100 103 111 109 107 103 84 82 66 81 61 72 75 60 61 64 57 73 64 66 72 62 76 62 71 67 88 92 97 102 92 98 90 95 92 105 103 84 107 82 90 87 74 54 76 79 72 69 67 59 77 56 70 52 57 64 56 47 54 53 51 59 65 63 45 64 59 34 45 44 27 44 48 35 34 52 48 43 58 51 47 40 45 47 45 40 42 40 51 40 37 52 45 37 51 51 54 65 59 84 88 77 73 89 97 86 90 69 80 89 82 118 146 159 231 204 146 123 129 136 157 238 249 294 262 232 182 136 109 85 82 54 48 59 49 44 37 36 34 39 41 27 26 30 34 28 27 34 27 39 25 39 18 29 27 29 25 21 30 21 22 27 16 14 16 20 22 12 21 10 15 11 14 6 9 10 14 10 9 14 4 8 11 4 4 12 8 14 5 5 3 5 4 2 6 5 2 3 2 7 3 1 1 4 2 3 6 5 2 3 4 4 6 8 1 
12 22 25 24 19 13 13 15 12 18 19 19 22 24 24 21 27 23 38 29 34 20 34 29 30 30 30 20 32 24 35 37 27 38 32 39 38 60 44 52 52 65 75 59 61 53 46 48 42 42 50 48 34 52 46 29 47 39 41 56 59 67 58 83 69 75 87 90 102 93 77 92 85 72 77 73 84 91 74 68 66 72 77 84 66 66 68 76 62 53 63 50 56 59 44 55 49 57 61 67 55 61 70 49 57 58 38 48 63 43 54 60 63 53 60 71 56 53 73 58 71 67 59 52 73 59 62 63 63 56 66 63 56 58 44 50 47 51 61 47 39 48 49 46 32 52 62 42 45 47 48 41 54 64 52 47 48 66 58 62 60 40 53 47 45 68 53 65 79 118 92 104 98 89 98 118 166 162 188 146 103 84 66 56 58 55 41 51 45 41 57 46 54 70 64 56 51 44 45 54 58 62 71 98 137 132 125 111 147 132 121 197 271 346 297 212 127 79 43 25 19 14 14 12 9 4 8 15 10 10 8 1 9 3 9 7 3 6 7 4 6 2 4 4 6 4 7 9 6 3 3 5 6 9 6 5 


852 3646 6978 5698 4741 4805 5263 5795 5607 5610 6035 6377 7340 8463 9181 9709 10042 9997 9402 8770 8481 8133 7725 7544 7000 6639 6006 5484 5157 4894 4450 4135 3775 3498 3201 3004 2824 2700 2576 2523 2449 2413 2304 2182 2196 2305 2057 2211 2216 2243 2276 2293 2300 2257 2344 2436 2361 2569 2576 2710 2626 2678 2579 2540 2474 2417 2487 2550 2413 2568 2563 2500 2383 2318 2154 2044 2150 1994 2011 1972 2044 2187 2276 2402 2501 2577 2517 2566 3087 3304 3444 3986 4485 5217 6066 6530 6223 5923 6013 6063 6237 5743 5619 5140 5257 5329 5530 5486 4988 4662 4725 5132 5346 5532 5740 6067 6226 6186 6046 6226 6124 5884 6027 6399 6227 5961 5867 5953 5996 5883 6191 6354 6495 6733 6988 7276 7394 7101 6913 7054 7230 7220 7238 7031 6976 6820 6846 6980 6753 6741 6843 6964 6853 6940 6752 6692 6682 6573 6430 6344 6077 5955 5781 5867 5803 6111 5820 4866 3795 3226 2792 2429 2077 1794 1587 1349 1229 1015 903 805 682 651 595 598 524 501 548 484 504 461 451 469 445 457 428 428 424 421 419 448 454 451 454 497 494 482 520 518 498 470 511 513 542 569 660 661 609 640 666 699 838 1079 1245 1192 1314 1742 2733 3930 5167 6265 7373 8336 9322 10685 10386 10117 8779 5693 3165 2283 1806 1428 1210 1015 786 678 561 415 337 273 235 196 155 136 101 55 
676 3572 6890 5690 4365 4249 4664 4887 5240 5494 6051 6263 6705 7302 7606 8154 8405 8407 8253 8354 8188 7724 7546 7310 6980 6546 6283 5913 5320 5035 4502 4160 3857 3286 2867 2712 2412 2289 2243 2184 2152 2052 1929 1974 1843 1984 1915 1933 1915 1954 2106 2097 2046 2051 2124 2220 2212 2251 2289 2461 2509 2461 2485 2478 2488 2421 2429 2465 2438 2475 2521 2569 2499 2538 2354 2237 2050 2132 2023 1971 1956 1874 1843 1925 1754 1767 1854 1792 1805 1822 1752 1859 1812 1772 1836 1805 1806 1808 1812 1906 1905 1786 1825 1918 1905 1993 1933 1968 1996 2052 2002 2141 2128 2222 2207 2226 2223 2319 2373 2328 2305 2354 2400 2285 2450 2442 2601 2437 2506 2496 2535 2713 2809 2988 3284 3337 3194 3398 3621 3555 3548 3754 3727 3840 4360 4718 5349 6121 6881 6993 7301 7279 7552 7647 7655 8062 8798 9581 9484 9378 9482 9915 10101 10199 10377 10786 10908 11329 10990 11249 11462 11783 11614 10969 9877 9432 9033 8856 8624 8957 9452 9874 9496 8494 7378 6229 5502 5133 4656 4149 3719 3255 2949 2606 2151 1591 1118 826 704 571 583 592 565 560 554 616 642 604 583 593 641 669 855 1003 1171 1438 1777 2308 2824 3198 3710 4983 6765 8187 8703 8689 8807 9678 8624 7411 6123 3740 2186 1582 1355 1014 847 645 475 369 263 225 150 96 66 23 17 4 0 1 0 0 0 0 0 0 
380 2875 6121 4807 3375 3406 3551 3885 4109 4518 5462 5957 6524 6826 7315 7477 7771 8191 8233 8308 8512 8198 7872 7610 7184 6599 6424 5824 5788 5370 4918 4371 3857 3476 2950 2715 2428 2322 2162 2136 2094 2028 1972 1841 1759 1773 1720 1774 1753 1837 1893 1915 1930 1912 2076 2183 2255 2451 2370 2501 2649 2638 2586 2454 2485 2374 2343 2288 2313 2423 2464 2456 2464 2433 2241 2183 2052 2053 1954 2008 1840 1832 1802 1857 1860 1820 1853 1810 1804 1868 1832 1811 1741 1816 1783 1750 1820 1753 1789 1815 1801 1914 1788 1843 1769 1768 1833 1976 1807 1904 1840 1899 1966 1940 1964 1999 1996 1977 2122 2090 2110 2160 2210 2263 2312 2414 2372 2383 2343 2329 2375 2313 2428 2398 2344 2430 2481 2453 2468 2599 2486 2570 2582 2643 2744 2719 2880 2756 3014 3049 3037 3149 3300 3343 3537 3619 3811 3892 4135 4237 4419 4583 4841 5037 5225 5341 5720 6129 6583 7309 7877 8077 7483 6994 6705 6623 6349 6202 6128 5659 5414 5031 4739 4375 4138 3756 3456 2950 2957 2784 2937 2817 2414 2351 2343 2073 2084 2561 3142 3492 3992 4305 4949 5710 6064 6869 7656 8297 8825 9848 10255 10838 11328 13154 13721 13979 14549 15772 17101 19188 20318 19944 18540 15077 11570 7953 4582 2670 1850 1401 1151 881 677 527 416 279 184 118 84 39 32 23 5 6 5 3 2 4 1 0 1 2 4 0 1 0 


