0
80 88 89 109 105 113 105 110 111 113 141 162 161 145 152 138 126 124 107 109 103 107 68 74 61 53 45 63 52 50 41 48 52 52 39 63 63 79 71 87 109 100 110 130 143 125 142 147 131 121 127 131 121 101 99 89 98 108 95 84 60 63 68 74 59 43 44 38 48 43 53 59 38 48 43 40 42 44 31 42 50 58 73 87 94 100 106 98 111 102 93 84 95 74 80 78 92 103 89 118 120 127 130 127 141 170 160 163 126 142 124 112 98 105 101 112 103 93 107 91 91 78 85 51 48 45 38 20 20 28 22 25 25 27 26 28 23 21 25 23 23 16 16 11 20 21 13 6 20 17 13 11 18 13 17 16 23 15 14 16 8 9 10 13 12 16 11 17 10 15 10 12 13 11 15 15 20 10 14 11 12 30 16 10 15 12 20 22 16 12 22 17 24 14 18 18 15 21 18 19 20 13 23 11 11 12 9 11 13 6 10 8 8 16 11 12 7 10 12 17 11 9 9 15 4 8 3 4 3 4 3 2 2 1 5 1 0 0 0 1 0 1 0 0 0 0 0 0 0 0 0 0 0 0 0 0 
53 79 77 95 84 83 74 71 47 59 47 51 48 63 70 88 113 169 174 144 130 115 102 110 102 96 82 80 76 56 75 75 76 73 95 65 102 97 120 148 139 145 140 145 146 139 122 105 114 111 92 68 87 71 60 64 47 56 32 44 39 29 32 20 28 29 18 23 21 24 25 22 27 23 26 14 21 21 25 25 29 45 40 34 59 69 40 50 69 62 63 46 39 41 40 40 31 37 25 40 39 47 32 38 38 46 49 45 36 40 51 40 54 52 62 77 91 83 85 70 66 53 64 59 57 57 44 44 40 42 46 55 64 46 69 78 68 79 89 92 89 99 76 92 79 86 64 62 64 68 59 83 76 82 84 74 76 95 76 123 89 98 92 99 97 104 87 69 52 64 68 77 69 71 80 99 91 84 66 64 51 29 19 17 15 16 19 21 17 23 19 17 26 25 23 30 25 28 19 28 11 13 10 3 8 5 9 8 9 8 13 11 11 9 9 7 9 10 17 11 8 13 7 6 16 17 6 7 11 6 8 3 1 3 2 4 1 5 1 3 0 0 0 1 0 0 1 0 0 0 0 0 0 0 0 0 
50 79 61 89 69 63 56 51 37 37 23 26 25 33 22 19 29 23 38 28 45 48 71 77 107 108 105 93 105 98 99 124 117 120 124 116 123 140 170 152 154 165 178 150 151 159 110 118 113 100 96 93 92 60 68 53 55 34 51 40 32 31 32 36 24 26 35 16 21 26 19 23 21 18 20 16 19 17 19 10 18 14 26 19 15 16 26 20 17 14 18 12 16 13 14 12 11 18 22 12 27 22 22 34 38 40 42 53 50 43 59 66 74 75 81 79 77 78 96 98 104 121 99 105 87 93 70 78 83 64 76 59 70 49 47 43 35 52 41 36 37 33 38 29 40 37 26 24 23 24 26 17 22 19 25 25 18 23 18 22 18 14 22 23 18 16 18 23 22 20 13 26 19 18 22 18 18 20 21 29 25 27 34 49 48 49 47 63 64 84 115 108 108 96 102 121 105 92 92 99 128 114 109 123 145 138 122 146 148 127 109 111 95 102 110 100 111 80 53 31 14 8 10 12 17 10 9 9 7 6 5 2 2 3 4 1 5 0 3 0 1 0 0 1 0 1 0 0 0 0 0 0 0 0 0 0 


1494 6878 10621 8808 7427 7200 6946 6562 6178 5780 5714 5875 6204 6771 7408 7920 7712 7580 7082 6551 6066 5682 5450 5057 4692 4426 4054 4004 3790 3597 3516 3578 3389 3311 3412 3262 3229 3152 3140 3159 3044 2969 2824 2849 2786 2776 2731 2620 2772 2717 2716 2742 2745 2821 2742 2821 2733 2874 2881 3146 2987 3037 3291 3290 3388 3530 3428 3248 3201 3188 3037 3009 2842 2624 2646 2602 2605 2613 2615 2560 2589 2524 2417 2459 2477 2947 3218 3472 3973 4200 4272 4331 4400 4531 5079 5733 6019 5780 5731 5639 6157 6154 6500 6337 6325 6240 6502 6866 7086 7337 7033 6943 6904 7147 6855 7183 7266 7024 6475 5855 5850 5849 6130 6069 5999 5973 5814 5873 6173 6291 6347 6177 6175 5913 6178 6371 6286 6362 6316 6569 6764 6699 6723 6852 7272 7608 7623 7787 7812 7739 8237 8211 8086 8056 7849 7697 7111 6736 6400 6001 5668 5322 4815 4749 4186 3399 2522 1936 1628 1353 1142 981 941 789 762 657 661 602 590 550 549 483 552 495 499 494 493 490 512 467 529 468 444 506 415 495 490 488 463 476 495 528 501 498 529 517 461 539 566 547 600 597 622 720 740 846 911 956 1027 1220 1599 1963 2888 4664 5508 5848 7100 9347 9217 8690 8904 8067 8253 6203 3804 2270 1523 1212 973 780 627 486 392 290 243 197 188 123 85 56 52 34 27 25 12 0 
1408 6807 10226 7976 6500 6676 6420 6216 5797 5551 5389 5374 5544 5961 6165 6380 6890 7159 7146 7254 6653 6233 5762 5246 4680 4227 3761 3366 2990 2856 2657 2543 2586 2457 2484 2480 2449 2434 2505 2471 2526 2409 2543 2442 2517 2546 2523 2483 2579 2546 2596 2629 2629 2667 2581 2697 2695 2695 2780 2748 2969 3141 3213 3348 3444 3318 3515 3325 3278 3133 3079 2921 2830 2756 2538 2479 2479 2391 2300 2310 2233 2232 2187 2177 2172 2179 2155 2197 2114 2182 2078 2071 2041 2128 2095 1991 2110 2091 2004 2212 2171 2183 2141 2252 2312 2202 2352 2393 2382 2344 2365 2523 2560 2602 2619 2633 2733 2781 2775 2780 2817 2826 2947 2896 2882 2890 2793 2849 2639 2670 2749 2785 2809 2767 3098 3214 3524 3714 3953 4232 4584 5028 5008 4771 5043 5117 5677 6082 6745 6876 7074 7789 8738 8672 9021 9601 10325 10697 10818 11108 11044 10880 10679 11552 11512 11834 11650 11171 10348 9651 9383 8790 8529 7890 7421 7242 7281 7162 6926 7044 6902 6659 6879 7210 7000 6187 5784 5097 4609 4363 3729 3401 3066 2662 2093 1308 947 727 682 662 603 608 591 646 656 701 823 892 1065 1244 1377 1505 1969 2633 3623 4114 4687 5870 7620 8068 8161 9323 9583 10073 8216 4777 2528 1791 1317 1032 772 571 441 328 270 183 137 90 61 30 12 9 1 1 0 1 0 0 0 0 0 0 0 0 0 0 
1072 5969 8996 6528 4664 4373 4295 4884 5463 5966 5997 5867 5823 6099 6401 6743 7056 7665 7921 7654 7217 6546 5831 5347 4664 4085 3666 3124 2780 2557 2438 2379 2312 2231 2355 2302 2242 2347 2373 2483 2365 2377 2283 2264 2325 2265 2327 2421 2399 2425 2432 2622 2594 2527 2583 2631 2805 2724 2797 2978 3068 3304 3415 3377 3391 3350 3260 3109 2996 2946 2944 2914 2788 2685 2605 2560 2382 2319 2307 2269 2261 2245 2233 2351 2121 2169 2142 2064 2081 2180 2182 2099 2089 2128 2103 2127 2059 2017 2015 2083 2012 2074 2004 2104 2058 2194 2112 2164 2106 2144 2245 2216 2248 2385 2390 2436 2381 2371 2324 2380 2547 2550 2650 2663 2730 2671 2587 2631 2689 2636 2492 2664 2601 2591 2591 2634 2656 2528 2629 2574 2600 2726 2676 2634 2637 2783 2817 2839 2836 2917 3087 3212 3362 3415 3549 3832 3865 4025 4265 4663 4958 5199 5596 6313 6880 7707 8276 8232 7847 7296 6559 5878 5294 4643 4263 3885 3448 3146 2862 2677 2335 2220 1950 1797 1703 1729 1887 2303 2718 2609 2415 2613 3082 3360 3747 3802 4441 5480 6996 7676 8026 8567 9386 9786 9801 9675 10114 11506 12616 12978 14426 14856 15160 16452 18464 20466 21845 21324 18226 17007 11805 6569 3667 2289 1584 1098 725 500 414 239 168 115 49 40 22 7 5 9 2 5 0 0 0 0 0 0 0 0 0 0 0 0 1 0 1 0 


