0
12 3 9 9 7 4 6 1 9 6 10 6 7 10 7 4 13 17 20 11 14 8 16 18 19 15 15 21 19 16 10 18 19 11 16 12 18 18 10 17 16 15 19 27 18 24 22 26 31 19 23 29 21 30 16 24 32 29 23 31 27 42 38 44 40 43 39 32 46 49 40 36 53 44 52 64 71 69 57 62 70 69 59 66 60 58 55 59 65 60 53 51 56 57 63 50 44 63 50 62 55 61 67 61 72 41 58 50 59 52 77 57 71 72 87 71 79 71 53 73 63 52 59 54 61 46 54 54 48 50 54 80 74 67 83 73 73 77 80 67 91 93 93 88 94 89 91 100 77 79 87 91 84 70 76 88 85 60 96 79 90 78 82 82 85 96 108 94 100 111 100 99 101 104 119 99 89 87 82 102 87 84 87 69 83 90 76 75 65 77 93 89 82 89 90 94 93 84 68 91 73 97 99 99 89 96 90 97 161 204 272 291 361 320 271 311 673 924 548 186 64 50 35 40 28 29 17 29 28 29 16 16 22 10 11 18 15 10 10 12 10 12 10 8 13 9 5 5 7 6 3 4 10 5 10 6 
7 5 7 7 4 5 6 2 9 10 2 11 4 8 7 8 8 11 5 15 20 11 11 21 11 18 14 23 20 14 15 7 15 12 7 13 16 14 18 22 18 10 18 15 11 19 18 20 21 24 24 14 25 32 26 20 27 25 18 21 25 30 33 22 30 39 40 33 35 34 44 44 34 44 32 42 49 63 44 46 52 45 57 62 67 65 63 55 62 70 57 67 60 48 47 51 63 52 52 61 53 36 44 62 55 68 56 56 44 71 47 55 57 56 63 55 71 41 64 67 74 84 74 86 83 61 65 74 68 53 57 50 56 57 48 65 73 71 71 78 92 92 104 121 89 93 100 98 95 88 84 81 85 74 92 86 93 86 76 93 93 89 89 100 109 91 108 97 111 111 89 122 119 112 117 98 86 100 84 87 90 73 89 100 100 77 96 98 89 87 86 86 79 101 86 83 111 89 92 99 102 103 96 94 117 123 157 192 346 453 359 272 293 650 960 610 226 86 65 62 53 25 29 32 26 26 31 25 17 22 18 12 22 11 13 14 18 9 11 9 14 7 12 5 8 7 8 8 4 4 9 4 6 12 7 3 
0 0 2 4 3 4 5 1 9 5 5 3 4 8 6 9 4 9 10 9 5 16 10 17 14 5 8 15 20 16 15 18 17 14 7 15 15 15 17 17 14 10 13 15 16 16 14 15 15 17 17 20 16 23 19 30 15 34 18 28 19 27 12 18 26 24 38 27 32 30 42 27 31 31 39 44 42 37 32 45 47 48 57 50 44 46 55 56 61 56 49 62 60 62 55 59 44 59 61 53 38 55 51 63 46 51 50 57 61 48 62 52 64 56 64 45 60 53 61 55 62 71 62 76 84 82 81 77 77 85 70 73 64 71 71 58 64 79 88 106 112 133 116 82 108 91 105 84 74 77 79 88 80 82 97 88 94 85 83 81 102 98 94 111 125 96 125 120 120 120 103 95 102 99 86 82 86 93 76 94 95 88 108 93 99 80 104 98 92 91 100 85 105 101 104 118 109 96 119 114 125 127 154 189 314 475 370 292 345 683 961 633 236 100 96 68 62 59 51 41 38 37 30 28 30 24 19 22 19 16 18 18 15 11 12 14 15 13 9 9 7 13 3 5 7 5 9 7 4 7 10 4 6 4 13 1 


8 10 15 13 15 23 25 21 20 29 27 26 47 49 50 50 50 67 68 88 77 83 93 107 109 125 121 115 141 147 158 199 194 192 209 247 217 226 263 250 252 233 255 319 297 317 338 348 298 335 371 436 384 414 438 486 495 513 532 517 509 532 611 578 666 635 672 705 781 778 812 863 923 935 937 1044 1028 1028 1031 1108 1239 1266 1268 1307 1316 1455 1378 1528 1584 1582 1550 1615 1664 1815 1845 1886 1891 2000 2017 2068 2219 2318 2298 2435 2372 2601 2546 2544 2683 2830 2777 2833 3034 2890 3149 3080 3155 3221 3352 3384 3455 3687 3685 3830 3768 3924 3848 3960 4060 4071 4218 4286 4335 4422 4458 4638 4736 4756 4869 4944 4981 4970 4987 5185 5417 5287 5512 5446 5565 5664 5646 5753 5823 5886 6077 6136 6166 6201 6425 6503 6535 6691 6819 6922 7090 7258 7205 7400 7508 7546 7706 8079 8110 8271 8640 8550 8749 9186 9053 9415 9494 9695 9931 9961 10169 10217 10386 10599 10873 11149 11045 11330 11337 11424 11780 11713 11846 11995 11926 11899 12010 11828 11930 11784 11589 11804 11416 11562 11179 10959 10706 10397 9867 9384 9047 8694 8255 7576 7061 6685 6130 5810 5257 4883 4578 4203 3877 3629 3319 3033 2866 2675 2474 2350 2170 2125 1893 1829 1709 1693 1696 1707 1586 1475 1478 1369 1362 1306 1280 1283 1311 1308 1327 1542 1867 2273 
2 4 6 9 10 6 18 14 21 20 14 24 31 40 22 43 41 41 55 53 57 82 91 75 93 118 108 119 117 124 123 151 144 147 181 203 198 198 224 215 215 246 235 234 293 261 244 288 247 316 328 307 336 376 329 376 367 404 454 406 457 462 504 456 525 518 533 578 602 613 629 626 680 683 753 770 790 799 853 922 917 928 959 1045 1019 1088 1142 1229 1206 1238 1308 1348 1342 1420 1445 1510 1534 1600 1648 1666 1788 1887 1942 1943 1963 2074 2030 2213 2161 2248 2442 2517 2455 2545 2539 2709 2815 2718 2930 2909 3083 3111 3123 3358 3239 3350 3482 3611 3614 3628 3865 3928 4100 3969 4121 4181 4226 4369 4366 4506 4616 4742 4674 4939 4916 5090 5188 5119 5234 5361 5572 5380 5678 5754 5687 5911 5997 6066 6083 6060 6233 6479 6473 6538 6655 6770 7152 7122 7349 7572 7536 7835 7917 8180 8358 8377 8542 8814 8920 9374 9572 9741 9944 10263 10646 10746 10794 11173 11467 11691 11770 11958 12243 12385 12537 12777 12657 12903 13141 12936 13235 13206 13056 13133 12852 13256 12983 13071 12631 12602 12263 11993 11498 10983 10379 10180 9481 8630 8520 7606 7219 6471 6123 5613 4850 4530 4121 3701 3423 2987 2831 2611 2314 2143 2031 1990 1939 1737 1687 1600 1475 1382 1327 1375 1222 1228 1230 1104 1167 1092 1028 1193 1293 1419 1809 874 
0 0 0 0 0 1 1 1 3 3 4 7 7 11 10 19 13 12 32 19 29 37 31 34 33 53 62 55 63 59 85 84 95 109 104 121 130 127 122 154 174 133 185 202 185 179 220 231 241 223 263 248 252 279 269 295 302 296 297 339 340 364 360 397 387 408 421 407 479 478 475 503 533 578 563 566 619 608 672 658 672 731 706 800 779 834 929 918 936 944 980 1041 1082 1110 1177 1204 1226 1315 1314 1423 1358 1471 1609 1554 1580 1608 1769 1825 1819 1855 1993 2008 2115 2159 2127 2239 2369 2400 2503 2607 2626 2682 2703 2690 2975 2981 3098 3159 3210 3308 3350 3477 3500 3632 3797 3720 3873 3930 4036 4212 4338 4267 4437 4488 4576 4786 4691 4806 4922 4969 5206 5172 5282 5478 5618 5457 5704 5807 5879 5905 5974 6201 6334 6335 6460 6624 6554 6918 6825 7161 7229 7317 7731 7808 8097 8182 8352 8344 8700 9154 9129 9326 9585 9755 10276 10336 10776 11236 11496 11571 11994 12192 12562 12805 12907 13083 13502 13185 13380 13704 13734 13715 13705 13814 13610 13894 13810 13927 13924 13811 13419 13364 12959 12538 12239 11799 11344 10665 10060 9564 8973 8140 7618 7034 6426 5724 5209 4688 4125 3662 3315 3047 2717 2491 2316 2175 1908 1877 1605 1565 1491 1414 1317 1315 1285 1245 1124 1119 1093 1071 1130 1201 1298 1472 1287 544 


