0
766 809 581 412 288 191 176 110 92 87 68 78 61 83 75 81 95 120 123 127 125 116 110 84 85 71 74 75 58 68 68 56 53 46 41 52 41 51 52 36 45 37 40 36 27 32 34 23 35 37 23 23 23 23 24 14 11 12 18 19 11 16 14 9 14 13 5 6 7 8 13 6 5 6 6 3 4 6 4 2 5 4 5 5 2 5 4 2 4 7 3 7 10 13 12 27 31 58 136 210 280 286 306 282 331 355 374 377 324 255 168 127 78 60 61 34 51 43 38 29 28 18 14 11 6 6 4 2 3 2 0 0 0 1 0 0 1 1 2 3 0 0 0 1 2 2 0 0 0 0 1 0 1 0 1 1 2 3 1 0 1 0 2 1 0 2 0 3 0 0 4 0 0 1 0 1 0 1 0 0 0 1 0 0 0 0 0 0 0 0 0 0 0 0 0 0 0 0 0 0 0 0 0 0 0 0 0 0 0 0 0 0 0 0 0 0 0 0 0 0 0 0 0 0 0 0 0 0 0 0 0 0 0 0 0 0 0 0 0 0 0 0 0 0 0 0 0 0 0 0 0 0 0 0 0 0 
8 7 10 6 13 5 9 13 11 10 20 13 12 9 11 15 10 10 13 8 12 12 10 13 8 7 14 14 12 14 11 8 3 9 13 6 7 7 15 9 11 12 17 11 6 4 10 6 7 8 7 17 15 6 10 12 8 13 10 8 13 10 15 14 27 13 17 21 16 14 18 20 16 14 11 24 26 20 23 15 31 23 24 30 38 44 50 50 50 98 102 102 124 117 98 94 78 57 48 45 35 37 37 24 43 24 25 33 34 31 23 27 34 23 28 23 29 27 18 11 22 17 20 15 14 18 13 17 22 19 19 13 14 12 18 12 12 7 7 9 7 12 13 14 16 15 23 20 19 30 22 28 22 25 36 50 50 70 73 76 91 122 186 317 458 488 509 488 468 577 486 361 268 220 170 140 152 120 109 81 71 55 48 35 31 29 23 20 27 12 21 18 9 8 3 3 3 4 0 2 0 2 1 1 3 0 1 1 2 3 2 0 3 6 7 1 1 2 3 0 5 4 8 3 8 12 13 10 10 15 18 15 11 12 25 37 137 294 215 67 26 10 16 11 7 1 0 3 2 0 1 0 2 0 0 0 
56 49 48 71 65 74 61 73 83 78 71 86 61 63 67 62 75 66 59 65 61 42 48 43 48 52 48 48 39 33 27 34 32 30 28 39 20 19 24 29 28 32 15 40 37 33 35 28 29 18 17 18 22 24 23 15 24 11 18 11 7 12 12 18 13 14 13 6 12 13 21 10 10 6 14 12 19 10 6 13 5 12 6 10 9 7 9 6 5 7 5 5 5 4 6 4 5 5 7 2 6 2 4 9 6 7 7 6 5 2 6 5 4 4 5 4 5 1 6 1 3 3 2 5 7 0 2 5 3 4 3 3 5 4 2 3 7 5 4 9 5 5 3 3 4 7 6 3 4 4 5 3 3 5 1 5 0 1 6 4 2 3 3 5 7 2 7 5 4 7 6 7 4 6 5 9 1 3 8 8 9 10 13 16 16 22 16 24 43 46 56 114 157 207 206 124 112 100 92 96 92 81 102 116 133 129 99 94 94 123 229 465 672 816 699 496 368 211 114 57 36 10 10 3 6 7 8 3 7 3 6 13 13 16 17 21 18 19 24 41 97 177 162 216 82 12 19 9 8 6 2 2 3 0 3 1 


972 4739 8608 8440 6821 6235 6131 5871 5642 5427 5588 5884 6235 6852 7335 7184 6882 6127 5592 5157 4791 4391 4227 4125 3896 3729 3406 3332 2926 2891 2745 2542 2388 2399 2356 2190 2164 2106 2118 2041 2019 2000 2036 2014 1975 2121 2053 2199 2218 2317 2484 2418 2672 2767 2803 2927 2872 2762 2610 2425 2307 2198 2158 2120 2165 2124 2076 2237 2089 2093 1967 1905 1923 1814 1835 1679 1602 1600 1582 1631 1724 1816 1966 2350 2656 3289 3680 3631 3889 4081 4685 4831 5247 5595 5810 5768 5729 6039 6122 6201 5921 5638 5907 5923 6237 6371 6339 6742 7385 8326 9436 9720 9100 8805 8825 8766 8617 8102 7736 7793 7421 7366 7271 7506 7723 7784 7992 8156 8108 8141 8369 8136 8161 8298 8265 8762 9224 9500 10065 9714 9536 9130 8958 8819 8824 8503 8199 8007 7998 8131 7866 7718 7381 7089 6729 5953 5301 4851 4455 3981 3875 3382 3368 3323 2925 2080 1290 939 768 650 650 549 522 517 540 502 481 498 471 464 461 438 469 458 473 474 478 488 473 485 456 476 473 430 415 412 433 468 457 449 489 512 520 475 510 502 530 542 568 608 592 587 640 625 608 664 736 754 839 894 1011 1063 1200 1411 1790 2164 2742 4236 6184 7468 8056 9520 9473 9639 10098 10216 10039 9158 4682 2404 1620 1279 1072 806 634 521 428 348 247 233 195 137 101 81 71 25 
995 4873 8321 7907 6305 5861 6061 5847 5447 5376 5196 5272 5497 5792 6122 6518 6590 6447 6078 5322 4994 4553 4204 3844 3484 3264 3007 2681 2398 2271 2128 2104 2038 1926 1897 1771 1772 1765 1716 1727 1681 1745 1767 1771 1857 1960 1971 2026 2111 2103 2400 2420 2352 2658 2604 2695 2668 2694 2812 2704 2491 2412 2291 2186 2100 2093 2013 2078 2055 2005 1944 1842 1776 1746 1617 1583 1538 1568 1445 1447 1472 1358 1466 1369 1392 1400 1320 1396 1291 1347 1408 1374 1346 1398 1446 1432 1394 1457 1452 1498 1654 1623 1532 1659 1630 1682 1746 1679 1731 1942 1937 2080 1891 2083 2079 2141 2137 2138 2121 2245 2209 2195 2217 2191 2261 2307 2358 2531 2687 2729 2728 2710 3032 3307 3625 3937 4171 4481 4894 5474 6220 6463 6538 6404 7122 7584 8090 8822 9191 9913 11197 11187 11109 11454 11515 12108 12968 13823 13706 13755 13551 13300 13326 13262 12229 12055 11560 11420 11286 12158 12504 12480 11914 11557 10892 10200 9338 8415 7759 6868 6494 6475 6823 7176 6981 6209 4858 3140 2159 1329 864 721 604 575 574 544 490 535 464 518 532 570 576 604 664 622 646 690 761 813 868 1009 1142 1264 1461 1806 2344 3421 4327 4729 5420 6084 8204 10717 9422 8777 8576 9269 10567 8110 3901 1972 1410 1096 850 682 480 400 298 242 173 126 89 54 28 9 5 1 1 0 0 0 0 0 0 0 
649 3947 7380 6964 5180 4601 4695 4739 4849 5178 5300 5475 5392 5645 5844 6146 6293 6360 6094 5712 5256 4883 4482 4130 3807 3496 3171 2872 2566 2350 2148 2000 1931 1890 1786 1769 1798 1787 1704 1632 1711 1628 1620 1645 1794 1863 1888 2063 2187 2198 2466 2503 2613 2724 2761 2852 2768 2778 2596 2428 2300 2092 2057 2082 1969 2067 2034 2148 2106 1997 1926 1877 1732 1689 1654 1605 1552 1549 1510 1554 1487 1535 1528 1439 1385 1404 1396 1372 1426 1422 1367 1372 1423 1379 1368 1365 1400 1391 1362 1348 1347 1457 1427 1471 1493 1434 1584 1515 1480 1628 1585 1613 1657 1707 1724 1727 1739 1885 1878 1935 1942 1887 1929 2020 2030 2025 2079 2067 2085 2191 2242 2249 2283 2276 2353 2528 2574 2651 2622 2710 2720 2925 3041 3187 3454 3686 3742 3964 4266 4755 4736 5094 5461 5738 6030 6145 6564 6925 7406 7613 8060 8351 8843 9211 9603 9795 9831 9790 8466 7418 6746 6102 5455 4742 4214 3634 2994 2594 2208 1797 1636 1408 1200 1098 930 926 969 1016 1271 1681 2039 2008 2237 2435 2873 3352 3745 4168 4176 3909 4581 5299 6170 6563 7441 9089 10807 12198 12979 13952 15182 16631 17647 19746 21148 24387 27850 27378 25659 23900 18016 13268 9686 5884 4832 2633 1519 1087 844 653 497 384 310 198 158 130 56 45 23 11 12 2 6 2 7 9 6 7 2 2 4 1 2 1 4 2 


