0
0 0 0 1 1 1 1 1 0 0 0 2 3 2 3 2 7 0 2 1 5 3 0 3 1 7 3 4 9 4 2 3 8 6 4 4 8 3 4 3 3 2 5 5 6 4 4 3 5 7 10 16 21 14 11 5 4 5 2 5 1 1 0 1 0 0 1 4 1 3 0 1 4 0 1 2 2 1 1 0 4 0 0 0 0 0 1 3 1 0 1 3 3 0 6 1 0 0 2 2 2 5 1 1 0 0 3 2 0 4 5 6 4 5 3 4 6 2 4 2 5 3 5 5 7 4 4 7 6 6 2 6 8 7 11 4 8 9 10 9 11 8 5 8 12 14 11 15 9 7 15 10 10 11 9 13 14 15 16 12 23 27 34 29 42 74 96 161 209 414 627 664 607 394 281 150 86 35 31 16 19 6 9 16 11 6 4 3 5 1 3 9 1 4 4 3 3 1 5 5 1 5 3 4 3 6 3 3 3 3 1 3 1 2 1 4 0 2 5 4 1 3 5 5 5 6 4 0 2 2 0 1 1 1 0 0 0 0 0 0 0 0 0 0 0 0 0 0 0 0 0 0 0 0 0 0 
5 7 3 6 3 5 4 8 2 5 1 8 4 4 5 10 6 9 4 8 1 9 5 8 4 8 4 8 8 10 20 15 15 13 13 3 5 2 1 1 3 3 2 2 0 0 1 1 1 0 0 4 1 0 1 0 0 0 2 1 1 0 1 2 2 1 2 2 4 2 2 4 4 4 2 2 4 5 1 2 4 5 6 6 3 5 7 10 11 4 10 6 3 6 6 7 3 11 10 6 9 8 8 7 6 10 13 8 13 14 12 13 19 26 19 20 30 20 34 45 51 74 148 246 402 494 585 642 499 312 202 78 49 51 35 22 16 18 10 10 7 7 4 4 9 7 4 3 6 4 0 3 7 4 2 5 5 1 3 3 5 6 1 7 1 2 3 4 2 3 4 3 1 3 2 6 4 1 4 4 6 1 2 6 1 2 0 1 1 2 0 0 2 0 1 0 0 0 0 0 0 1 1 0 0 0 0 0 0 0 0 0 1 0 1 0 0 0 0 0 0 1 0 0 0 0 0 0 0 0 0 0 0 0 0 0 0 0 0 0 0 0 0 0 0 0 0 0 0 0 0 0 0 0 0 0 
18 16 13 7 6 9 6 8 7 12 4 8 9 14 10 13 10 15 17 20 17 12 8 4 2 2 0 3 0 1 1 1 1 2 0 0 2 4 2 1 1 3 0 1 0 2 6 3 4 6 4 2 3 0 4 1 5 7 3 3 11 6 9 4 2 14 7 7 7 5 5 6 12 9 5 8 5 10 10 11 15 20 23 23 22 25 43 30 43 49 65 107 176 283 412 524 575 471 374 282 191 133 81 46 37 31 33 39 29 25 17 20 13 6 13 9 4 7 5 3 6 6 7 3 7 4 4 3 2 3 0 2 4 3 6 2 7 3 2 2 1 0 2 0 0 2 0 2 2 2 0 1 1 3 2 0 0 0 0 2 2 1 0 0 1 0 0 1 0 0 1 2 2 1 0 0 0 0 0 1 1 1 0 0 0 1 0 1 0 0 1 0 1 0 0 0 2 1 0 0 0 1 0 0 0 0 0 0 0 0 0 0 0 0 0 0 1 0 0 0 0 0 0 0 0 0 0 0 0 0 1 0 0 0 0 0 0 0 0 0 0 0 0 0 0 0 0 0 0 0 0 0 0 0 0 0 


8 4 6 6 4 2 8 11 13 14 8 13 9 5 10 7 8 9 12 10 10 12 7 6 7 8 8 9 3 9 6 8 11 6 23 33 28 52 56 93 158 179 245 334 516 531 556 544 498 423 421 445 501 526 632 620 679 822 1016 1083 1143 1055 1034 1215 1331 1728 2356 3014 3547 3642 3495 3415 3430 3418 3134 3077 2983 2944 3168 3466 3729 4098 4136 3661 3076 2645 2373 2210 2060 2170 2443 2940 3664 4180 4606 4603 4334 4121 4004 3773 3583 3418 2974 2968 3221 3501 4102 5016 5983 6525 6324 5751 5186 5093 4682 4342 3928 3673 3302 3311 3053 2708 2511 2340 2328 2230 2219 2183 2058 2080 2037 2014 2003 1928 1897 1972 1930 2052 2089 2212 2295 2480 2558 2665 2747 2966 2939 2735 2693 2605 2532 2651 2629 2876 2960 3252 3582 3907 4116 4357 4277 4145 4151 4323 4225 4295 4142 3937 3985 3688 3487 3220 3201 3121 2999 2745 2553 2843 3108 3485 3990 4523 5394 6048 6928 7340 8136 8454 9411 10271 11742 13525 15749 16895 18128 18841 20585 23309 25437 27033 28570 28915 28985 27644 26838 27046 26512 25095 22412 18750 14537 11431 9315 8127 7144 5859 4494 3165 2285 1577 1186 857 739 579 504 427 378 300 271 251 228 189 190 179 165 185 189 227 234 190 144 111 64 78 67 53 45 38 34 43 39 36 59 57 118 1272 
1 5 3 3 5 10 5 10 8 12 14 16 7 16 18 23 20 18 16 20 17 19 15 10 15 9 10 20 14 22 16 15 12 16 24 22 23 27 36 26 35 34 33 25 24 27 24 24 25 18 23 22 25 27 24 22 28 28 30 38 37 59 59 87 121 189 255 376 484 650 738 628 552 557 626 601 616 601 613 703 903 1043 1132 1214 1239 1567 1931 2462 3124 3654 3746 3476 3150 3016 3118 3201 3291 3550 3776 3676 3853 3653 3652 3802 3675 3441 2890 2494 2125 1734 1583 1674 1692 1884 2012 2284 2486 2721 2835 3271 3721 4024 3926 3858 3932 3925 3842 3612 3380 3646 3913 4457 4863 5473 5942 6375 6152 5492 4806 4256 3990 3911 3908 3743 3510 3051 2670 2476 2248 2269 2119 2176 2066 2173 2052 2082 2096 2023 2140 2188 2271 2256 2125 2292 2296 2523 2687 2698 2947 3015 3219 3236 3285 3242 3170 3539 3545 3678 3832 4001 4327 4729 4954 5096 4892 5235 5288 5693 5595 5074 4889 4894 5201 5299 5926 6386 7092 8398 9204 10152 10582 11223 11964 12936 14916 17742 20567 23853 27290 30305 31793 32528 31994 31050 30354 29626 28188 27115 26370 26300 23828 19532 13657 8183 4460 2515 1626 1194 962 841 741 610 505 385 283 216 178 182 153 111 110 81 67 74 35 45 33 40 34 30 24 24 20 29 77 1116 
7 14 10 13 9 9 11 8 9 14 16 9 15 17 11 15 14 18 17 22 18 34 31 30 41 31 39 30 26 19 23 17 15 18 18 15 16 9 15 17 10 17 17 16 17 15 19 21 14 10 16 20 24 18 29 27 30 30 29 40 19 28 33 34 38 58 47 39 57 55 68 71 123 194 360 513 635 546 488 409 295 208 168 133 116 88 69 67 45 48 48 47 41 52 41 37 49 63 65 64 87 93 83 98 88 129 151 205 228 319 396 507 537 479 509 561 722 729 754 718 725 930 1145 1544 1956 2150 2541 3038 3345 3718 3946 3976 3791 3693 3603 3578 3438 3589 3580 3964 4067 4283 3766 3180 2784 2307 2006 1886 1975 2063 2216 2521 2725 2725 2764 3082 3597 4196 4513 4873 4908 4853 4628 4836 4762 5013 5496 6112 6653 6892 6699 6303 5919 5453 4808 4475 3903 3422 2873 2724 2587 2714 2821 3058 2819 2807 2893 2978 3111 3145 3661 3866 4072 4053 4217 4563 4827 5046 5331 5402 5669 5600 5737 6017 6721 7777 9108 10178 10522 10529 11356 13089 14725 16535 18268 21478 24628 28052 31852 35904 38843 42094 43595 43738 42452 40546 36947 33297 25979 17716 10101 5319 2936 1754 1292 1008 796 640 513 433 318 255 200 185 187 174 125 87 65 35 46 21 39 26 121 879 


