0
3 4 1 3 7 4 10 11 7 12 8 17 13 19 22 21 13 17 22 14 26 31 35 24 29 30 33 35 30 26 31 33 35 28 37 43 33 32 37 41 53 46 57 61 76 63 77 94 74 71 47 82 79 66 68 81 68 73 76 73 74 69 77 70 66 68 53 68 61 68 58 78 68 70 64 76 74 73 82 76 68 99 88 103 100 110 90 109 115 130 129 121 148 152 149 149 163 184 175 181 213 207 213 257 234 284 281 298 290 307 281 307 324 278 279 290 312 307 278 303 248 251 232 216 221 221 201 164 160 158 186 136 187 151 158 147 147 147 143 155 161 142 149 156 126 137 147 137 143 139 146 138 144 155 130 124 136 117 119 126 106 113 112 120 121 112 131 126 94 150 115 141 123 145 148 137 156 143 147 184 156 159 163 188 178 193 189 213 210 263 353 657 1124 1354 1349 1145 1050 1368 1625 1958 2077 1802 1173 947 891 1245 1377 830 607 512 418 404 363 360 344 310 297 258 294 252 264 213 244 223 200 208 205 176 160 175 169 159 158 120 154 189 170 138 145 96 114 107 167 292 432 589 668 409 187 101 90 58 70 70 74 115 
10 28 19 27 17 26 26 25 20 29 36 35 42 33 35 40 29 28 24 32 32 27 27 22 18 17 14 15 13 19 13 15 18 12 16 26 25 26 29 37 33 44 45 69 59 72 91 93 78 81 86 85 86 83 83 78 92 111 113 101 118 141 114 147 139 152 144 175 198 204 199 181 199 211 236 257 226 250 270 242 249 238 235 215 174 211 208 187 199 172 165 178 171 179 196 173 187 185 195 212 182 194 196 200 226 202 171 212 226 186 200 225 222 237 247 266 239 276 289 314 341 410 597 823 928 1176 1411 1534 1219 890 647 506 510 478 439 435 445 372 394 427 476 523 485 508 490 438 539 600 927 1207 1215 1080 893 852 838 801 801 744 763 1232 1369 672 412 320 292 306 288 243 252 258 230 224 215 204 203 175 177 133 138 136 139 156 145 143 167 124 130 118 111 102 106 113 95 113 94 93 115 134 112 71 70 84 74 65 83 74 68 108 159 310 420 538 581 378 173 90 46 53 47 31 37 24 26 21 17 13 5 5 9 5 5 7 1 2 4 3 2 4 2 5 4 8 4 4 2 2 3 4 3 1 3 2 5 12 8 8 
116 116 108 124 152 166 175 211 202 246 233 279 274 266 242 218 186 180 168 140 168 137 131 171 157 179 191 166 151 155 163 148 155 158 184 163 198 239 275 311 360 463 519 541 479 480 441 576 765 851 816 836 927 919 813 741 683 621 513 489 455 428 537 454 494 499 465 511 479 466 417 383 372 367 361 345 356 460 642 1058 1688 1999 2123 1760 876 467 296 253 223 204 154 154 164 164 135 153 224 370 716 660 594 402 281 194 149 142 143 119 125 111 95 99 118 104 91 92 83 71 70 85 72 82 69 82 83 66 97 66 90 88 101 86 80 86 88 106 112 100 111 136 113 116 121 141 129 127 115 149 149 127 111 140 110 119 100 111 109 127 109 125 131 135 161 145 138 128 146 151 131 152 153 185 171 138 169 174 164 182 152 200 173 189 190 183 180 177 193 182 186 174 144 143 130 117 135 119 113 93 73 66 68 57 46 43 37 31 23 35 21 13 13 14 9 11 7 8 6 5 3 6 2 4 3 3 2 3 2 2 2 1 0 0 0 0 2 2 0 1 1 1 0 1 0 0 0 1 0 0 0 0 5 0 1 5 0 1 


0 0 0 0 0 0 0 0 0 0 0 0 0 0 0 0 0 0 0 0 0 0 0 1 1 0 2 1 0 0 3 2 4 3 4 5 4 6 3 7 16 9 17 10 17 10 13 23 20 26 24 19 13 19 12 15 13 21 15 17 26 15 39 35 41 25 29 23 22 31 17 29 27 44 44 52 70 66 77 96 103 82 95 81 56 70 69 56 69 88 101 114 135 134 188 212 287 335 369 407 407 496 629 868 1233 1653 1976 2547 3043 3649 4303 5059 6178 7838 9862 12280 14418 16497 17412 18678 19657 20527 22058 23510 24241 25726 26464 26406 25719 24186 22474 20885 20020 19696 19610 19153 18050 16917 16581 15676 14963 14006 13558 12378 11776 11090 9995 9408 8887 8047 7451 7061 6642 6297 6107 5640 5479 5424 5279 5268 5084 4840 4789 4480 4258 4063 4056 3941 3922 3824 3805 3740 3538 3563 3249 3284 3105 3000 2934 2812 2731 2724 2679 2648 2608 2640 2689 2616 2624 2602 2663 2548 2547 2589 2549 2551 2600 2591 2564 2598 2555 2496 2588 2575 2531 2486 2646 2580 2549 2574 2559 2550 2679 2579 2496 2504 2504 2486 2447 2509 2346 2353 2261 2166 2112 1934 1857 1619 1587 1372 1248 1020 931 900 788 593 563 480 397 341 261 211 222 157 134 137 92 62 54 34 26 25 15 16 16 6 
0 0 0 0 0 0 0 0 0 0 0 0 0 0 0 0 0 0 0 0 0 0 0 0 0 0 0 0 0 0 0 0 0 0 0 0 0 0 2 0 3 1 0 0 5 7 4 2 3 4 9 9 14 12 15 12 15 12 16 13 17 13 12 19 10 9 15 14 11 19 14 17 15 21 19 14 13 16 26 27 19 27 40 35 45 41 31 30 44 35 31 47 46 45 57 68 83 72 95 87 122 104 78 64 59 51 45 53 65 62 50 86 70 79 89 78 72 75 100 104 191 220 263 288 354 347 294 296 352 380 472 500 546 725 1015 1298 1807 2196 2655 2801 3428 4051 5343 6520 7711 9156 11009 13073 15051 16645 19379 21607 24521 27165 28618 30154 31635 32943 33476 32970 32369 31144 29149 28673 27181 26370 25329 24161 22033 20912 18148 16193 14144 12572 11118 9910 8910 7978 7426 6763 6432 5886 5651 5286 4986 4919 4649 4545 4371 4013 3952 3927 3914 3753 3691 3649 3660 3624 3429 3439 3471 3359 3393 3400 3371 3410 3318 3381 3367 3208 3280 3175 3129 2998 2993 2830 2767 2667 2488 2396 2199 2045 1895 1692 1494 1240 1122 1017 902 822 641 589 498 422 355 277 249 184 151 149 109 85 59 36 33 36 15 15 13 9 6 6 1 5 0 0 
1 1 2 6 1 1 4 4 4 4 1 5 5 4 6 3 8 4 4 2 4 1 2 1 1 1 0 2 1 4 0 4 0 0 0 0 2 4 1 1 3 2 3 3 1 2 5 1 3 7 2 6 7 7 8 13 13 10 8 7 8 5 4 4 5 12 4 11 14 10 20 20 14 13 20 16 14 20 23 18 17 19 15 12 11 20 27 17 30 17 15 22 25 20 21 22 33 27 34 37 35 32 37 19 21 17 26 22 21 18 26 23 31 41 49 51 54 61 53 43 47 41 53 47 71 70 83 85 92 98 107 125 119 92 91 86 71 70 71 84 93 111 123 167 169 166 163 161 162 146 178 140 134 186 196 201 248 266 275 306 343 373 367 408 471 579 669 894 1180 1716 2214 2536 2823 3263 3975 5232 6979 9099 11780 14360 17208 19567 21776 23452 25645 29297 33186 36473 41448 45509 50664 54016 54944 50705 45838 39241 33330 29534 25193 21116 17319 13660 11266 9424 8246 7586 6917 6492 6079 5738 5621 5346 5105 4856 4842 4454 4360 4042 3914 3733 3397 3145 2864 2688 2357 2170 1840 1748 1507 1407 1156 997 885 767 633 530 435 335 298 233 230 162 129 103 66 50 38 30 17 18 12 7 6 4 2 0 


