0
5 15 4 5 6 6 6 7 8 11 6 5 11 6 9 7 5 8 15 4 7 10 5 9 10 1 4 7 2 12 11 11 7 9 7 6 6 7 10 13 11 4 11 5 11 9 10 17 6 11 12 4 19 4 15 12 13 10 12 10 6 16 18 19 15 29 18 11 13 20 22 16 15 21 26 21 27 17 16 26 25 30 26 23 27 39 20 46 26 41 38 33 31 35 41 32 36 40 47 44 45 46 57 44 69 44 54 48 47 72 58 46 55 58 51 40 64 68 53 72 72 62 78 71 73 81 61 58 80 67 74 70 66 78 73 75 74 70 90 73 91 89 82 75 75 68 80 78 60 95 79 90 71 80 79 76 76 63 84 72 63 65 52 58 69 49 62 53 44 57 61 46 43 45 48 47 44 38 34 35 32 43 38 39 43 31 32 20 36 27 18 46 37 25 16 28 31 24 21 26 17 19 21 26 25 18 35 17 29 33 17 29 27 35 27 41 73 126 343 555 556 519 484 502 603 935 1378 1856 2148 2837 3443 3421 2994 1761 693 335 240 219 186 180 152 123 88 70 69 45 41 25 19 20 16 12 12 6 12 7 
1 12 7 8 6 3 7 3 6 12 7 7 10 3 8 8 9 8 11 4 4 5 13 7 12 7 8 4 4 3 9 10 6 9 7 10 4 5 11 12 9 10 13 6 7 10 13 7 8 8 9 12 11 11 8 15 11 9 13 15 11 14 7 20 11 12 23 21 15 26 30 17 22 29 27 28 16 22 21 28 23 37 30 23 19 28 30 33 35 34 37 37 40 43 44 54 42 53 43 34 47 58 44 53 49 53 54 53 66 49 44 53 67 62 69 63 64 62 67 47 71 72 73 80 68 80 79 80 74 66 90 85 67 79 61 59 84 78 63 90 89 77 96 76 73 90 73 65 79 78 69 64 65 75 79 80 99 83 68 77 78 60 71 73 61 69 69 74 55 49 71 59 57 48 40 48 62 48 42 50 41 49 39 34 36 43 45 32 42 31 37 41 35 38 34 29 37 33 48 36 83 190 411 458 513 415 411 458 670 849 931 1344 1732 1834 2028 2806 3568 3593 2129 913 387 272 229 166 132 143 103 95 62 32 36 25 23 7 6 8 3 1 3 1 0 0 1 0 0 0 0 0 0 0 0 0 0 0 0 0 
0 0 0 1 0 5 0 3 6 4 6 9 10 12 4 2 2 10 7 2 8 11 10 12 7 8 10 11 9 10 5 17 9 9 8 11 12 14 17 12 7 11 14 17 14 13 12 20 13 19 16 20 15 20 22 21 16 23 22 20 23 17 18 19 26 26 15 24 30 22 20 24 25 29 32 25 30 26 27 26 28 34 30 27 29 38 30 29 24 37 40 39 28 39 35 29 35 39 31 37 38 44 28 35 51 47 58 58 47 52 47 62 54 63 57 43 49 61 46 89 40 68 65 65 63 57 65 70 59 74 64 67 68 65 94 72 69 76 88 75 70 56 74 92 82 93 78 73 83 85 102 88 100 165 303 517 603 586 489 484 481 746 1118 1590 1684 1798 1868 1770 1960 1984 2176 2370 1793 1097 785 549 343 292 226 187 164 139 120 98 66 65 63 58 55 33 42 37 35 47 24 33 39 29 30 33 24 30 24 23 17 17 8 18 13 19 8 13 10 12 9 8 8 7 7 7 9 8 7 12 6 5 10 6 9 4 7 4 3 1 4 4 1 3 2 0 0 2 2 0 0 1 1 0 0 0 0 1 0 0 0 0 


79 121 154 194 228 265 357 534 759 884 914 943 934 1044 1050 1060 1024 1041 1074 1066 1135 1094 1078 1094 1035 1009 993 990 1026 1037 1086 1038 1013 914 857 843 760 716 745 666 683 702 665 652 705 647 724 667 726 772 786 779 751 761 843 903 1019 1070 1107 1096 1128 1104 1130 1153 1316 1370 1359 1341 1367 1404 1457 1452 1584 1743 1888 1999 2028 2141 2109 2197 2408 2549 2635 2270 1852 1542 1502 1424 1446 1403 1385 1423 1455 1414 1401 1502 1568 1473 1577 1552 1603 1615 1603 1711 1731 1840 1966 2101 2088 2207 2181 2338 2304 2456 2510 2497 2469 2454 2458 2469 2485 2518 2538 2570 2694 2731 2783 2926 2988 3042 3158 3278 3498 3435 3812 3884 4073 3997 4187 4417 4398 4582 4864 4886 5173 5232 5386 5666 5687 5769 6128 6108 6258 6504 6545 6530 6905 6900 7167 7319 7338 7595 7690 7911 7992 8326 8388 8442 8984 8805 9075 9478 9465 9504 9550 9587 9890 10071 9834 9880 9972 9908 9712 9516 9254 9232 8767 8480 7934 7505 7331 6903 6778 6648 6503 6206 5788 5927 6428 6948 7392 7740 8560 9130 9676 10494 10534 10299 10423 10666 11310 11269 10962 11323 10345 9850 9060 8745 9863 13077 14866 16403 17027 12030 6017 2932 2040 1806 1690 1584 1390 1210 991 803 719 724 659 727 796 788 757 633 552 530 530 505 428 395 324 283 233 191 177 166 212 227 
135 201 255 288 384 585 853 1083 1070 1136 1043 1020 971 1026 1011 1039 1028 1136 1051 1241 1259 1230 1190 1119 995 865 912 865 889 879 919 900 882 786 745 736 653 663 597 596 567 566 530 571 575 605 588 611 678 656 681 654 672 686 741 757 778 885 954 1053 1269 1395 1667 1657 1628 1720 1743 1856 1841 1870 1932 2035 2133 2450 2706 2914 2876 2598 2039 1645 1306 1282 1234 1158 1132 1142 1207 1111 1247 1247 1225 1284 1304 1270 1343 1323 1473 1430 1468 1445 1520 1410 1567 1555 1500 1609 1660 1625 1735 1713 1770 1791 1862 1959 2140 2350 2428 2525 2689 2676 2924 2874 2989 3063 3010 3103 3089 3166 3083 3149 3308 3217 3484 3655 3549 3607 3629 3882 3923 4134 4095 4384 4339 4555 4845 4971 5090 5288 5248 5775 5963 5835 6218 6355 6467 6546 6791 6830 7044 7311 7490 7574 7961 8280 8271 8728 8772 9145 9052 9326 9206 9203 9451 9494 9510 9881 9938 10281 10112 10341 10069 10239 10091 9964 9877 9610 9320 9091 8574 8410 7934 7591 7346 6840 6521 5954 5703 5482 5444 5206 5069 5007 5061 4921 4862 5048 5602 6017 6729 7035 7119 7385 8636 10373 11239 11524 11716 11749 11995 11910 10493 9399 9091 10285 11674 13075 14231 15570 14704 9634 3838 1479 928 945 1003 950 898 712 631 535 425 335 306 225 183 151 106 101 89 83 62 70 49 69 49 15 
88 190 222 273 391 656 956 1035 1100 1004 952 838 861 795 816 794 908 975 1061 1175 1131 1028 988 943 912 940 857 767 814 805 766 792 809 786 802 742 695 635 612 564 553 535 510 572 600 580 666 839 1041 954 944 824 894 1000 1082 1171 1120 1101 1224 1263 1390 1333 1315 1257 1197 1277 1241 1403 1437 1536 1593 1650 1718 1795 1953 2251 2399 2319 1983 1636 1230 1071 998 999 993 980 898 896 960 961 957 976 1053 1015 1044 1087 1070 1143 1091 1175 1190 1228 1269 1218 1267 1287 1336 1396 1432 1550 1637 1745 1944 2043 2124 2265 2369 2405 2346 2372 2416 2434 2494 2526 2548 2505 2571 2639 2652 2656 2551 2566 2548 2538 2724 2863 2795 2905 2885 2948 3031 3173 3189 3342 3354 3568 3694 3827 4010 4278 4334 4456 4360 4620 4701 4820 5034 5136 5337 5462 5738 5815 5929 6017 6257 6463 6482 6592 6914 6933 7295 7526 7375 7675 7730 7731 8146 8134 8350 8506 8794 8984 9119 9230 9556 9739 10097 10235 10487 10615 10861 10949 11138 11085 11017 10747 10330 10227 9878 9360 9043 8693 8417 8293 8154 8213 8548 8756 9314 9979 10007 10582 11480 12246 12578 13333 13618 13945 13397 11901 10129 9444 10368 12191 13414 14564 16797 17901 12904 5583 2477 1636 1470 1455 1281 1208 962 747 596 492 365 315 235 183 168 143 109 100 91 59 54 30 16 7 2 0 


