0
20 15 3 16 11 17 23 11 12 10 6 9 11 3 8 8 3 13 7 3 11 8 5 3 8 11 7 3 2 7 6 5 6 7 9 3 7 7 5 4 4 8 7 10 6 9 13 7 10 11 13 28 33 44 51 57 63 57 73 59 55 60 49 53 66 49 29 37 29 28 23 22 25 16 20 22 20 14 13 10 18 16 14 16 19 17 14 24 18 21 29 27 25 37 26 27 30 31 40 49 51 59 69 99 125 179 191 231 301 247 259 182 125 86 66 54 51 39 37 29 22 33 9 18 9 14 8 7 7 10 8 8 9 10 11 15 11 9 7 14 11 12 7 12 13 9 6 5 16 8 11 9 13 9 8 10 12 9 5 6 11 9 12 12 9 9 7 10 10 6 11 10 9 10 8 19 11 21 13 15 23 31 28 36 37 46 46 37 34 37 66 82 120 107 81 43 50 30 24 20 25 19 31 40 49 56 66 48 25 17 15 18 9 8 11 7 2 3 4 3 3 4 4 3 6 3 3 5 3 0 1 2 0 0 0 1 0 0 1 1 0 0 1 0 0 0 0 0 0 0 0 0 0 0 0 0 
11 6 7 8 5 4 4 6 6 11 7 14 14 6 9 3 8 5 7 5 11 3 5 3 7 5 4 4 10 3 0 5 2 3 8 4 1 3 6 6 7 2 5 4 1 5 7 1 5 5 3 4 4 3 4 7 2 3 4 5 5 4 8 6 4 1 7 3 12 7 5 6 4 6 6 5 9 11 7 8 8 7 12 8 14 15 12 29 25 32 39 33 49 43 57 63 44 58 55 58 43 46 47 49 36 39 33 26 19 33 17 17 18 25 12 21 13 16 24 14 23 37 27 23 21 24 10 20 15 22 26 21 20 19 15 26 23 39 25 32 42 26 19 20 23 14 20 25 27 30 30 16 34 28 30 29 38 38 36 46 60 68 93 92 97 105 135 160 194 299 351 198 145 90 56 42 30 33 31 26 32 19 14 16 16 18 19 33 34 36 36 45 50 30 57 66 79 124 102 81 58 52 41 31 25 23 22 35 54 75 67 45 34 8 21 19 12 18 15 14 7 5 5 3 4 7 4 5 3 5 4 2 1 4 1 0 2 0 3 0 0 0 1 1 0 1 0 0 0 0 0 0 0 0 0 0 
2 2 3 7 2 4 3 4 3 9 9 6 6 6 9 15 2 12 3 4 1 1 2 5 0 6 5 5 6 4 3 1 2 6 4 1 1 5 1 2 1 4 3 3 1 3 2 3 5 3 3 2 4 5 3 0 3 2 2 1 5 3 4 0 4 2 3 3 3 2 3 1 4 6 4 7 5 3 5 1 5 3 6 5 5 6 4 3 5 3 3 4 7 9 4 8 2 3 6 9 5 7 4 10 4 7 3 1 4 2 4 5 5 3 10 7 8 4 7 5 8 5 10 4 18 16 26 15 13 25 17 16 12 22 24 19 35 25 23 29 40 47 60 44 56 43 49 63 62 62 59 42 59 49 58 42 57 69 44 48 45 44 51 37 44 41 22 24 30 22 33 27 22 24 26 17 21 16 20 24 32 18 27 25 27 22 38 38 35 38 52 60 52 72 87 136 138 78 74 65 59 50 39 43 38 85 117 128 87 80 95 146 172 201 258 376 416 277 139 79 53 12 20 10 7 5 4 2 9 2 0 6 1 1 2 1 0 1 0 1 1 0 0 1 0 0 0 0 0 0 0 0 0 0 0 0 


592 2409 5352 7533 8397 8139 7100 6304 5589 5073 4671 4761 4905 4875 4982 4881 4584 4487 4036 3939 3781 3531 3255 3160 3011 2945 2781 2714 2640 2573 2479 2438 2469 2411 2423 2388 2444 2433 2518 2416 2400 2390 2339 2387 2320 2341 2322 2289 2348 2434 2372 2506 2435 2501 2768 2883 3123 3453 3445 3358 3246 2873 2443 2414 2369 2307 2279 2392 2341 2310 2284 2109 2200 2062 2110 2147 2096 2067 2005 1908 1951 1960 1934 1865 1856 1942 2309 2772 3166 3502 3570 3594 3732 4103 4822 5031 4784 4548 4619 4787 5225 5707 6113 6198 6059 6323 6515 6941 7349 7760 7675 6930 6764 7058 7632 8221 8374 8488 7989 7598 7253 6968 7223 7495 7771 7687 7537 7555 7193 7169 7037 7106 7336 7364 7617 7823 7795 7980 8666 8749 9541 10029 10943 11487 12080 12445 12790 12754 12272 11622 10942 10417 10130 9396 8993 8159 7035 5902 5071 4349 3985 3807 3579 3535 3447 3381 3504 3493 3243 2536 1932 1575 1398 1258 1148 1048 972 809 778 670 573 524 534 508 494 485 442 407 456 449 536 444 466 472 476 460 433 444 393 460 472 459 484 465 509 516 532 560 588 624 612 686 704 790 714 849 862 875 1018 1049 1161 1178 1229 1264 1483 1619 1704 2172 2991 4615 6115 6945 7547 8970 10388 10354 10558 9255 7429 5049 3297 1980 1335 1000 844 654 479 438 338 265 179 117 78 61 54 50 
597 2509 4760 5927 6340 6987 7006 6571 5795 5221 4753 4468 4399 4447 4491 4613 4716 4570 4166 3921 3510 3363 3110 2982 2784 2692 2504 2284 2130 2023 2023 1935 1920 1909 1903 1834 1845 1886 2001 1921 1849 1926 1927 1958 2003 2008 2075 2094 2117 2279 2211 2441 2547 2593 2803 3008 3058 3146 3223 3241 3186 3073 2782 2588 2337 2311 2309 2242 2313 2233 2186 2211 2114 1986 1940 1883 1789 1787 1662 1669 1633 1722 1652 1611 1615 1674 1631 1631 1643 1568 1636 1526 1553 1495 1577 1506 1592 1606 1570 1516 1628 1530 1647 1671 1611 1690 1605 1676 1751 1695 1706 1733 1760 1803 1867 1864 1911 1876 2006 2144 2095 2119 2142 2150 2323 2289 2424 2512 2422 2480 2296 2376 2339 2377 2414 2317 2414 2512 2579 2853 3321 4268 4566 4699 5028 5354 5568 5763 5883 6765 7855 8912 10499 11516 12298 12806 13161 13775 14181 14387 14482 14025 13640 13192 12736 11954 11124 10406 9902 10348 9829 9360 8692 8748 9255 9100 9038 9168 9427 9710 10143 10731 11364 12126 11501 11033 9828 8741 7728 7232 6833 6442 5926 5650 5245 3499 1871 1025 806 687 693 638 717 709 773 741 779 824 897 925 950 1052 1127 1172 1190 1308 1540 1814 2339 2839 3628 4754 5829 6894 7784 9599 9567 9722 10014 10131 7283 3796 2412 1457 1041 766 566 468 323 230 147 103 47 43 33 17 22 8 7 1 0 0 0 0 0 0 
207 1230 2952 4032 4154 4392 4848 5128 5817 6297 6163 5466 4898 4607 4456 4524 4455 4727 4546 4355 4107 3862 3428 3110 2943 2731 2534 2326 2194 2060 2034 1883 1770 1750 1693 1762 1691 1824 1812 1750 1805 1688 1751 1807 1765 1820 1845 2051 2094 2171 2374 2442 2597 2887 2944 3214 3368 3464 3445 3330 2986 2683 2509 2326 2251 2221 2253 2386 2356 2262 2177 2103 2103 1951 1845 1857 1765 1777 1786 1702 1772 1670 1658 1691 1665 1643 1630 1552 1623 1606 1595 1621 1587 1598 1612 1564 1498 1466 1600 1441 1474 1480 1543 1571 1490 1516 1530 1543 1573 1567 1594 1615 1639 1598 1663 1629 1576 1629 1707 1706 1824 1817 1896 2008 1997 2087 1937 2048 1996 2035 1995 2059 2091 1974 2026 2177 2091 2088 2047 2090 2149 2102 2210 2133 2290 2329 2337 2385 2452 2612 2709 2744 3042 3186 3346 3741 4122 4629 5463 6206 7355 8460 9506 10532 11569 11867 11674 11424 10894 10091 8732 7549 6056 4994 4471 4016 3543 3385 3262 2897 2497 2391 2162 1933 1844 1638 1454 1317 1275 1266 1180 1236 1423 1943 2950 3556 3650 3357 3224 3312 3960 4507 4838 5289 6073 7631 9141 10824 12535 13559 13779 13354 12448 12853 13949 16055 18864 22061 25039 30035 31217 30813 28617 21859 13406 8884 5308 2984 1698 981 690 450 301 192 154 79 53 32 34 21 12 6 3 2 0 0 0 0 0 0 0 0 0 0 0 0 


