0
0 0 0 0 0 0 0 0 0 0 0 0 0 0 0 0 0 0 0 0 0 0 0 0 0 0 0 0 0 0 0 0 0 0 0 0 0 0 0 0 0 0 0 0 0 0 0 0 0 0 0 0 1 0 1 0 2 2 2 0 4 7 12 15 17 29 35 43 56 53 61 60 103 107 138 171 197 228 307 395 477 509 611 514 500 497 568 533 525 476 361 285 281 204 226 198 171 161 142 133 146 117 122 126 123 108 102 110 100 109 118 123 115 122 129 136 117 116 116 132 127 124 115 130 128 121 108 139 135 137 134 136 117 123 152 126 150 119 115 111 105 96 100 81 119 85 69 77 53 52 87 77 119 113 122 156 183 208 239 246 283 348 402 436 462 528 461 439 495 491 504 465 426 416 426 434 410 426 439 422 474 475 519 512 461 445 437 452 422 449 512 488 519 425 451 418 429 411 482 476 419 404 399 416 398 444 555 691 753 716 608 456 313 234 192 186 159 167 138 126 128 94 65 47 42 41 64 43 57 59 49 57 63 79 87 106 120 140 178 228 300 441 759 1271 2121 2993 3365 2689 1699 933 452 207 136 96 65 43 
0 0 0 0 0 0 0 0 0 0 0 0 0 0 0 0 0 0 0 0 0 0 0 0 0 1 0 0 0 0 0 0 0 1 1 2 0 0 1 1 3 4 7 3 7 8 6 3 10 8 12 12 10 4 8 2 5 7 2 6 8 2 1 9 3 4 2 2 2 0 4 3 5 4 0 3 4 2 2 5 5 8 9 7 9 19 12 26 27 33 54 36 47 35 26 32 51 89 83 92 99 96 122 121 143 192 240 285 327 422 488 560 559 559 554 639 652 614 566 434 364 320 272 267 222 189 181 207 182 175 176 160 191 179 181 208 220 208 235 221 236 236 279 327 289 333 326 363 419 408 449 428 478 509 519 641 704 815 841 794 737 665 670 522 536 524 561 558 572 581 548 532 498 534 478 404 449 424 402 383 391 372 399 367 403 394 339 373 350 366 407 397 404 393 390 420 416 500 529 575 421 319 177 162 124 105 126 99 78 58 39 52 46 56 53 30 38 54 56 56 71 75 82 104 124 135 180 189 266 336 490 787 1480 2367 3575 3921 2461 977 367 217 131 80 51 43 37 10 7 1 1 0 0 0 0 0 0 0 
22 10 8 6 12 14 8 13 10 8 1 7 4 6 11 6 2 3 3 3 2 3 1 5 2 1 1 1 3 2 2 4 3 4 1 1 2 1 1 3 1 2 2 1 1 4 1 4 1 2 3 2 4 6 2 3 1 1 1 1 3 2 2 2 5 4 4 2 1 4 3 2 1 4 6 4 9 13 18 13 14 7 10 4 10 6 10 9 18 11 7 8 11 16 7 8 11 18 11 18 19 25 31 31 20 36 40 36 28 38 51 38 37 57 35 40 46 47 46 57 61 88 84 80 59 77 93 116 131 100 94 106 110 145 159 139 130 108 118 129 144 153 161 172 172 150 180 210 228 259 331 347 429 497 638 723 964 990 1079 1217 1346 1487 1495 1478 1188 1041 1014 953 896 820 855 893 817 761 724 688 690 683 623 604 610 664 613 661 644 657 625 639 683 625 629 628 531 526 501 494 455 334 278 187 180 128 112 110 99 109 110 106 138 153 164 200 236 294 414 571 871 1332 1857 2465 2998 3094 2012 711 289 132 94 85 46 35 20 14 21 16 14 7 7 6 4 6 4 4 1 2 1 0 0 0 0 0 0 0 0 0 0 0 


1042 1454 1677 1950 2411 2833 2693 2253 1681 1259 868 786 684 661 608 629 614 581 636 683 633 627 611 662 683 648 676 717 632 657 624 620 644 614 649 636 704 660 690 762 759 819 825 791 873 847 866 905 814 682 623 578 525 537 579 604 589 602 579 557 624 557 591 536 574 566 548 603 582 563 649 656 673 773 793 746 722 789 745 812 838 901 1013 1177 1282 1307 1411 1448 1618 1735 2100 2548 3064 3685 4284 4986 5884 6887 7920 9091 10399 11605 13148 14081 14629 15396 15580 16090 16959 17966 19017 19210 18499 18726 19004 19146 18642 18065 16312 16079 15352 15270 14298 13871 13067 13134 12471 11498 11005 9611 9057 8590 8207 7682 7632 7174 6959 6809 7009 6883 7258 7372 7128 6974 7158 7111 6934 6673 6511 6074 6273 5939 5469 4894 4717 4551 4368 4313 4198 4088 4006 3937 3745 3615 3309 3076 3070 3058 3068 3150 3141 3296 3092 3217 3166 3270 3206 3061 2789 2786 2784 2877 3065 2990 3167 2923 3085 3106 2987 2991 2931 2922 2797 2737 2708 2540 2333 2152 1937 1770 1692 1670 1705 1705 1705 1675 1571 1619 1678 1515 1529 1443 1400 1327 1181 976 890 773 644 646 597 633 772 847 901 860 796 576 423 346 258 232 178 147 123 114 99 71 69 60 49 57 53 57 58 45 65 82 79 68 56 76 79 95 118 335 
143 484 947 1515 2091 2185 1820 1208 734 580 495 455 453 469 514 481 516 482 490 509 466 496 499 487 449 469 551 546 556 529 584 564 663 649 709 675 634 684 703 776 760 783 815 926 882 822 681 579 520 453 435 395 408 386 359 359 384 401 455 424 418 469 508 535 569 624 671 719 815 870 882 939 1019 999 913 884 740 759 744 657 692 660 676 617 675 629 611 663 661 692 706 715 738 761 803 828 907 932 949 1018 998 1028 1007 1007 981 940 952 887 967 928 930 1000 1105 1140 1268 1423 1490 1603 1761 1835 1977 2215 2520 3096 3773 4437 4753 5513 6282 7020 7752 8724 9665 10558 11649 12683 13751 14800 15712 16766 17678 18437 18826 18519 18252 18349 18667 18941 19790 20688 22544 23012 22890 21869 20212 18983 17541 16591 15184 14215 12929 12031 11681 11358 10928 10694 10726 11147 10916 11073 10358 10068 9230 8306 7280 6611 6144 5855 5369 5047 4845 4757 4692 4498 4465 4315 4139 4408 4555 4707 5015 5188 4957 4475 4294 4142 3916 3878 3657 3387 2901 2397 2048 1799 1741 1615 1617 1603 1327 1266 1039 818 692 544 418 334 232 208 182 147 108 84 80 52 57 50 50 44 52 45 59 67 99 134 118 94 61 77 72 38 48 49 23 32 32 24 15 19 25 23 26 27 27 35 50 97 
2413 3095 2979 2830 2823 2881 2437 1850 1200 945 761 723 680 693 712 697 803 836 841 857 871 775 767 724 692 707 702 642 584 541 496 533 554 551 576 562 612 663 740 772 845 858 943 858 889 829 717 617 531 491 462 497 455 448 411 367 383 337 344 370 303 360 345 356 359 351 338 347 301 328 352 358 329 361 363 361 324 353 336 344 350 332 323 298 303 318 291 304 298 312 295 285 285 305 300 276 300 322 302 299 344 356 372 445 468 556 581 559 530 499 483 422 413 421 421 479 509 493 531 534 616 633 639 679 663 777 839 841 976 1036 1098 1132 1289 1316 1225 1253 1301 1129 1149 1092 1054 1135 1082 1146 1195 1211 1280 1472 1573 1587 1601 1544 1538 1558 1581 1522 1406 1309 1315 1405 1565 1862 2075 2687 3156 3923 4995 6376 8021 9980 11975 14087 15516 16943 17642 18450 18403 18422 18912 19437 19754 19616 20616 21073 22552 24240 25725 25925 26732 27167 27874 27702 27355 25026 23923 21838 19885 18448 17655 16895 16162 14183 12392 10306 9218 8652 8791 8717 8686 8586 7602 5990 4417 3345 2510 1866 1488 1096 909 699 566 471 365 281 227 180 124 90 77 57 46 45 40 40 31 20 14 24 13 8 12 6 12 8 14 9 4 7 0 1 1 3 2 5 1 1 


