0
3 2 3 4 6 7 3 5 1 5 4 3 1 1 3 2 3 1 1 4 4 4 4 2 3 0 2 5 4 2 3 5 4 3 4 6 4 5 7 7 7 8 7 2 6 3 8 4 7 6 13 36 101 217 279 299 324 333 235 270 246 243 230 251 273 290 330 312 285 269 236 230 168 135 118 114 75 97 82 79 81 77 64 66 50 73 72 54 69 70 69 59 56 59 49 38 29 43 34 38 36 32 41 33 40 37 31 36 33 37 29 24 26 31 34 41 37 38 33 31 37 31 40 28 31 29 36 24 20 24 24 22 28 21 10 20 17 17 14 25 16 15 18 22 14 23 30 22 13 25 15 26 25 22 26 18 27 23 32 27 31 26 23 24 36 36 35 26 25 29 23 21 32 33 27 29 23 20 21 20 25 29 31 30 34 31 29 26 37 39 41 23 33 36 46 36 52 44 39 48 38 42 41 32 34 35 30 47 35 22 37 25 24 29 10 17 28 10 8 13 11 14 6 9 8 9 2 1 6 5 4 5 2 10 4 5 10 9 8 11 25 36 36 36 38 36 46 35 28 34 26 14 11 6 8 5 
5 3 2 7 6 2 2 5 2 3 2 4 2 3 1 4 3 3 2 1 0 3 5 1 3 3 2 3 2 3 3 6 2 3 3 2 5 3 9 3 6 7 11 4 4 6 8 5 5 5 5 4 6 15 21 44 113 234 408 427 361 286 266 245 223 239 237 239 269 260 278 318 318 267 216 133 139 117 96 95 79 79 75 84 58 81 71 62 65 54 66 75 71 72 53 63 46 51 43 50 41 34 50 38 38 40 39 40 42 38 35 39 38 41 35 31 42 43 30 43 38 36 29 33 37 38 27 21 34 15 25 23 23 27 21 14 11 20 24 20 16 16 15 19 20 11 18 23 14 27 25 17 15 26 23 28 20 24 22 28 26 26 25 30 30 21 26 35 35 35 27 18 32 26 25 26 35 28 22 26 24 32 30 27 28 31 42 32 38 32 30 40 38 49 33 46 51 50 41 31 35 52 36 32 27 32 34 32 35 30 35 25 22 28 29 31 15 27 13 18 11 10 13 14 8 9 6 5 9 10 9 7 5 12 21 35 31 31 32 37 37 47 31 41 32 20 19 8 6 1 0 2 2 6 2 0 
0 0 0 1 3 3 2 2 8 3 1 5 3 3 1 2 1 2 6 2 1 2 1 1 1 5 0 4 5 3 2 2 3 3 2 5 2 2 4 3 2 1 6 4 3 7 4 5 7 7 6 7 8 4 6 5 2 9 5 4 8 5 6 20 32 94 204 344 429 388 282 262 246 237 211 230 252 265 292 283 355 349 269 225 145 129 106 104 98 82 77 78 80 68 66 79 65 61 62 72 82 69 79 54 55 53 65 43 45 41 37 44 42 49 42 42 30 34 48 28 36 39 39 44 36 45 34 39 34 39 32 32 31 37 37 36 33 27 24 26 17 23 19 12 29 16 19 17 23 17 13 20 23 19 16 26 16 25 26 19 31 22 27 30 22 24 25 21 33 26 35 30 24 33 33 30 28 27 24 31 29 29 35 26 29 24 34 40 37 39 34 27 28 46 39 47 37 56 46 51 47 44 41 38 37 39 34 21 26 32 29 34 30 36 18 32 35 21 24 25 21 26 19 13 22 7 15 10 18 22 31 33 33 37 34 35 39 34 42 35 26 20 22 8 2 4 4 5 0 1 2 0 2 3 4 1 


8 7 12 18 11 21 16 16 23 34 31 47 39 37 50 52 61 59 80 75 99 95 107 112 115 122 129 123 120 158 174 160 172 166 209 233 212 257 214 254 238 272 263 294 273 287 291 335 345 381 398 409 401 430 431 474 483 433 469 460 484 551 610 532 591 629 650 654 678 686 735 779 777 846 819 845 901 955 942 1004 1001 1098 1095 1126 1175 1228 1238 1267 1418 1418 1451 1520 1545 1613 1656 1767 1745 1799 1925 1881 1934 2014 2060 2123 2277 2217 2312 2444 2437 2581 2625 2638 2894 2907 2931 3028 3179 3056 3182 3227 3343 3440 3588 3493 3768 3851 3935 3966 3952 4054 4268 4282 4337 4538 4553 4649 4795 4747 4881 5003 4931 5269 5085 5251 5286 5451 5557 5662 5645 5787 5713 6068 5993 6188 6210 6274 6371 6579 6630 6604 6642 6878 6916 7040 7090 7374 7583 7563 7673 7669 8066 8079 8285 8427 8454 8682 8842 9122 9096 9028 9414 9487 9581 10046 10053 10336 10417 10657 10625 10981 11110 11249 11480 11558 11723 11652 12049 11953 11974 11850 12073 11834 12115 12055 12018 11960 11872 11671 11505 11463 11195 10888 10527 10356 9718 9200 8678 8221 7793 7262 6642 6215 5787 5256 4818 4462 4082 3688 3391 3077 2837 2627 2423 2295 2172 1955 1794 1769 1667 1605 1537 1488 1400 1384 1274 1291 1230 1210 1237 1262 1231 1314 1426 1675 2180 2699 
3 4 1 10 10 9 14 11 18 18 16 22 39 35 37 35 50 53 50 66 68 74 70 86 87 95 110 115 109 117 129 163 152 176 151 175 174 202 210 234 246 233 233 274 257 231 291 285 297 310 330 322 359 341 377 372 396 404 444 382 468 442 455 478 470 477 505 596 552 541 612 545 663 630 696 738 707 764 716 762 815 850 871 892 1011 969 976 1011 1086 1084 1157 1126 1246 1246 1290 1359 1383 1427 1542 1514 1514 1622 1735 1733 1766 1780 1896 1917 2135 2102 2121 2134 2308 2364 2332 2430 2427 2610 2708 2811 2832 2962 2986 3098 3146 3281 3408 3524 3570 3621 3640 3683 3830 4018 4142 4224 4222 4375 4352 4438 4646 4733 4828 4918 5091 4994 5101 5333 5275 5535 5603 5543 5757 5881 5870 5964 6135 6163 6346 6389 6541 6741 6691 6764 6990 7072 7242 7201 7494 7543 7892 8009 8211 8404 8340 8597 8959 9096 8969 9428 9721 9876 10138 10157 10367 10808 10864 11115 11317 11675 11827 11987 12313 12432 12635 12829 13071 13197 13326 12986 13081 13244 13053 13138 13373 13231 13214 13342 13386 13167 12786 12313 11955 11366 11036 10414 9964 9568 8825 8275 7735 6782 6348 5775 5117 4486 4147 3644 3291 2990 2780 2514 2312 2098 1935 1775 1725 1541 1547 1422 1421 1304 1232 1227 1187 1123 1121 1119 1084 1165 1154 1242 1467 1683 2163 1132 
0 0 0 1 1 0 4 0 3 2 4 5 8 12 11 11 16 18 18 27 16 31 41 34 46 54 52 49 58 73 86 86 93 94 104 111 123 125 135 131 152 173 185 182 188 220 224 208 221 250 239 274 254 266 264 318 307 293 303 363 352 339 399 406 417 417 427 428 438 450 451 491 562 463 548 518 534 613 614 626 657 681 696 686 788 718 779 800 870 843 898 900 983 969 1059 1060 1064 1125 1260 1225 1292 1329 1341 1358 1411 1535 1503 1636 1635 1636 1777 1819 1910 1980 1942 1996 2077 2248 2264 2334 2422 2390 2560 2573 2587 2824 2873 2990 3064 3243 3192 3324 3463 3440 3657 3648 3782 3858 3977 4073 4132 4334 4416 4411 4688 4622 4736 4875 4944 5058 5119 5349 5346 5598 5552 5676 5864 5937 5938 6113 6270 6230 6507 6684 6710 6577 6905 7049 7237 7266 7624 7549 7723 7990 8159 8329 8453 8735 8901 9350 9394 9510 9782 10027 10242 10650 10919 11124 11386 11742 11954 12363 12691 12853 12954 13278 13228 13434 13658 13526 13663 13796 13997 14003 14179 14211 13960 14220 14175 13974 13860 13785 13529 13093 12939 12053 11812 11229 10665 9943 9399 8543 7929 7091 6568 5931 5153 4686 4060 3735 3203 3004 2659 2289 2064 1993 1715 1666 1560 1438 1413 1347 1230 1209 1107 1104 1117 1097 1157 1185 1176 1364 1453 1637 1674 703 


