0
0 1 7 17 21 31 42 57 57 52 47 43 55 62 55 53 37 34 35 38 41 37 37 76 62 88 70 63 66 54 71 50 71 48 61 53 65 53 52 54 53 53 64 45 42 60 54 55 44 53 58 51 54 55 58 60 75 61 58 55 63 80 70 85 74 69 77 99 104 118 103 95 109 116 141 128 151 119 143 133 174 148 157 154 157 154 167 152 148 144 178 147 176 179 178 170 195 187 226 195 193 204 229 239 231 247 216 220 230 235 193 168 141 139 130 132 107 110 94 92 99 79 80 68 67 62 56 60 68 55 60 51 55 51 53 66 48 49 32 45 38 43 38 30 36 51 36 56 44 39 36 36 46 50 35 42 32 42 28 39 28 35 40 33 35 42 49 50 40 45 46 55 65 65 74 72 74 66 90 90 120 122 145 151 157 133 143 146 140 164 176 179 170 171 128 154 127 121 94 116 98 100 90 105 98 104 83 66 70 70 52 55 50 39 50 44 41 36 34 37 35 27 35 23 40 26 35 25 27 25 45 34 34 29 39 36 30 21 14 19 16 11 15 13 8 9 10 11 9 26 13 16 39 43 88 356 
31 39 45 54 54 56 42 47 45 44 37 50 48 52 56 56 64 53 67 87 95 108 79 70 67 58 63 57 43 54 57 55 57 58 62 54 62 56 72 70 84 93 85 91 87 98 83 91 104 110 102 101 107 128 129 122 128 152 157 164 174 199 236 201 256 239 260 290 287 268 274 278 249 220 204 161 159 102 110 74 98 80 79 67 62 49 70 63 61 55 81 73 88 64 84 93 94 106 96 111 93 112 107 113 87 100 107 91 101 88 72 90 66 75 66 66 79 58 56 68 71 55 59 52 68 69 58 62 65 62 60 65 59 79 79 74 67 83 86 104 94 105 137 124 133 154 197 199 197 208 212 180 198 246 195 221 230 219 206 189 174 170 129 111 97 96 100 105 94 105 78 80 70 68 59 69 72 61 61 48 45 37 46 29 29 37 33 36 18 27 36 24 29 25 30 24 22 26 34 25 28 23 28 27 27 35 21 26 26 28 26 15 10 17 14 9 8 8 7 5 5 4 7 5 2 6 5 5 4 3 10 6 4 10 4 6 5 6 11 8 4 14 10 12 12 9 13 17 18 22 23 27 25 38 78 237 
47 66 46 45 51 57 58 54 60 49 39 57 59 51 39 48 66 80 97 84 104 122 112 106 116 84 116 109 106 92 110 112 146 143 128 176 167 194 201 226 275 267 345 314 335 386 340 321 283 299 249 189 170 166 143 95 86 71 80 72 48 39 43 31 56 42 34 36 33 33 28 29 46 44 38 42 50 42 52 39 50 50 56 58 36 46 53 44 45 47 43 46 40 37 37 45 48 40 39 62 44 47 59 52 50 51 40 54 42 49 55 66 85 85 114 95 118 138 171 184 170 187 232 232 280 312 323 329 306 296 289 268 286 245 229 195 188 183 163 170 133 113 111 116 118 78 99 101 71 64 80 72 71 70 70 65 65 54 62 62 62 71 81 64 69 62 65 68 94 83 76 64 74 76 51 45 52 52 36 41 36 34 33 30 19 20 22 11 19 21 21 17 33 34 23 22 14 11 10 6 7 4 4 5 5 6 8 4 2 3 6 5 3 5 3 2 5 2 5 5 7 6 6 7 12 10 10 15 9 19 20 13 11 25 10 17 23 16 24 20 22 25 32 27 22 21 30 18 24 18 16 14 20 7 7 6 


2 15 14 53 118 215 401 678 1093 1291 1499 1216 863 525 335 234 166 145 91 96 74 94 95 81 74 65 63 63 50 66 59 68 59 57 45 62 51 58 55 63 68 71 56 49 66 59 62 69 63 63 89 71 75 67 75 82 92 80 72 88 61 63 74 63 78 59 70 55 75 68 87 66 82 86 94 80 71 74 91 81 95 87 90 93 95 93 87 91 67 90 85 89 72 101 89 99 99 106 94 121 111 133 148 171 212 278 324 463 594 670 957 1151 1270 1444 1420 1610 2058 2515 2711 3043 3095 3319 3789 3943 4698 5331 5810 6660 7582 8516 8879 9461 10488 11416 12637 13351 14363 15464 16933 17800 18420 19314 20379 20387 21707 21903 22244 22380 22538 21751 21352 20200 18625 17671 16480 15469 14267 13177 12070 11223 10554 9860 9200 8576 8473 7980 7650 7448 7296 7129 6873 6744 6829 6945 7154 7250 7445 7406 6904 6879 6510 6755 6686 6330 6134 5617 5528 5169 4635 4757 4612 4563 4550 4523 4447 4427 4501 4635 4388 4216 4168 4094 4080 3914 3943 4027 4268 4324 4328 4484 4425 4350 4380 4606 4873 4774 4363 3982 3465 2898 2734 2713 2761 2789 2980 2901 2799 2748 2880 2982 2881 2970 2784 2496 2109 1527 1009 623 448 318 202 164 134 109 71 68 51 40 23 25 31 23 22 31 49 123 
7 41 87 162 353 567 945 1244 1471 1357 1047 644 395 257 179 166 111 126 100 93 92 87 75 72 82 80 79 69 81 72 58 62 70 79 67 78 79 64 80 72 76 71 86 106 103 94 92 120 97 77 105 108 89 90 90 78 89 79 85 91 99 88 95 97 98 72 80 78 75 78 65 67 55 63 65 45 49 56 44 35 46 38 47 25 46 28 34 29 35 40 27 26 42 47 36 33 34 48 51 52 52 55 51 35 55 52 54 48 64 52 43 65 50 60 45 78 51 54 59 62 68 69 69 85 78 72 76 91 123 118 127 155 152 181 225 257 338 352 476 559 702 944 1191 1453 1915 2131 2460 2815 3169 3347 3857 4586 5267 6177 7251 8361 9394 10250 10701 11968 12934 14094 15207 16919 18567 20782 22481 23457 24260 26220 25879 26114 26574 27377 26445 25977 24733 23623 22043 21053 20048 18353 17226 15627 14585 13390 12484 12170 12281 12946 14246 14503 14016 12720 12033 10926 9557 8504 7803 7327 7138 6797 6679 6759 6785 7380 7621 7136 6779 6576 6730 6950 6852 6546 5642 5007 4535 4115 3771 3786 3716 3750 3771 3721 3554 3245 2744 2242 1692 1122 770 571 391 318 251 172 144 120 82 61 50 48 34 27 13 17 14 8 8 12 7 12 11 11 31 60 
25 64 121 211 337 554 938 1185 1423 1290 963 588 350 243 212 192 152 211 165 151 155 104 115 110 132 129 118 107 97 92 99 99 97 102 108 121 120 120 89 119 112 109 81 115 105 114 125 108 104 100 87 82 97 80 88 57 62 55 59 46 72 38 42 40 22 28 36 31 23 38 33 31 33 33 20 23 29 29 26 27 35 31 32 28 26 25 19 26 35 26 23 26 33 28 22 16 29 31 29 20 35 31 25 26 29 30 24 32 28 26 35 42 42 32 44 38 38 45 57 42 58 72 50 76 62 65 60 83 67 82 86 77 77 76 76 80 71 102 94 79 98 82 95 92 101 101 116 102 111 113 129 122 146 141 140 143 143 176 170 209 224 220 227 234 265 282 322 431 516 691 905 1129 1467 1755 1945 2291 2605 3103 3659 4525 5557 6967 8389 9717 10656 12162 13938 16309 19673 23560 28647 33032 36191 36960 38661 38780 39473 39408 37893 35959 33666 30713 27028 25130 25080 25684 26918 26454 25566 23884 22046 19341 16560 15062 13348 12335 10838 9073 7742 6764 6124 5566 5128 4590 3855 3074 2306 1707 1320 989 753 630 466 331 277 248 173 130 96 78 55 53 35 26 20 20 15 20 11 7 1 6 6 5 8 6 


