0
2 2 0 1 1 3 1 6 2 3 4 3 2 4 7 11 11 14 12 9 13 9 6 11 12 14 21 12 14 19 17 13 12 17 15 22 23 21 23 18 14 21 18 14 20 18 16 11 17 24 23 21 27 24 29 43 37 43 41 67 69 62 64 83 103 107 137 141 140 140 152 154 135 150 149 133 115 117 113 109 101 104 81 64 69 62 84 81 72 66 50 57 63 67 71 78 82 86 97 74 77 97 76 63 71 69 85 76 71 62 56 72 85 71 98 91 87 92 82 81 85 77 69 82 61 67 62 74 64 70 72 80 81 82 69 76 102 84 121 97 104 136 136 147 136 149 148 125 146 135 132 138 126 141 135 133 134 126 158 115 152 134 132 126 141 131 114 147 153 163 172 211 220 253 363 537 709 851 871 1115 1549 2034 1871 1244 653 430 315 283 238 218 272 251 284 340 381 491 688 1051 1242 1281 1313 1105 961 722 708 801 840 803 578 455 358 318 276 260 200 189 183 149 146 151 153 127 140 109 112 99 96 85 90 98 69 90 89 90 99 112 100 118 135 146 167 237 318 386 503 618 868 1030 754 363 195 99 84 79 99 124 
2 1 2 2 6 5 8 12 5 9 15 9 14 20 20 10 21 19 19 24 17 24 37 28 28 21 26 27 28 22 15 16 15 16 13 14 23 18 17 38 36 46 49 54 56 73 72 53 91 78 89 116 111 127 135 131 145 118 120 106 142 143 148 171 127 124 127 145 105 129 125 94 114 112 145 116 128 142 162 141 151 169 177 179 193 183 209 235 215 255 209 198 215 233 203 204 239 200 196 210 200 175 162 184 178 171 186 192 189 220 198 259 228 231 322 291 327 356 464 655 901 1151 1238 1212 964 733 589 454 393 447 448 524 622 680 791 900 1069 1735 2696 2465 1319 693 508 470 468 433 407 413 397 354 311 297 220 238 185 197 171 171 135 119 105 81 107 87 92 78 84 75 82 64 71 69 62 65 68 76 75 66 74 77 79 77 62 67 67 71 66 55 79 61 60 64 68 61 67 69 74 74 65 103 91 87 100 114 133 165 174 302 437 584 732 764 655 682 444 177 66 50 26 21 10 15 12 16 10 12 14 9 16 8 7 9 10 11 9 7 7 10 13 7 7 12 13 10 6 8 10 10 7 10 8 14 15 16 26 39 
169 166 145 128 155 146 162 135 137 160 167 161 179 166 167 160 174 167 177 203 206 217 200 167 164 183 193 186 174 160 152 160 147 144 186 172 183 163 214 220 268 266 335 474 692 949 1168 1315 1268 1236 1163 1012 832 734 669 600 591 513 563 479 514 500 411 395 374 357 295 300 321 328 312 299 286 302 325 457 774 837 857 1035 1527 1957 1483 828 504 245 139 138 110 126 121 125 155 148 173 261 623 917 843 888 716 444 341 254 217 183 145 175 156 128 130 138 157 141 144 108 105 119 111 136 120 143 126 144 107 121 113 120 110 116 123 105 107 112 87 100 85 100 90 92 94 85 85 91 97 83 82 75 77 96 81 70 62 74 48 66 60 68 76 57 63 50 51 45 41 44 28 31 34 14 17 26 18 8 6 13 9 9 9 8 8 7 2 3 3 7 5 4 5 7 4 6 10 4 8 2 5 6 6 2 4 2 3 5 3 2 3 2 4 2 1 3 3 8 1 5 1 2 1 1 5 1 4 0 4 3 0 0 0 1 2 1 3 0 0 0 1 0 0 1 1 0 1 0 1 3 2 1 2 2 3 2 4 2 0 3 


10 31 63 169 337 584 939 1359 1550 1512 1224 870 534 347 249 169 106 97 94 103 109 76 82 85 78 64 70 64 80 103 97 85 92 110 97 97 119 131 111 118 137 139 170 129 141 129 114 99 107 105 82 78 65 69 61 56 50 45 54 58 37 44 45 34 41 36 43 46 56 53 54 49 39 44 47 58 58 49 44 58 63 54 53 61 62 76 90 103 132 158 217 262 296 336 422 560 745 892 1185 1453 1864 2297 2853 3336 3755 4498 4957 5758 6445 6998 7433 8333 9212 9969 10636 11657 12520 13073 13174 13532 13201 13452 13723 14442 14726 14970 15102 15398 15363 15935 15971 15927 16857 17464 17676 17824 18325 17925 17955 17725 17613 17216 16850 14769 13737 13042 12113 10961 9941 9057 8397 7493 7028 6815 6354 6076 6067 6383 6303 6216 6069 6078 5943 6100 5641 5523 5331 5311 5175 5160 5049 4988 4940 4910 4690 4594 4480 4297 4159 3883 3721 3744 3876 4020 4017 4313 4484 4289 4023 3698 3370 3360 3348 3230 3216 3125 3064 3177 3100 3058 2826 2948 3144 2968 3267 3528 3916 3553 2875 2384 2268 2339 2342 2334 2404 2435 2548 2517 2485 2475 2460 2437 2339 2106 1974 1760 1557 1222 1119 906 807 624 528 413 352 277 219 154 139 111 90 51 56 32 35 24 18 8 21 10 7 7 3 3 5 1 
11 57 140 281 462 889 1289 1574 1548 1267 973 642 411 237 183 130 117 98 121 86 79 92 85 70 70 87 96 89 73 65 86 95 87 121 126 126 132 155 134 167 153 143 112 108 113 84 81 55 69 48 64 49 51 50 43 46 49 35 39 44 40 40 44 51 56 38 52 40 46 49 53 35 32 37 34 41 42 27 28 24 34 27 32 30 32 36 31 28 35 33 44 45 49 39 34 43 39 42 36 36 36 33 54 53 42 45 51 49 44 46 57 60 58 52 84 111 94 109 107 136 143 191 230 288 382 565 651 876 1082 1336 1536 1878 2166 2586 3069 3384 4003 4625 5412 6174 7210 7999 8913 9780 10907 11582 12359 13152 14186 14942 15696 16081 16630 17581 18369 18846 18297 18289 18244 18563 20122 21800 22626 24220 25180 25221 24022 22689 21072 20601 18425 16733 15659 14350 13162 12374 11886 11349 10998 10830 10834 10546 10634 10027 9641 8690 8340 7782 7575 7199 7184 7074 6839 6712 6863 6509 6244 5472 5135 4690 4520 4472 4262 4196 4471 4640 4803 4862 4741 4644 4437 3828 3267 3039 2967 2924 2774 2597 2325 2172 1773 1607 1356 1129 981 783 626 525 422 325 275 179 151 132 106 72 58 35 26 27 15 9 9 10 3 2 0 2 1 1 0 0 0 0 0 0 
2 29 71 158 293 602 864 1295 1585 1503 1388 963 646 363 254 184 132 124 134 108 102 118 128 117 133 129 115 156 162 168 158 127 147 121 118 119 113 84 97 91 85 53 61 62 55 52 35 58 65 45 49 50 50 50 62 47 37 37 36 48 35 34 31 33 28 30 26 33 32 25 36 28 33 24 27 21 20 30 33 28 30 28 20 27 17 16 28 21 18 24 27 27 22 20 20 25 22 14 24 26 20 20 34 27 30 21 30 32 23 36 26 31 30 23 21 31 35 21 44 35 32 22 27 20 40 30 29 24 35 40 35 38 30 34 29 37 37 40 51 32 38 45 61 49 46 73 48 75 85 89 83 93 126 133 150 156 192 261 314 494 625 772 1014 1240 1518 1958 2213 2850 3354 4115 4693 5339 6018 6414 7055 7774 8397 9101 10021 11472 13152 15185 17331 19435 21105 22048 23240 23753 24930 26480 30289 34479 37756 38920 39543 35623 32077 29873 29331 27512 25981 23042 21636 20038 18900 17533 16615 15706 14507 13665 12471 11058 10174 9752 9493 8664 6558 5275 4192 3745 3422 3087 2670 2395 1977 1745 1461 1202 978 867 679 523 420 342 269 199 141 136 71 66 40 35 21 17 18 6 5 4 3 1 1 0 0 0 0 0 


