0
4 2 3 1 3 3 5 2 0 5 5 2 8 4 4 4 3 6 5 7 6 10 7 3 8 6 8 4 12 9 17 13 11 16 9 12 11 16 17 14 23 15 18 25 25 26 24 31 25 22 21 29 22 27 23 30 26 20 28 25 17 21 20 23 18 23 13 13 19 12 19 15 13 8 9 16 14 26 11 10 16 16 12 12 17 12 13 23 15 10 22 15 10 12 10 14 19 22 21 31 26 24 15 22 14 17 21 9 27 24 24 22 21 26 18 16 21 23 19 17 23 20 28 24 34 34 41 28 42 42 43 48 53 46 64 48 67 72 71 77 89 100 117 124 156 205 253 277 297 344 415 468 577 647 725 802 742 598 496 402 309 220 188 150 109 107 97 84 85 87 96 89 88 120 107 132 121 122 96 92 79 79 70 78 66 83 69 96 126 133 156 169 233 321 411 516 515 520 605 671 852 1358 2177 2802 3194 3288 2758 1617 716 359 233 180 159 140 122 107 118 156 219 237 193 137 127 99 73 60 32 34 23 20 18 18 7 10 7 7 4 2 4 5 4 2 3 2 1 0 3 0 1 0 2 1 3 0 0 0 
1 2 4 1 3 0 0 2 1 0 2 2 5 4 0 2 3 4 1 1 2 1 1 5 1 11 8 7 2 5 9 7 7 3 7 10 10 9 9 10 11 5 14 12 13 10 12 15 18 17 16 18 21 17 18 17 35 20 22 26 18 24 23 26 22 30 25 32 27 20 18 28 32 16 12 28 15 16 16 17 14 14 11 12 12 9 11 15 5 7 11 19 17 16 18 15 13 11 15 14 16 26 11 13 14 23 8 10 16 21 16 15 21 15 27 28 15 14 19 30 18 18 23 27 25 22 19 15 23 27 29 23 22 23 22 26 38 32 22 35 39 42 56 62 57 54 78 81 78 86 104 91 109 107 155 163 190 275 281 364 390 477 560 584 676 663 661 634 613 593 501 344 264 156 130 121 72 90 101 103 109 155 155 121 161 124 111 91 84 87 95 117 124 160 154 214 348 428 467 460 440 529 732 910 1365 2328 3133 3526 3421 2550 1309 542 304 256 182 167 130 122 118 120 158 211 254 194 139 135 97 78 60 35 33 22 22 18 20 6 14 5 5 4 2 4 4 5 2 3 2 1 1 1 0 1 2 2 2 0 
0 0 1 0 0 0 2 1 0 3 1 1 2 1 0 0 0 1 2 1 0 1 2 2 2 3 4 0 1 1 3 1 2 1 1 1 6 3 8 2 8 7 5 8 12 6 6 6 8 7 5 9 7 14 7 10 8 14 9 10 14 11 20 19 22 12 20 12 17 23 34 23 27 21 19 29 26 18 24 19 22 27 26 27 22 24 14 19 29 15 22 24 17 10 17 5 17 7 14 10 16 12 11 11 13 13 12 10 19 14 15 16 25 15 12 13 9 17 13 16 14 17 15 17 15 23 16 20 30 11 23 20 25 26 14 21 23 28 25 28 38 22 24 31 21 20 33 32 33 22 37 34 50 35 40 65 67 82 81 93 96 92 95 128 138 157 174 248 280 347 422 520 595 665 674 592 606 484 498 444 425 425 428 343 251 139 126 104 108 108 131 147 164 167 161 171 179 140 133 138 151 188 182 244 432 624 741 1003 1314 1973 2615 3179 3470 3129 1973 1083 542 338 304 216 162 153 165 145 156 231 242 203 147 145 111 84 66 39 35 29 22 19 20 9 13 8 7 4 1 3 4 6 1 3 3 2 2 1 3 1 


0 0 0 0 0 1 3 3 0 2 2 5 6 6 7 11 13 16 15 16 19 23 19 28 25 22 34 32 34 35 46 44 50 34 58 61 52 53 54 70 80 71 100 107 131 145 156 183 171 208 185 202 194 176 178 154 162 147 109 96 100 82 86 74 60 49 59 58 60 49 45 47 53 52 48 59 59 62 68 66 61 85 87 82 83 98 98 97 120 118 119 102 115 124 120 116 132 149 128 135 130 150 141 165 128 139 153 146 166 179 168 168 167 173 174 167 184 160 187 167 192 189 208 192 183 195 189 204 178 167 195 175 184 196 195 184 168 179 184 199 199 184 196 217 217 198 231 245 259 295 319 345 333 373 336 371 424 387 374 375 325 288 237 216 253 200 198 171 167 138 178 164 171 178 155 174 173 195 189 196 181 180 211 229 285 355 559 891 1401 1918 2240 2514 2650 2684 2954 3288 3506 3809 4421 5893 7294 8891 10594 12625 16875 22944 30994 39967 50332 62268 73567 80037 80852 79303 73573 66823 55605 43254 30181 21270 12534 6587 3496 1946 1203 844 577 407 305 197 142 121 95 63 57 38 34 23 18 12 13 11 11 8 5 1 3 5 4 2 2 1 0 0 0 0 
0 0 0 0 1 1 2 4 2 3 8 10 9 15 10 19 15 16 20 22 21 20 14 18 26 19 42 40 32 37 30 40 54 50 57 66 61 86 74 88 96 122 139 178 182 196 217 186 220 205 176 170 161 139 119 110 94 84 54 59 53 46 39 45 53 30 41 28 42 32 40 38 44 33 41 39 41 51 59 60 59 61 56 55 84 66 95 85 95 88 99 102 109 100 113 123 112 127 122 125 140 126 133 151 144 133 133 144 136 153 170 162 148 156 179 167 193 177 149 185 175 176 197 194 185 179 194 193 183 206 186 180 177 195 185 166 180 192 201 175 178 174 186 173 181 154 156 161 171 180 173 176 169 173 192 186 216 214 255 233 256 289 315 355 296 325 385 355 424 509 477 456 300 216 202 174 181 190 186 263 424 676 1094 1663 1890 2090 2101 2043 2172 2345 2647 2751 3019 3424 4158 4836 5451 6293 6878 8025 9907 11878 15568 19935 25039 29664 30226 30256 29423 29332 31563 33197 38035 46158 55780 65631 71061 71874 64187 55058 41852 28993 17039 8604 4455 2409 1571 1165 802 611 420 325 211 149 132 100 82 51 40 34 22 25 19 9 16 6 11 7 2 1 6 3 3 3 0 1 
0 0 0 0 0 0 1 4 1 2 4 5 4 10 7 16 11 14 13 10 16 28 13 23 21 20 19 25 35 33 23 42 33 37 38 66 47 68 62 72 65 85 105 111 137 173 180 191 196 204 203 181 185 172 146 155 114 119 85 63 65 72 66 40 45 36 31 32 25 23 30 22 21 31 32 25 42 25 32 34 36 41 41 43 40 33 48 58 45 68 56 76 73 63 80 82 82 87 72 92 101 113 102 110 115 116 114 112 133 135 129 156 119 160 137 158 140 123 144 157 162 155 157 168 165 183 176 171 166 169 197 194 172 184 185 186 221 159 184 216 195 185 177 204 194 177 180 173 180 172 185 166 179 180 160 155 166 173 171 178 170 177 182 186 201 216 223 242 251 260 273 303 335 363 374 377 388 349 380 378 436 590 758 1074 1368 1742 2007 2013 2138 2207 2420 2686 2771 2826 3267 3974 4727 5339 6001 6319 7561 9274 11085 14477 18835 24464 29288 31390 30581 29437 28129 28673 28156 29231 31701 38483 48212 60553 71513 79749 75834 61538 43028 24198 12396 6277 3313 2067 1417 1009 721 529 378 264 196 161 115 92 63 47 35 30 25 26 10 20 6 11 7 4 2 9 4 3 3 1 


