0
0 0 0 0 0 0 0 0 0 0 0 0 0 0 0 0 0 0 0 0 0 0 0 0 0 0 0 0 0 0 0 0 0 0 0 0 0 0 0 0 0 0 0 1 0 0 1 1 0 2 2 2 1 4 6 6 8 14 8 14 15 11 18 15 20 14 18 16 16 20 21 10 14 12 28 27 17 26 18 24 28 33 28 47 31 37 43 27 40 29 40 30 36 44 45 62 60 46 24 32 18 19 16 7 14 8 9 10 11 9 10 10 6 9 8 11 9 13 12 3 12 8 6 7 13 5 9 12 7 4 6 7 15 15 14 15 20 17 11 12 17 18 27 37 37 45 63 72 98 124 122 146 138 162 167 141 145 134 145 161 164 148 156 163 187 216 243 217 196 214 243 244 301 323 343 354 441 426 444 443 438 384 346 427 371 356 351 349 358 367 408 493 535 568 519 510 545 499 363 299 338 313 320 325 353 374 371 378 334 382 380 349 377 363 364 364 361 389 316 338 350 419 508 516 476 478 399 364 317 277 254 183 237 259 306 391 484 551 552 598 624 621 481 392 492 246 195 305 542 1050 1832 2359 1849 1161 498 286 
0 0 0 0 0 0 0 0 0 0 0 0 0 0 0 0 0 0 0 0 0 0 0 0 0 0 0 0 0 0 0 0 0 0 0 0 0 0 0 0 0 0 0 0 0 0 0 0 0 0 0 0 0 0 0 0 0 0 0 0 1 0 0 1 1 0 1 1 1 4 2 3 5 3 5 6 11 7 6 12 16 9 7 11 11 8 16 13 15 15 16 16 14 13 18 19 15 9 14 9 16 23 9 25 16 7 19 29 32 45 39 31 34 39 23 23 19 38 37 33 36 38 32 53 39 37 40 37 35 32 30 23 23 14 15 16 13 9 17 21 24 30 46 51 53 51 98 130 133 80 62 76 97 147 179 165 143 160 176 217 217 262 255 286 306 344 302 370 344 393 425 432 445 460 500 526 539 501 526 512 405 498 378 419 427 371 345 339 404 402 475 456 481 424 435 424 431 364 267 321 326 287 335 309 340 454 465 432 377 416 397 322 357 354 382 461 469 549 577 528 452 361 331 312 287 300 344 422 544 663 744 593 639 726 731 392 389 756 1803 2596 2172 1235 452 178 125 108 65 34 24 19 14 2 0 1 0 0 
0 0 0 0 0 0 0 0 0 0 0 0 0 0 0 0 0 0 0 0 0 0 0 0 0 0 0 0 0 0 0 0 0 0 0 0 0 0 0 0 0 0 0 0 0 0 0 0 0 0 0 0 0 0 0 0 0 0 0 0 0 0 0 0 0 0 0 0 0 0 0 0 0 0 0 0 0 0 0 0 0 0 0 0 0 0 0 0 0 0 0 0 0 0 0 0 0 0 0 0 0 0 0 0 0 0 0 0 0 1 0 2 3 3 6 5 7 4 12 19 19 30 43 56 49 77 87 111 52 54 61 59 67 66 108 140 112 68 78 71 102 79 111 77 101 87 65 57 59 62 55 51 42 45 36 38 57 56 82 60 71 62 57 59 57 75 60 93 112 112 134 150 138 151 147 126 162 186 225 242 273 317 389 425 420 430 427 447 575 508 621 671 687 738 701 709 746 754 722 711 692 671 675 659 628 658 624 623 687 624 557 583 537 510 512 601 780 757 657 597 475 549 731 890 1268 1904 2819 3250 2222 1210 441 212 145 91 57 32 26 16 14 15 10 11 4 1 2 1 0 0 1 0 0 0 0 0 0 0 


303 426 806 1912 3914 6281 7519 8281 8215 7697 6500 5522 4806 4087 3600 3129 2830 2705 2644 2570 2614 2659 2691 2792 2964 2801 2816 2494 2246 1978 1838 1616 1429 1298 1165 1210 1112 1069 1062 973 1004 950 952 926 925 920 939 907 943 972 981 1050 1049 1171 1341 1417 1601 1682 1707 1713 1656 1532 1352 1315 1090 1118 1080 1090 1117 1232 1197 1291 1288 1204 1121 990 938 753 689 597 579 523 501 506 505 468 510 501 502 554 603 616 724 847 985 1320 1749 2164 2458 2903 3675 4673 5796 6607 7321 8220 8037 7920 8037 8383 9034 9729 10186 10650 10397 10224 9909 9799 9574 10161 10647 12240 13452 14029 14343 14780 14236 13212 12339 11348 10797 10608 10759 10529 10370 9832 9571 8904 8437 7512 7160 6663 6431 6211 6479 6005 5726 5754 5919 5745 6039 5932 5979 5934 5703 5474 5431 5332 5165 5141 5142 5260 5026 4926 4809 4651 4554 4447 4588 4897 4926 5145 5231 4985 5275 5337 5793 5849 5569 5207 4959 4604 4653 4359 4284 4246 4021 3978 3985 3991 3995 3892 3908 3880 3908 3946 3835 3736 3752 3567 3543 3509 3340 3566 3770 3769 4030 3758 3486 3120 2900 2639 2417 2413 2319 2529 2497 2664 2301 1858 1333 994 829 748 589 533 452 384 328 294 251 212 174 170 140 92 85 69 64 74 67 58 43 49 39 45 45 32 37 22 35 35 41 47 55 88 
399 1726 3776 6255 7743 7917 7796 7459 6588 5741 5128 4521 4283 3925 3927 3903 4062 4011 3638 3445 3076 2799 2577 2176 1911 1754 1558 1414 1245 1156 1135 1044 1020 1041 1065 1015 915 922 848 834 935 920 1000 1051 1163 1334 1417 1535 1723 1618 1677 1568 1522 1382 1304 1266 1291 1264 1405 1475 1506 1461 1462 1285 1013 948 780 724 654 635 602 529 558 498 471 449 447 430 451 421 421 403 442 458 469 460 492 539 522 513 497 488 511 477 457 493 542 548 575 611 632 645 664 656 676 689 670 685 714 735 645 687 707 640 673 680 688 758 725 813 765 780 844 848 869 945 1091 1259 1310 1468 1599 1968 2429 2960 3547 4143 5199 6112 7291 7919 8748 9520 10072 10042 10869 11294 12221 12733 13169 12862 12782 12617 12462 12467 12631 13278 14833 16581 17720 18547 18544 18615 18562 18423 17253 15738 14060 12855 12011 11424 10393 9708 8826 8152 7389 6933 6529 6335 6275 6420 6717 6955 7095 7028 7093 6987 6623 6684 7257 7355 7875 8122 7933 6806 6340 5696 5464 5290 5216 4928 4812 4679 4594 4459 4446 4820 4649 4638 4375 4209 3769 3451 3230 3154 3186 3270 3084 3007 2776 2679 2220 1744 1230 777 501 356 272 238 238 187 121 132 105 93 71 69 46 42 40 42 37 35 24 24 26 24 28 23 13 16 14 8 6 17 28 30 
835 1912 3695 6198 7639 8365 8648 8282 7773 7105 6628 6126 5785 5286 4859 4295 3943 3477 2904 2455 2074 1837 1616 1427 1293 1258 1186 1139 1102 1174 1192 1168 1249 1311 1349 1540 1568 1788 1974 1992 2144 2006 1871 1778 1818 1851 1898 1783 1704 1464 1256 1024 1020 957 891 874 869 765 802 710 704 697 736 661 637 648 592 657 614 711 853 1089 895 719 602 601 607 606 553 571 579 529 572 564 601 634 620 652 649 743 742 753 730 738 733 650 637 658 585 635 634 630 664 746 715 693 768 803 841 858 806 905 921 898 988 1004 1060 1113 1166 1209 1227 1262 1291 1410 1530 1509 1473 1511 1481 1570 1467 1454 1433 1437 1440 1450 1480 1419 1371 1295 1343 1325 1218 1275 1353 1240 1177 1160 1131 1167 1130 1130 1014 982 995 929 1034 1022 1026 949 823 771 789 759 757 741 792 788 756 692 586 594 624 719 968 1359 1946 2840 3764 4937 6508 8269 10024 11210 12120 13174 14170 13795 13289 12926 14539 16712 19530 21936 24977 26776 27786 27767 27007 25671 24367 21153 19371 17295 15852 15159 15089 14822 14409 15127 15547 14859 13028 11088 9451 9296 9085 8740 7813 7282 6592 6085 5600 5097 4206 3885 3389 2811 2136 1268 726 375 237 177 139 95 74 47 52 37 32 30 27 19 17 11 5 6 11 8 6 13 4 6 10 11 


