0
0 0 0 0 0 0 0 0 0 0 0 0 0 0 0 0 0 0 1 0 0 0 0 1 0 1 1 0 0 1 0 2 1 0 1 2 1 2 2 7 2 1 7 5 6 8 3 2 3 3 4 6 5 7 2 9 5 5 6 4 1 3 2 4 1 4 6 6 6 3 3 7 9 4 4 5 4 10 1 6 7 9 7 9 10 5 3 8 9 12 12 8 12 16 11 15 12 15 19 18 12 15 15 13 15 20 12 16 28 28 20 20 23 26 25 25 25 37 26 21 28 23 34 38 22 41 29 42 39 42 51 40 40 39 47 55 48 41 37 50 53 48 58 53 53 50 45 42 57 62 48 57 54 56 62 72 50 56 73 74 54 54 47 39 35 35 34 39 44 35 42 53 47 57 58 63 55 76 74 73 73 80 88 97 136 257 425 597 840 874 730 575 564 502 467 413 350 332 271 217 192 150 134 135 91 132 138 136 166 216 400 558 673 662 564 431 358 303 268 266 263 271 229 199 164 127 123 84 59 42 33 31 28 27 18 20 19 16 16 9 12 10 7 8 0 4 2 3 1 1 2 2 0 1 1 0 
0 0 0 0 0 0 0 0 0 0 0 0 0 0 0 0 0 0 0 0 0 0 0 0 0 0 1 0 0 0 0 0 0 2 1 1 0 0 5 3 3 4 4 8 6 6 3 5 9 8 2 6 11 8 9 6 8 6 5 10 7 12 8 9 12 10 11 9 13 14 16 9 14 19 19 28 27 31 28 47 46 54 81 132 278 677 1223 1493 1215 693 373 224 184 156 137 162 143 161 159 168 177 200 203 202 201 195 178 189 169 172 192 252 304 549 686 682 610 463 379 303 281 253 195 210 199 211 165 129 112 113 90 81 67 65 54 68 57 57 40 57 59 54 57 46 68 33 40 51 33 41 45 56 40 53 42 51 44 39 35 24 26 27 27 24 32 22 27 16 28 28 18 24 21 17 9 20 5 11 13 14 11 8 7 9 10 4 3 14 3 7 10 11 9 12 6 11 6 14 9 6 12 11 11 12 16 22 15 25 25 27 23 37 35 35 47 33 42 49 47 36 32 36 18 13 19 12 7 13 19 14 10 9 12 10 10 12 11 18 12 13 14 8 3 7 10 8 1 3 1 1 0 1 1 0 0 0 
171 167 272 301 363 422 450 385 385 468 484 694 873 863 625 319 222 223 194 215 274 304 287 391 490 548 615 535 422 370 324 266 242 206 181 145 129 107 105 84 72 73 60 55 57 51 46 33 35 28 40 25 29 25 26 15 20 20 19 15 9 9 18 13 19 18 10 10 11 14 16 8 12 13 23 16 11 15 21 20 24 14 21 23 20 17 21 18 20 32 27 20 33 19 36 45 46 34 32 43 45 26 34 38 30 26 39 29 30 33 38 29 30 30 34 30 30 29 23 36 36 28 30 33 32 34 31 47 34 53 40 33 30 56 38 46 47 46 59 37 46 31 41 40 26 36 34 30 41 45 34 44 54 44 39 49 39 34 29 26 23 28 29 22 29 20 23 20 22 25 18 19 15 9 23 13 11 13 3 13 13 11 10 5 10 7 10 9 13 9 10 11 15 7 10 6 15 6 14 11 17 13 21 11 10 20 26 28 23 27 28 35 48 36 36 34 50 52 44 37 31 36 5 19 11 13 7 11 12 9 10 12 13 17 8 10 5 18 17 16 8 12 15 8 4 5 6 7 8 5 4 1 7 6 9 12 


278 238 290 441 696 1023 1336 1571 1595 1673 1585 1605 1617 1748 1799 1865 1700 1856 1737 1751 1797 1874 2001 1916 2028 2159 2105 2252 2111 2101 2069 2091 2114 2070 2078 2215 2140 2263 2362 2301 2507 2687 2799 2824 2761 2616 2639 2735 2838 2886 3053 3305 3595 3766 3925 4124 4286 4156 4161 4074 4240 4490 4717 5068 5197 4905 4986 4988 4923 4594 4400 4053 3692 3538 3449 3250 3123 3088 2889 2930 2859 2973 3010 3141 2895 2678 2541 2202 1957 1718 1738 1569 1570 1600 1488 1497 1501 1469 1524 1485 1514 1563 1498 1487 1445 1493 1452 1398 1447 1441 1363 1387 1444 1276 1300 1291 1298 1244 1281 1209 1222 1261 1312 1390 1437 1695 1684 1823 1798 1765 1623 1477 1525 1437 1531 1568 1647 1732 1628 1631 1562 1509 1570 1553 1552 1567 1731 1853 2130 2333 2558 2607 2709 2573 2405 2169 1906 1785 1620 1533 1466 1368 1350 1335 1384 1330 1317 1295 1318 1438 1497 1595 1451 1425 1326 1304 1230 1286 1205 1241 1277 1248 1341 1347 1329 1351 1275 1347 1296 1417 1595 2286 4004 7481 11434 14234 15855 17464 19139 21097 22412 24171 29689 34951 34467 31808 30448 30146 32639 36306 38485 39223 30046 16907 8058 4627 2738 1702 974 756 673 649 620 634 640 783 912 865 759 614 664 981 1533 1556 919 576 427 353 283 297 300 259 222 209 210 214 218 177 181 181 187 207 188 239 380 534 
204 244 297 392 568 680 865 1011 1154 1342 1455 1508 1576 1557 1646 1535 1488 1455 1323 1245 1308 1281 1316 1384 1408 1423 1449 1518 1548 1608 1727 1698 1662 1705 1670 1642 1717 1601 1635 1602 1703 1730 1834 1852 2104 2203 2363 2613 2618 2958 2955 2793 2856 2877 2928 3013 3319 3628 3912 4141 4244 4330 4220 4263 4253 4340 4354 4407 4601 4817 4792 5029 5218 5035 4362 3823 3470 3200 3147 3062 3088 3152 3099 3107 3024 3118 3207 3119 2922 2574 2213 2019 1752 1696 1578 1556 1477 1482 1443 1429 1420 1431 1497 1394 1454 1472 1414 1425 1422 1433 1471 1442 1461 1522 1477 1582 1526 1575 1561 1572 1574 1510 1480 1532 1551 1557 1430 1526 1424 1382 1430 1426 1308 1341 1398 1329 1333 1327 1348 1326 1342 1353 1291 1357 1313 1303 1325 1342 1440 1538 1675 1727 1880 2000 2255 2259 2235 2145 1994 1841 1694 1706 1780 1744 1682 1638 1600 1622 1641 1759 1781 2129 2196 2490 2707 2865 2830 2881 2515 2235 2062 1884 1816 1828 1700 1715 1711 1784 1724 1797 1846 1787 1780 1790 1970 2628 4552 8214 12952 16517 18611 19160 20170 21452 25605 35657 45224 44377 36746 32599 36427 41510 43790 41772 28936 14534 5638 2284 1269 920 827 777 778 677 741 854 951 967 855 1158 1720 1697 971 582 503 413 409 366 340 298 290 254 232 234 215 205 174 181 188 186 170 185 195 274 462 411 
126 175 203 261 402 462 611 665 757 815 924 960 1133 1370 1432 1581 1553 1423 1323 1253 1145 1135 1131 1029 1076 1060 1083 1035 1106 1141 1164 1196 1190 1288 1374 1459 1455 1445 1555 1453 1461 1433 1435 1452 1516 1541 1533 1643 1739 1894 2007 2184 2403 2600 2721 2758 2790 2858 2805 3048 3340 3666 4059 4511 4732 4694 4765 4571 4679 4817 4792 5019 4879 4807 4820 4763 4779 4209 3843 3524 3216 3110 3141 3137 3063 3169 3193 3213 3175 3038 2652 2420 2104 1792 1638 1546 1412 1351 1321 1302 1250 1266 1334 1290 1293 1336 1282 1323 1331 1319 1342 1307 1348 1307 1365 1368 1402 1412 1418 1417 1451 1459 1464 1465 1456 1537 1537 1516 1555 1480 1504 1473 1529 1450 1479 1476 1426 1517 1470 1397 1478 1521 1486 1467 1540 1589 1606 1533 1511 1502 1570 1610 1605 1682 1818 2112 2338 2538 2420 2405 2256 2276 2245 2036 1998 1946 2038 2049 2070 2194 2312 2530 2474 2666 2815 3200 3508 3361 3246 3045 2520 2264 2025 1926 1897 1986 2027 2067 1935 1920 1893 1753 1801 1752 1863 1993 1975 2016 2041 2379 3872 7109 11434 15485 18290 22603 27491 31957 35588 42510 49411 51995 51331 54837 55718 42031 21222 7821 2553 1191 918 902 829 887 857 933 1158 1147 1354 1881 1787 1117 732 557 573 530 440 412 412 355 369 288 254 282 230 232 196 220 184 198 196 234 224 297 458 436 


