0
117 169 281 376 382 360 266 217 184 170 179 207 185 211 208 200 179 201 179 175 156 140 132 129 129 91 127 99 119 134 129 150 107 137 123 112 115 102 97 75 80 62 84 59 64 65 65 61 62 59 67 45 47 28 33 27 36 38 36 33 29 37 34 55 31 44 46 31 38 37 31 29 34 33 36 34 32 35 40 44 46 55 54 47 58 41 37 36 47 49 47 45 46 47 35 51 55 48 53 69 77 66 71 68 81 98 87 87 89 100 100 90 107 88 92 94 80 86 86 90 94 102 129 132 164 165 184 167 161 138 124 110 113 115 127 136 149 151 113 107 107 106 87 96 70 86 69 83 74 94 93 88 111 112 104 86 75 82 77 49 58 79 50 44 62 56 57 61 67 76 91 80 84 59 46 43 37 53 36 32 38 38 36 19 21 35 23 30 27 29 26 26 32 30 18 31 23 18 25 27 28 22 16 15 24 22 17 22 26 17 14 17 10 14 12 19 16 5 19 13 9 11 16 7 11 11 15 13 10 13 17 14 26 22 23 27 19 15 17 13 20 12 14 19 21 17 11 20 18 15 6 8 7 4 6 6 
48 57 80 133 236 304 218 182 121 103 81 102 101 92 129 162 191 209 206 184 200 184 207 160 200 200 196 222 192 236 183 214 241 227 187 177 207 170 153 155 175 157 166 147 152 141 114 118 88 98 103 95 90 95 77 79 87 92 88 71 61 73 73 56 51 68 63 40 46 40 40 38 43 52 43 38 35 42 34 37 34 38 36 36 44 33 29 31 32 34 31 30 45 25 33 22 33 34 33 33 38 34 27 38 36 46 36 39 39 31 39 45 44 50 49 40 36 41 46 43 50 44 42 59 41 39 50 50 39 42 61 39 49 52 51 51 56 60 56 57 64 57 57 53 76 61 64 63 83 73 76 84 81 95 105 109 153 177 141 138 112 108 117 115 114 116 113 106 105 130 95 106 84 85 65 57 61 49 78 79 70 84 96 111 110 94 83 80 45 59 64 54 68 53 43 60 59 79 73 63 46 33 28 16 15 12 14 7 8 16 13 9 16 13 17 10 21 18 20 20 21 25 18 27 19 16 21 14 16 18 15 19 8 14 13 12 9 14 5 2 4 4 5 2 2 2 3 1 1 0 0 2 2 1 0 0 
11 23 30 25 26 24 24 39 27 45 57 73 171 269 251 219 138 118 90 96 94 86 89 78 81 96 105 105 116 129 131 149 168 149 137 150 125 118 122 106 103 92 91 102 88 68 86 104 89 79 79 79 69 82 67 80 60 58 57 79 64 52 72 65 48 68 60 57 71 82 62 66 75 73 63 83 87 73 67 73 67 83 96 83 104 107 101 95 99 104 92 93 102 74 92 82 83 93 72 76 80 70 60 60 80 51 60 60 58 74 39 44 44 57 51 49 45 49 37 48 42 41 38 38 44 46 38 37 42 38 33 36 44 44 39 36 24 32 39 32 31 33 36 29 43 34 41 25 36 29 44 39 46 51 34 53 44 43 57 37 41 48 32 49 36 53 44 41 52 44 49 45 34 40 47 49 40 41 53 55 69 69 68 59 89 90 61 70 90 98 113 118 124 145 157 216 214 216 214 210 192 187 180 192 168 145 165 117 116 109 90 91 70 98 117 110 125 132 127 89 83 83 77 86 97 89 55 45 22 24 18 14 17 11 12 11 7 3 8 8 4 7 6 3 3 2 5 3 1 2 1 2 1 2 3 4 


400 440 414 376 368 384 471 610 754 983 1227 1423 1548 1530 1418 1265 1043 844 740 675 636 655 699 658 655 663 674 603 608 629 634 666 629 588 558 519 503 495 460 505 424 476 451 452 462 477 478 511 504 477 518 523 486 484 509 504 479 509 501 478 512 517 455 465 433 428 413 406 358 319 312 277 268 275 263 258 267 293 269 257 272 300 291 315 268 284 308 302 304 325 302 346 365 372 375 367 384 374 424 415 412 410 433 393 449 477 482 473 496 537 574 565 624 604 580 619 631 655 736 843 952 1103 1235 1392 1763 1950 2183 2490 2731 2985 3425 3936 4335 5324 6394 7578 8316 8294 8145 7864 7747 7860 8040 8349 9098 8613 7946 7344 7008 6616 6450 6390 6519 6821 7097 7341 7742 8178 8421 9200 9664 10256 10567 11192 11602 11885 12394 13202 14079 15064 15337 15918 16330 16925 16484 16180 15344 14269 13626 13326 12952 12717 12193 11752 11440 10935 10440 9870 9793 8836 8746 8808 8631 8368 8124 7757 7479 7313 6865 6640 6357 6227 6083 6048 6224 6392 6278 6486 6173 6004 5955 5823 5755 6096 6400 6926 7070 7191 6916 6640 6438 6444 6713 6876 6612 6907 6651 6711 6489 6073 5308 4609 3906 3440 2802 2136 1348 874 459 297 229 148 141 103 119 101 100 107 85 66 71 66 59 67 71 121 
87 161 140 158 193 263 383 577 791 942 1057 1104 1038 797 641 489 371 378 349 443 454 474 491 490 468 520 419 408 375 369 360 365 352 390 341 336 317 334 331 339 295 320 326 307 300 261 285 263 250 271 251 253 261 234 257 268 247 282 260 245 286 278 281 287 339 275 315 296 296 307 307 289 293 277 267 290 286 277 262 270 262 279 304 294 317 324 360 317 378 319 394 358 382 386 375 364 405 407 368 415 375 420 446 412 446 435 482 509 510 538 525 539 544 527 554 593 605 618 613 584 659 659 706 750 748 779 829 771 779 816 812 752 800 815 805 878 864 866 884 940 917 916 973 1005 1082 1142 1194 1264 1437 1485 1612 1667 1783 1920 2146 2472 2719 3024 3157 3299 3586 4101 4745 5597 6429 7412 8213 8985 9211 9945 10261 10310 10339 9956 9418 9268 9389 9637 10281 10422 10941 11731 12259 12082 11777 11487 11449 11673 12723 14044 15851 17789 19776 21640 24283 24420 24019 23815 23115 22085 22354 21172 20248 19247 18803 19839 18685 16302 14139 12894 11870 11048 10305 9674 9695 9592 9824 9518 8967 8781 8679 9107 9437 9741 10049 9944 9619 8535 7283 5389 3547 1981 1114 581 385 205 132 95 73 69 44 29 30 22 17 18 14 20 21 10 17 15 9 21 36 26 
321 293 256 248 277 327 473 619 886 974 1107 1223 1074 854 691 495 435 479 448 494 566 544 524 475 489 455 446 449 473 460 444 461 430 414 399 397 368 347 361 336 286 323 276 268 239 270 273 257 270 236 227 254 263 263 244 298 276 307 313 291 323 317 301 307 309 317 278 294 296 315 318 308 320 328 345 310 351 325 319 338 341 293 330 342 325 319 350 340 319 378 355 335 336 337 372 400 398 431 427 484 408 421 421 438 516 584 510 463 479 464 466 461 470 506 483 544 499 517 562 566 596 583 627 679 704 772 845 923 953 992 1044 1191 1183 1255 1250 1385 1498 1530 1542 1679 1632 1741 1765 1774 1878 1910 1842 1992 1974 2002 2000 2031 2027 2001 2006 2024 2029 1973 2023 1924 1904 1868 1828 1782 1791 1637 1569 1454 1493 1463 1343 1353 1311 1308 1274 1291 1290 1384 1343 1326 1336 1324 1286 1198 1215 1123 1083 1010 927 996 1169 1467 1714 2260 2895 3588 4557 5652 6496 7124 8208 9605 10673 11649 12293 13530 14309 14715 14759 14890 15674 17129 19006 22217 25382 29569 34085 36876 38557 41782 41275 40520 41648 43982 42669 38393 32313 26264 21334 17397 14605 10953 7714 4416 2497 1233 661 392 214 134 95 58 43 41 23 15 15 7 11 11 9 4 10 10 9 4 


