0
0 0 0 0 0 0 0 0 0 0 0 0 0 0 0 0 0 0 0 0 0 0 0 0 0 0 0 0 0 0 0 0 0 0 0 0 2 1 1 2 2 1 2 2 1 0 1 2 1 2 2 0 1 4 2 1 3 1 4 4 5 7 0 4 2 3 2 4 2 8 3 4 3 1 1 1 3 2 4 2 3 3 3 2 5 5 2 1 2 4 8 4 5 3 9 6 10 9 8 6 7 7 9 11 4 12 12 11 14 7 15 17 31 34 33 34 32 52 52 50 67 74 64 76 86 89 106 129 123 112 92 74 102 92 125 122 109 100 99 105 109 103 105 111 88 95 100 97 117 99 137 150 137 140 134 110 125 120 117 107 133 142 137 138 136 147 155 181 194 221 238 260 210 210 232 206 230 309 280 261 294 295 246 329 309 338 406 415 423 412 409 376 394 342 325 286 296 306 296 300 276 275 284 284 324 348 329 349 333 337 339 307 322 235 242 214 203 177 148 161 163 172 182 161 164 162 133 123 137 116 96 65 81 66 64 71 61 80 50 56 58 60 80 73 80 101 86 85 115 155 202 147 112 96 126 171 
0 0 0 0 0 0 0 0 0 0 0 0 0 0 0 0 0 0 0 0 0 0 0 0 0 0 0 0 0 0 0 0 0 1 0 1 0 1 2 1 1 0 0 0 1 1 0 1 2 1 1 1 2 2 1 1 1 1 1 0 3 3 3 1 4 3 4 2 2 6 3 4 3 2 2 4 3 5 5 4 1 3 4 4 3 4 9 6 5 3 4 8 7 5 8 7 2 5 12 8 6 9 4 12 3 7 9 8 11 10 10 10 8 9 13 16 7 13 9 10 12 6 16 18 9 23 8 18 15 20 23 16 23 29 23 20 28 29 34 46 37 35 56 50 53 64 79 75 77 96 94 101 114 119 125 131 148 142 175 214 182 191 203 213 212 214 204 183 220 222 225 217 200 229 206 200 237 211 263 298 321 286 308 295 332 283 354 409 445 454 566 645 656 682 647 648 620 582 513 478 468 493 520 508 453 481 428 409 322 285 268 234 222 220 233 247 251 278 172 140 92 110 95 85 89 53 66 68 48 62 70 49 63 51 46 51 46 31 42 32 29 34 41 23 36 31 29 26 24 39 28 28 37 51 100 72 
0 0 0 0 0 0 0 0 0 0 0 0 0 0 0 0 0 0 0 0 0 0 0 0 0 0 0 0 0 0 0 0 0 0 0 0 1 0 0 0 1 0 0 0 0 1 1 1 0 0 1 1 2 1 2 0 0 1 1 2 1 2 3 5 11 10 14 17 25 26 14 15 17 12 17 20 22 17 17 14 11 23 13 16 17 20 22 21 24 27 20 27 22 16 9 12 8 8 9 11 19 9 12 16 10 12 11 15 14 19 18 25 20 19 17 15 17 18 26 20 13 26 21 24 26 17 19 18 22 30 38 24 34 35 29 25 31 27 34 33 42 29 23 34 31 34 48 35 33 35 51 47 45 43 45 48 50 48 63 55 59 84 58 47 39 42 43 42 45 43 34 46 41 45 37 52 54 67 69 74 76 64 70 71 87 96 112 117 125 125 137 168 174 201 205 244 293 302 351 358 389 444 443 443 460 509 554 565 577 668 694 700 757 761 765 768 870 855 705 659 602 539 573 578 469 437 360 268 203 196 141 114 144 98 87 79 73 54 70 62 46 43 36 39 33 49 47 42 28 30 35 31 30 57 98 44 


1024 1007 1102 1207 1320 1769 2165 2600 2857 2786 2598 2303 2202 2069 2079 2029 2058 1870 1806 1814 1767 1721 1531 1454 1311 1256 1251 1406 1418 1427 1501 1414 1548 1637 1736 1807 1822 1954 1924 1813 1721 1426 1300 1196 1183 1203 1248 1413 1453 1576 1750 1938 2219 2359 2428 2251 1880 1419 1279 1127 1158 1179 1164 1125 1195 1155 1120 1096 1051 954 872 868 876 862 816 790 808 775 729 753 720 699 723 745 710 703 696 744 744 788 827 872 947 1043 1024 1053 1121 1102 1030 1060 1055 1007 1003 974 1045 1077 1196 1241 1469 1863 2222 2376 2717 2888 3159 3448 3960 4528 5305 6371 7116 7785 8458 8955 9232 9593 9739 9691 10232 10360 11005 11357 12074 12730 13917 14975 15672 16027 16535 16531 16437 16916 16954 16542 16284 15666 14747 14469 13787 13204 12849 12050 10548 9781 9361 9670 9495 8924 8278 8325 8152 7779 7508 7673 7218 6517 6073 5917 5468 5396 5311 5290 5170 5046 4924 4871 4485 4627 4709 4496 4314 4106 4187 3861 3639 3262 3153 3120 3006 3051 3036 3053 3150 3048 2961 2933 2921 2754 2779 2832 2932 2879 2730 2734 2689 2760 2943 3250 3436 3191 2858 2817 2790 2808 2940 2926 2888 3151 3168 3460 3468 3524 4117 4983 5172 4818 3956 3538 3158 3003 2641 2060 1675 1262 1051 976 976 857 752 660 518 463 481 391 332 311 253 251 233 220 229 338 262 590 420 1165 
390 770 1004 1309 1441 1713 1907 2368 2718 2917 2798 2802 2722 2524 2270 1965 1715 1567 1458 1543 1568 1615 1545 1549 1588 1636 1694 1875 2021 2175 2053 1816 1597 1260 1166 1087 984 971 895 915 906 914 969 945 1066 1155 1345 1510 1565 1748 1926 2130 2197 2252 2525 2657 2544 2492 2173 1962 1811 1735 1697 1760 1688 1734 1589 1539 1479 1456 1356 1346 1326 1239 1139 1097 981 870 889 811 848 758 755 757 746 657 663 667 658 676 624 613 694 627 637 703 710 671 680 762 715 755 786 809 780 777 766 841 797 780 746 719 796 752 661 759 796 825 823 950 976 1085 1119 1132 1116 1082 1142 1154 1156 1203 1150 1162 1180 1344 1333 1465 1372 1424 1427 1521 1683 1694 1945 2039 2280 2481 2707 2810 3059 3223 3239 3512 3743 4248 4708 5647 6433 7449 8568 9489 10475 11570 11913 12479 12277 12185 12288 12503 13241 14676 15448 16387 16913 17378 17619 18346 17901 18144 18670 19642 20738 20990 20600 19013 17588 16528 15153 12855 11874 11439 11797 11511 10909 10511 9962 9624 8979 8181 7587 7163 6746 6286 6474 6617 6589 6895 6872 6348 5918 5624 4989 4531 4101 4081 4407 4740 4561 4627 4024 3791 3396 3128 3013 2928 2853 2906 2760 2733 2675 2431 1748 1211 823 537 362 287 229 190 196 145 160 127 127 112 84 104 107 119 113 85 112 92 150 188 390 1482 
3076 2914 2952 3041 3142 3248 3528 3995 4545 5141 5141 5000 4614 3961 3448 2757 2441 2115 1872 1703 1609 1564 1501 1522 1374 1318 1216 1115 1107 1040 950 896 854 815 795 774 769 796 786 809 846 932 984 1040 1089 1168 1257 1209 1243 1297 1295 1476 1622 1744 1827 1854 1793 1564 1242 1006 747 605 497 413 408 384 378 378 390 396 417 404 396 370 414 404 406 393 371 377 382 391 422 384 375 407 405 363 383 402 483 482 489 434 406 414 376 451 417 476 455 452 460 502 490 503 501 507 525 566 603 608 625 710 655 722 648 691 669 629 671 698 770 831 853 890 906 927 932 916 945 1022 1036 1075 1251 1302 1328 1428 1426 1472 1513 1577 1680 1824 1904 1919 1995 1948 1697 1606 1575 1537 1517 1476 1469 1550 1610 1721 2009 2052 2127 2002 1857 1863 1836 1767 1682 1621 1515 1556 1672 1741 1692 1809 2100 2612 2898 2733 2195 1836 1954 2042 2401 2447 2367 2222 2097 2159 2614 3006 3774 4592 5642 6709 8127 9471 10837 12031 13098 14468 15857 16479 17164 17520 18948 21504 23795 25987 26963 28850 31897 34715 34761 34149 31525 29014 26835 24830 20711 18566 15568 13269 11927 11238 10318 9114 8046 7369 6947 6385 5466 4467 3238 2451 1528 1040 675 518 390 262 202 150 142 111 123 88 109 94 81 88 111 127 138 148 363 1320 


