0
0 0 0 0 0 0 0 0 0 0 0 0 0 0 0 0 0 0 0 0 0 0 0 0 0 0 0 0 0 0 0 0 0 0 0 0 0 0 1 0 1 0 0 0 0 0 2 0 1 0 1 1 1 0 3 3 1 3 2 2 4 1 3 6 1 4 4 0 3 2 3 3 4 7 3 2 1 2 5 5 2 3 3 3 4 4 4 4 3 3 13 10 7 8 7 10 14 13 17 11 21 19 18 35 28 47 29 44 54 78 99 99 110 144 163 185 196 211 228 227 216 189 251 224 206 269 266 296 289 321 291 280 281 273 313 261 253 244 243 248 234 234 258 268 255 260 279 303 284 285 334 284 306 284 319 316 308 324 289 247 256 235 219 201 185 163 138 130 145 159 171 174 177 159 160 198 193 211 239 274 303 320 361 359 334 406 390 359 360 366 345 412 387 372 363 347 328 330 343 305 325 299 308 296 322 311 362 342 349 334 327 339 380 348 331 344 392 417 405 363 345 301 287 312 304 291 285 226 202 212 152 140 112 103 109 89 94 99 103 113 152 148 161 164 260 274 270 208 102 69 69 55 74 73 100 192 
0 0 0 0 0 0 0 0 0 0 0 0 0 0 0 0 0 0 0 0 0 0 0 0 0 0 0 0 1 1 0 0 0 1 2 0 1 1 0 1 0 1 1 0 0 1 0 2 0 2 2 2 4 2 2 1 3 3 3 3 1 4 4 6 5 3 3 3 7 3 6 3 8 5 5 6 7 9 9 7 1 9 8 5 6 9 9 6 3 8 9 8 8 9 7 4 6 8 13 8 8 13 10 4 10 6 14 10 7 13 20 13 20 15 16 17 23 30 38 33 31 27 26 25 24 28 31 30 33 48 51 62 59 70 71 73 81 95 87 118 143 134 168 174 171 221 224 254 299 362 378 378 409 374 398 389 431 414 467 470 476 568 557 505 452 449 426 453 437 462 499 543 600 541 590 626 645 650 687 702 626 599 562 601 584 563 510 531 537 512 486 564 605 585 493 505 476 456 515 413 415 431 407 440 440 473 377 347 291 348 347 289 266 197 191 194 135 139 124 105 113 99 87 77 69 61 70 59 39 39 38 56 43 32 45 49 48 43 32 51 37 37 22 37 24 24 28 22 21 26 25 19 30 42 77 65 
0 0 0 0 0 0 0 0 0 0 0 0 0 0 0 0 0 0 0 0 0 0 0 0 0 0 0 0 0 0 0 0 0 0 1 0 1 1 0 0 0 0 0 0 0 0 0 1 1 0 6 2 5 10 10 14 11 22 21 15 22 18 21 35 31 42 34 37 43 29 40 50 45 43 32 55 43 35 36 32 24 22 38 24 36 37 30 29 27 30 38 37 35 35 33 33 34 29 38 35 36 33 33 41 34 60 53 46 54 48 41 45 51 39 37 24 45 45 40 31 42 45 40 45 43 47 47 60 52 64 51 50 49 63 68 55 67 65 72 69 68 72 58 61 61 57 40 38 43 42 30 28 43 43 55 43 50 64 49 51 64 65 63 57 67 85 73 91 95 98 99 123 136 141 156 194 234 196 234 265 271 293 298 354 401 423 465 510 567 621 729 766 708 786 863 931 906 960 954 926 855 899 851 899 945 1056 1161 1044 1060 994 1031 938 768 671 618 447 387 303 269 211 182 153 132 133 119 100 87 78 79 62 67 48 58 62 36 46 48 39 30 37 24 32 35 26 29 26 29 19 26 33 23 22 24 31 62 43 


52 65 81 158 212 350 463 493 437 336 240 223 253 280 268 246 230 227 194 167 189 188 176 150 152 164 162 164 161 167 199 177 179 187 176 179 173 170 160 143 190 207 196 224 283 326 353 400 444 459 541 647 719 750 704 614 543 420 303 305 255 253 239 272 245 239 240 268 240 270 275 247 215 228 248 238 279 258 246 250 287 242 289 312 301 347 313 331 392 336 340 302 309 310 322 327 338 369 403 444 452 567 753 942 1289 1418 1523 1682 1879 1918 2168 2436 2945 3693 4501 5391 6021 6163 6365 6576 6922 7283 8201 9183 10627 12199 13520 14522 15209 16152 16887 17573 17963 18330 18812 19230 19730 19500 20161 19334 19630 19936 21020 20141 19379 18468 16993 16250 15019 14119 12727 11668 11326 10535 9822 8806 8030 7623 6738 6206 5761 5591 5654 5404 5320 5311 4994 4745 4701 4682 4744 4624 4559 4283 4169 4095 3986 3892 3842 3808 3805 3820 3772 3691 3638 3522 3391 3329 3363 3433 3437 3612 3529 3603 3563 3591 3408 3474 3410 3435 3486 3559 3649 3776 4011 4193 4466 4666 4790 4618 4478 4075 3815 3777 3670 3700 3814 3959 3921 3950 3674 3671 3732 3545 3491 3524 3480 2956 2620 2385 2140 1858 1589 1459 1387 1285 1138 1034 830 624 519 436 405 355 335 304 289 268 238 287 290 303 324 433 710 2455 
121 213 274 412 532 573 524 415 353 224 188 186 153 142 119 145 179 187 200 186 204 217 194 179 191 177 214 201 222 248 246 287 276 296 329 389 409 455 478 549 565 595 630 599 686 692 724 706 793 874 932 875 806 692 630 545 607 549 587 568 647 613 652 607 600 606 651 636 620 652 618 622 528 392 384 275 236 220 168 180 155 167 160 161 146 161 177 160 150 183 196 186 194 186 187 145 137 138 133 153 152 171 163 146 198 193 217 212 275 270 307 283 289 281 241 251 253 251 269 236 234 245 235 301 305 293 302 277 293 339 413 419 611 665 776 1029 1237 1378 1555 1767 2111 2336 2826 3251 4045 4638 5248 6123 6783 7088 7376 7736 7982 8669 9642 10301 11283 12281 13371 14662 16423 17805 18444 19340 19869 21186 22584 23175 23490 25616 26285 26578 26382 25937 23879 22848 21566 20416 18703 17803 16737 16418 15783 14766 13040 11658 10375 8862 8328 7757 7649 7759 7618 7337 6906 6544 6151 5988 5603 5617 5477 5401 5391 5410 5453 5530 5801 5974 6081 5697 5127 4800 4621 4232 4182 4123 4172 4448 4259 4189 3885 3649 3085 2700 2429 1994 1524 1203 1019 707 595 495 388 300 283 253 245 252 278 362 504 561 722 701 362 218 180 158 108 92 91 70 81 118 187 431 
1211 1118 1167 1435 1475 1507 1427 1402 1307 1246 1195 1158 1105 1051 978 874 835 758 719 631 637 599 585 527 492 461 404 378 392 370 349 313 304 324 318 343 346 338 401 412 398 437 538 515 574 572 614 619 574 648 578 473 380 329 263 236 221 184 175 151 140 140 130 145 141 122 143 141 125 125 147 141 136 142 166 145 153 163 189 192 200 252 227 199 204 222 200 237 226 278 267 266 269 267 253 229 225 208 228 205 209 201 171 230 207 231 207 210 190 203 190 209 207 190 198 186 198 199 201 216 216 191 236 199 228 218 251 236 251 258 252 278 281 238 247 261 276 276 307 294 316 339 354 388 446 460 487 525 453 448 422 449 456 429 500 505 521 577 559 642 624 609 560 566 517 564 555 674 652 706 799 963 1149 1426 1879 2314 2821 3372 3975 4822 5794 6835 8240 9294 10039 10466 11352 12071 13202 14146 15607 17231 18411 19623 21680 22862 24879 26712 28650 30565 33508 35183 36962 37921 38415 39424 40046 38026 33723 28478 23728 19720 16021 13404 11000 9348 8411 7627 7270 6963 6526 6235 6097 5978 5619 4953 4145 3486 2684 2057 1574 1398 1139 699 513 420 296 231 152 143 127 74 56 43 47 39 24 28 32 26 28 46 38 49 88 75 


