1
1273 2770 3136 3572 6029 8499 3750 2339 1294 1041 910 989 748 884 834 801 749 643 523 412 318 219 191 161 153 151 130 105 72 114 86 64 62 78 71 53 69 95 149 188 165 105 105 101 111 55 37 31 30 53 52 34 26 17 10 8 18 9 4 10 9 7 9 4 7 10 9 5 0 0 0 0 0 0 0 0 0 0 0 0 0 0 0 0 0 0 0 0 0 0 0 0 0 0 0 0 0 0 0 0 0 0 0 0 0 0 0 0 0 0 0 0 0 0 0 0 0 0 0 0 0 0 0 0 0 0 0 0 0 0 0 0 0 0 0 0 0 0 0 0 0 0 0 0 0 0 0 0 0 0 0 0 0 0 0 0 0 0 0 0 0 0 0 0 0 0 0 0 0 0 0 0 0 0 0 0 0 0 0 0 0 0 0 0 0 0 0 0 0 0 0 0 0 0 0 0 0 0 0 0 0 0 0 0 0 0 0 0 0 0 0 0 0 0 0 0 0 0 0 0 0 0 0 0 0 0 0 0 0 0 0 0 0 0 0 0 0 0 0 0 0 0 0 0 0 0 0 0 0 0 0 0 0 0 0 0 
351 1163 1496 1177 1199 1593 1996 2240 2262 1771 1020 816 616 600 645 686 678 646 490 406 380 364 335 326 367 300 323 379 317 379 418 445 465 489 507 538 535 548 492 536 531 481 521 522 532 556 514 653 658 806 1067 1273 1314 1287 1068 864 446 352 270 190 88 65 44 49 38 40 46 26 20 13 14 14 5 7 4 3 3 3 3 7 7 1 4 3 1 4 7 5 0 4 2 2 1 4 6 3 2 1 2 4 1 2 2 3 2 0 0 1 0 1 0 0 0 0 0 0 0 0 0 0 0 0 0 0 0 0 0 0 0 0 0 0 0 0 0 0 0 0 0 0 0 0 0 0 0 0 0 0 0 0 0 0 0 0 0 0 0 0 0 0 0 0 0 0 0 0 0 0 0 0 0 0 0 0 0 0 0 0 0 0 0 0 0 0 0 0 0 0 0 0 0 0 0 0 0 0 0 0 0 0 0 0 0 0 0 0 0 0 0 0 0 0 0 0 0 0 0 0 0 0 0 0 0 0 0 0 0 0 0 0 0 0 0 0 0 0 0 0 0 0 0 0 0 0 0 0 0 0 0 0 0 0 0 0 0 0 
265 861 967 1562 1301 1427 1584 1861 1732 1643 1157 943 782 494 624 553 642 436 358 417 399 558 563 418 303 289 311 315 324 309 334 345 333 375 339 336 321 306 318 315 362 372 379 349 330 372 365 303 279 236 206 184 185 196 178 154 171 186 191 182 187 179 189 199 199 204 245 219 203 249 287 345 449 531 584 651 839 900 971 790 888 702 504 322 212 141 88 24 26 28 22 24 22 15 22 22 22 21 15 16 19 11 18 14 12 14 18 12 11 15 11 16 10 14 5 12 7 10 14 11 11 9 11 10 12 16 10 7 8 9 11 7 11 7 7 12 12 9 11 15 14 12 13 15 15 14 17 13 17 10 16 14 23 18 15 21 16 24 24 18 20 14 19 17 17 13 19 19 19 17 16 16 9 19 21 16 12 11 11 21 25 22 13 13 12 15 9 5 2 6 6 9 7 15 15 10 4 4 2 1 1 0 0 0 0 0 0 0 0 0 0 0 0 0 0 0 0 0 0 0 0 0 0 0 0 0 0 0 0 0 0 0 0 0 0 0 0 0 0 0 0 0 0 0 0 0 0 0 0 0 0 0 0 0 0 0 


0 0 0 1 12 34 34 52 57 99 109 166 311 1221 10255 39585 76510 67928 38736 28536 25676 29840 39272 49373 53817 51052 45727 39584 34617 29336 23822 19134 14010 10343 7153 5519 4258 3316 2828 2151 1891 1680 1251 1121 1078 862 712 654 650 660 730 550 464 500 476 450 455 478 408 435 442 432 426 424 419 440 398 394 380 370 357 371 355 384 342 364 382 371 397 398 413 388 404 404 417 403 390 353 387 401 374 378 400 356 369 355 401 386 420 366 418 416 415 376 418 418 418 442 456 424 461 431 456 468 416 477 471 464 497 481 548 584 586 693 1422 9233 16007 12834 11641 9974 11245 12033 9580 8748 11736 11530 8821 5626 3755 2304 1258 908 732 604 474 361 326 237 206 190 178 205 234 281 298 346 373 384 421 419 427 301 402 553 394 233 196 168 302 226 170 77 28 5 2 0 0 0 1 1 0 0 0 0 0 0 0 0 0 0 0 0 0 0 0 0 0 0 0 0 0 0 0 0 0 0 0 0 0 0 0 0 0 0 0 0 0 0 0 0 0 0 0 0 0 0 0 0 0 0 0 0 0 0 0 0 0 0 0 0 0 0 0 0 0 0 0 0 0 0 0 0 0 0 0 0 
0 0 0 0 0 0 0 0 0 0 3 2 4 7 9 919 5369 23094 39532 34921 26085 17595 13446 11427 10061 9353 8832 8417 7900 7732 7839 7080 6497 5896 5430 5394 5151 5176 4975 4695 4546 4384 4314 4147 4415 4434 4229 4357 4035 3971 3879 3612 2961 2532 2250 2162 1879 1735 1649 1545 1437 1406 1371 1379 1360 1491 1663 2055 2697 3940 6087 10351 18078 32965 49359 49531 42611 33487 40379 55103 52985 12531 1623 917 665 639 655 532 529 469 511 477 489 477 493 452 490 450 474 433 444 441 461 472 451 468 496 451 485 461 517 444 506 565 559 608 530 621 596 1290 6347 7113 10217 9694 11151 11840 11226 10499 10006 7213 4614 5147 5355 4878 4995 5362 4506 3101 2171 1899 1942 2112 2016 1745 1371 1114 1060 1021 1042 886 878 821 737 660 636 601 536 448 454 431 397 256 348 408 398 294 209 178 200 168 183 184 178 85 40 19 4 4 3 4 4 4 1 5 1 1 4 1 3 2 2 2 3 1 0 3 2 0 1 0 1 2 0 0 2 0 0 0 0 0 0 0 0 0 0 0 0 0 0 0 0 0 0 0 0 0 0 0 0 0 0 0 0 0 0 0 0 0 0 0 0 0 0 0 0 0 0 0 0 0 0 0 0 0 0 0 
0 0 0 0 0 0 1 2 4 6 11 8 11 19 162 1843 8654 29747 44096 37165 22268 15460 12320 10543 9443 8835 8077 7654 7274 7403 6928 6273 5947 5774 5569 5307 5096 4773 4469 4326 4294 4048 4022 3943 4162 4196 4275 4114 4076 3920 3758 3470 2970 2736 2437 2254 1980 1855 1900 2061 2326 2896 3921 4899 6027 7905 10183 13453 17543 23739 29196 33207 35422 33027 32766 35709 38689 43769 30719 11777 2421 1063 776 784 734 690 600 541 540 504 513 506 486 511 498 511 498 449 466 467 523 480 489 529 489 521 480 569 500 495 502 561 518 557 596 1091 4217 5196 7635 9002 9524 8968 10008 12380 10098 7601 6234 4565 3607 3398 4493 4385 4242 4275 4393 3391 2351 2065 1771 1568 1448 1380 1280 1343 1263 1434 1546 1589 1292 1115 1033 989 958 986 1055 1098 848 851 842 785 607 540 480 444 461 384 376 281 234 182 176 155 171 170 149 138 51 29 25 23 10 3 3 3 4 5 0 7 2 3 5 2 3 1 3 2 3 5 2 2 2 1 1 3 2 1 1 1 2 0 0 2 0 2 0 0 0 0 0 0 0 0 0 0 0 0 0 0 0 0 0 0 0 0 0 0 0 0 0 0 0 0 0 0 0 0 0 0 0 0 0 0 0 0 0 0 


