0
0 0 0 0 0 0 0 0 0 0 0 0 0 0 0 0 0 0 0 0 0 0 0 0 0 0 0 0 0 1 0 2 8 14 24 24 37 73 88 132 127 135 166 203 248 279 306 307 320 361 601 1182 1577 1667 1375 1146 961 788 675 720 725 786 840 921 1119 1235 1481 1496 1603 1655 1629 1507 1433 1153 1000 978 831 739 669 576 526 512 484 378 329 348 277 271 241 208 200 174 182 148 142 145 112 105 100 94 83 94 73 67 69 70 54 73 51 49 46 47 38 48 57 38 53 43 40 41 35 32 31 50 35 41 34 38 37 27 27 26 31 40 22 34 30 30 22 39 29 28 27 27 29 24 24 22 26 23 19 20 23 25 30 26 24 15 19 23 22 24 25 27 23 17 15 17 17 20 13 23 18 16 22 12 11 20 10 11 9 18 10 14 8 13 11 12 8 10 12 7 10 11 4 6 13 7 10 19 7 3 13 9 7 8 8 8 11 11 6 7 8 8 8 11 7 4 4 6 9 6 7 7 4 3 3 3 8 2 6 4 4 2 2 2 0 2 0 2 3 2 2 2 3 2 1 1 8 2 6 6 3 3 5 55 
0 0 0 0 0 0 0 0 0 0 0 0 0 0 0 0 0 0 0 0 0 0 0 0 0 0 0 0 0 0 0 1 0 7 5 15 34 61 85 110 102 121 181 195 259 277 357 657 1511 1858 1673 1036 937 769 703 630 508 526 533 592 664 685 829 1083 1083 1159 1344 1517 1617 1549 1412 1204 1182 1022 925 887 787 726 681 597 556 490 458 372 400 346 314 286 319 305 264 234 222 175 158 164 151 126 130 109 104 88 87 71 78 75 56 74 60 54 63 60 49 58 58 49 36 38 41 43 45 41 29 41 27 41 40 22 34 35 38 30 27 32 27 25 23 26 23 24 27 24 28 27 29 14 36 26 21 25 16 21 10 31 23 22 29 17 28 19 22 21 28 13 20 22 24 18 18 20 13 19 20 26 16 25 24 15 20 22 18 15 16 15 16 15 10 10 14 16 15 18 9 12 17 13 17 10 15 11 12 7 16 22 14 18 12 18 11 10 21 17 18 10 12 10 13 17 16 12 13 14 18 5 9 9 10 9 14 17 10 13 15 7 16 8 11 17 4 12 10 10 14 16 9 8 14 17 16 15 14 10 18 8 11 71 
0 0 0 0 0 0 0 0 0 0 0 0 0 0 0 0 0 0 0 0 0 0 0 0 0 0 0 0 0 0 0 0 0 0 0 4 5 9 17 35 42 78 69 98 147 175 234 245 405 1186 1806 1786 1186 980 636 532 491 501 471 517 511 463 494 604 765 882 933 1104 1044 1054 1145 1152 1137 1061 999 993 895 849 921 865 725 595 594 548 522 457 466 432 424 475 444 366 342 290 306 249 233 226 215 197 190 186 191 166 162 166 145 147 150 145 141 111 103 103 99 102 101 96 84 77 68 78 54 52 62 64 47 51 46 45 53 41 45 41 40 52 34 32 29 29 29 28 33 25 24 25 23 26 27 20 21 24 26 27 26 20 28 26 17 28 20 28 33 20 36 20 22 23 18 38 36 20 29 16 20 27 15 27 21 25 23 19 21 17 21 23 21 34 23 19 13 24 26 20 23 14 17 26 10 24 22 15 24 13 24 15 9 19 22 11 17 30 16 18 21 20 18 12 19 19 15 20 16 24 20 18 28 22 18 22 26 10 16 24 20 29 21 25 21 19 14 23 17 19 18 19 31 26 20 31 44 43 34 37 64 193 


0 0 0 0 0 0 0 0 0 0 0 0 0 0 0 0 0 0 0 0 0 0 0 0 0 0 0 0 0 0 0 0 1 0 2 12 28 34 44 99 121 148 212 279 377 420 422 462 466 481 624 672 696 501 447 423 395 437 493 519 613 737 829 1008 1133 1211 1351 1311 1325 1570 1715 1908 1914 1863 1916 1869 1870 1926 1985 2142 2243 2531 2694 2877 3329 3779 4210 4496 4917 5510 6354 6940 7742 8634 9685 11007 12075 13461 14868 16620 18366 20042 22234 23478 25098 26418 27470 27801 27941 28491 28273 28132 27607 26164 25523 24124 22921 21432 19945 18248 17032 15461 14314 13579 12731 12254 11057 9772 8812 8050 7490 6678 6229 5794 5310 4983 4565 4151 3944 3681 3421 3325 3164 2875 2746 2718 2503 2493 2317 2141 2141 2026 1886 1780 1819 1663 1668 1565 1575 1491 1431 1443 1375 1331 1300 1291 1230 1317 1255 1299 1267 1415 1529 1508 1603 1629 1624 1622 1681 1690 1641 1742 1680 1688 1648 1597 1607 1557 1519 1394 1280 1198 1021 940 910 827 733 689 632 522 508 476 447 411 408 351 354 397 299 298 272 308 279 225 197 202 173 163 151 161 120 137 129 123 117 117 112 85 88 99 73 83 65 79 47 67 49 67 37 40 44 36 31 25 42 35 42 51 41 54 44 24 16 10 14 31 
0 0 0 0 0 0 0 0 0 0 0 0 0 0 0 0 0 0 0 0 0 0 0 0 0 0 0 0 0 0 0 0 0 0 0 3 4 8 21 60 116 139 217 273 437 707 654 521 601 644 968 1129 1067 879 744 671 717 729 888 1054 1140 1112 1089 1186 1217 1206 987 873 796 721 722 652 607 587 587 558 658 629 663 760 749 793 864 954 983 1078 1218 1319 1351 1507 1583 1659 1817 2065 2228 2482 2657 2971 3368 3599 3905 4281 4687 5080 5506 6319 6956 7763 8491 9365 10326 11257 12247 13527 14146 14812 14973 15318 15755 16227 16289 16321 16641 16759 16745 16815 16186 15664 15633 15358 15053 14636 14196 13710 13382 13168 12651 12377 12130 11806 11344 11032 10671 10337 10058 9647 9338 9194 8995 8652 8316 8285 7902 7524 7289 7153 6757 6598 6291 6114 5928 5671 5387 5185 4890 4757 4731 4485 4261 4262 4051 4078 3995 3801 3819 3665 3410 3233 3098 3043 2888 2737 2665 2511 2470 2323 2333 2223 2123 2099 1964 2019 1924 1843 1832 1668 1794 1715 1653 1490 1548 1537 1499 1447 1431 1400 1379 1400 1315 1351 1286 1311 1332 1229 1317 1362 1335 1257 1284 1322 1292 1358 1344 1345 1321 1343 1310 1377 1351 1419 1429 1429 1377 1483 1423 1525 1511 1530 1481 1588 1562 1536 1581 1566 1630 1654 1864 1886 1962 2182 2402 2393 2575 2731 3693 7891 
0 0 0 0 0 0 0 0 0 0 0 0 0 0 0 0 0 0 0 0 0 0 0 0 0 0 0 0 0 0 0 0 0 3 10 21 33 68 80 138 228 499 698 767 849 883 434 360 420 357 566 574 771 758 1048 1388 1375 1226 1170 1143 1036 960 899 802 727 604 577 518 536 473 469 430 381 343 333 338 319 326 307 313 351 330 363 357 462 420 426 486 530 564 519 574 593 639 687 669 662 740 789 814 814 871 991 1018 1170 1165 1364 1419 1613 1694 1869 2005 2195 2362 2545 2872 3045 3366 3749 4093 4393 4892 5315 5823 6245 6615 7064 7535 7838 8274 8844 8765 8963 8874 9239 9559 9573 9751 9579 9404 9483 9173 8879 8458 8260 7820 7342 7086 6592 6257 5981 5739 5561 5454 5335 5034 4995 4663 4619 4517 4486 4223 4196 4018 3909 3918 3661 3564 3532 3484 3475 3402 3285 3242 3225 3112 3095 2999 3041 3067 3028 2909 2967 3008 3012 2950 3023 3079 2980 3018 2920 3146 3147 3060 3230 3295 3171 3317 3366 3348 3381 3532 3450 3558 3522 3449 3794 3651 3849 3847 3954 4018 4031 4104 4115 4191 4360 4573 4678 4529 4662 4838 5117 5133 5443 5394 5635 5751 5991 6018 6293 6430 6748 6862 6946 7294 7397 7692 7820 7903 8308 8338 8627 8969 9438 9623 10500 10784 11407 12135 13286 15097 17034 20021 27884 62056 


