1
293 234 156 166 145 192 378 586 578 647 701 754 970 1096 1047 930 845 865 704 647 580 610 501 578 522 634 718 632 541 539 505 519 552 536 553 597 638 599 624 560 482 454 386 374 367 327 239 151 112 122 71 60 44 34 48 39 29 28 23 19 23 15 17 25 22 30 19 32 29 30 37 27 51 57 68 95 142 158 189 210 273 307 319 373 480 484 496 562 602 674 648 670 776 755 826 934 1349 1435 1596 1377 996 829 641 587 489 430 395 378 293 284 233 211 167 177 163 156 157 148 117 131 145 153 160 199 193 212 248 243 377 451 618 615 331 108 59 34 30 47 47 53 45 52 46 54 63 59 64 82 108 121 123 154 200 207 159 115 73 87 96 106 96 117 138 171 204 306 397 459 480 552 624 535 514 399 289 100 27 10 8 8 2 4 3 3 2 2 3 1 2 1 1 1 1 1 3 1 3 0 5 1 2 1 0 1 0 0 0 1 0 1 1 0 1 0 0 0 0 0 0 0 0 0 0 0 0 0 0 0 0 0 1 0 0 0 0 0 0 0 0 0 0 0 0 0 0 0 0 0 0 0 0 0 0 0 0 0 
118 186 121 110 105 141 111 121 118 131 135 99 116 119 117 123 144 138 136 130 132 126 126 134 116 115 122 113 131 146 108 122 133 132 133 140 157 150 160 192 192 239 199 231 315 326 354 390 413 386 514 499 567 593 587 511 534 536 487 508 499 524 484 473 510 498 518 480 471 419 438 395 385 388 422 391 356 422 439 471 511 512 467 440 437 378 398 418 363 413 378 359 419 373 441 467 662 730 672 727 717 692 735 834 1022 1391 1482 1334 1140 998 963 934 899 697 540 457 423 357 341 294 207 177 152 156 142 144 130 129 104 99 118 112 130 138 167 189 205 204 236 283 372 474 658 532 312 98 59 42 33 38 37 37 28 40 43 34 35 44 60 52 69 74 79 72 92 99 124 145 143 110 92 111 94 106 77 93 129 109 133 207 217 331 384 487 629 726 649 629 505 265 146 44 24 8 6 2 3 3 2 1 2 6 2 1 3 1 1 0 0 2 0 2 1 2 4 3 4 1 0 0 0 0 0 0 0 2 0 0 2 0 0 0 0 0 0 0 0 0 0 0 0 0 0 0 0 1 0 0 0 0 0 0 0 0 0 0 
6 14 12 14 19 23 24 25 37 42 53 75 91 88 82 100 114 100 101 86 91 87 73 74 71 90 61 51 69 60 64 64 63 56 61 85 61 69 59 75 72 87 86 87 78 88 86 66 76 68 88 84 69 92 72 80 68 83 99 97 88 77 75 66 69 94 92 92 64 84 82 72 78 86 87 101 101 111 85 117 112 133 125 134 164 185 175 192 242 217 261 293 329 368 367 355 402 469 516 556 666 736 770 897 1052 1082 1084 1238 1249 1315 1503 1831 1855 1437 1382 1426 1488 1401 1438 1501 1296 1130 1047 990 908 803 795 699 666 622 565 530 494 454 418 343 327 279 223 214 194 204 226 220 243 253 273 358 424 542 689 462 216 101 54 34 32 32 30 46 46 42 31 28 31 35 39 44 48 58 56 77 67 102 107 138 133 105 62 38 20 29 47 58 84 123 140 112 118 129 193 255 355 521 645 799 888 740 562 300 128 51 18 15 4 5 0 4 1 3 3 3 2 2 1 1 2 3 1 0 1 2 0 2 2 6 3 0 2 0 0 1 0 0 1 3 0 0 0 0 0 0 0 0 0 0 0 0 1 0 0 0 0 0 0 0 


51 28 10 5 9 13 15 16 17 18 14 7 16 13 7 18 17 11 12 13 8 9 14 11 13 14 11 5 11 9 9 5 7 12 5 12 11 7 12 15 10 18 5 7 4 6 13 15 11 18 12 14 15 17 11 20 21 23 28 18 17 20 28 15 27 41 45 56 64 93 111 119 148 154 159 163 145 137 141 161 169 176 227 307 426 474 565 667 770 840 898 992 1095 1225 1476 1519 1867 1941 2326 2652 3155 3690 4156 4386 4621 4956 5428 6021 6244 6179 6029 6535 7215 7397 7071 7292 7684 8308 8652 9073 9244 9559 10056 10877 11768 12064 12380 12267 12810 12716 12945 13353 13371 13442 13433 13894 14498 14770 14352 13951 14024 14444 14903 15165 14916 14905 15103 15512 15955 16048 15906 15069 14598 14319 14549 14503 13734 13093 12806 13395 12318 11956 10841 10419 9803 9670 9244 8731 7851 7660 7430 7339 7149 6544 6279 5738 5264 5259 5047 4837 4395 4136 4024 4108 3890 3513 3246 3007 3261 3221 3207 3181 2746 2894 2901 3040 2848 2499 2230 2069 2147 2021 1824 1541 1457 1322 1348 1232 1097 946 908 744 692 541 452 433 372 281 211 155 113 96 71 71 87 50 37 33 32 28 18 11 7 11 15 15 11 14 15 10 11 7 14 16 14 21 12 6 7 6 0 13 9 15 25 1624 
35 14 14 6 7 8 6 8 7 7 8 12 8 10 7 12 8 13 12 6 4 13 9 10 7 8 11 17 10 8 8 9 6 8 7 6 4 9 8 10 8 5 11 4 9 9 6 5 9 10 7 13 12 9 12 17 14 13 16 18 20 19 31 21 19 20 14 26 21 17 30 29 30 30 26 21 14 22 18 18 19 35 31 46 47 68 88 102 119 166 201 218 167 181 210 225 244 280 322 383 492 636 852 968 1104 1183 1388 1584 1713 1726 1910 2078 2600 2695 2792 2798 3099 3602 4039 4403 4273 4486 4787 5585 6117 6194 6203 5789 6181 6246 6805 7185 7309 6993 7259 8048 9202 9584 9710 9087 9534 10581 12003 12358 12377 12255 12862 14317 15653 16053 15769 14553 13798 14597 15325 16054 15361 15306 15216 17209 17281 17267 16510 16133 15955 16600 17100 16660 15432 14923 15017 15264 15065 14062 12966 11771 10951 11091 10866 10448 9398 8448 7922 8035 7420 6774 6268 5895 6207 6092 5959 5672 4938 4708 5167 5121 4676 4246 3739 3525 3739 3816 3643 3305 3114 3179 3395 3282 2932 2364 2441 2541 2431 2214 1930 1765 1753 1874 1676 1479 1116 991 1000 917 710 579 487 473 373 274 185 164 131 74 61 57 43 38 31 22 10 23 11 26 19 16 24 18 12 8 9 9 10 17 27 1624 
24 0 0 0 2 2 2 3 3 2 5 7 1 1 6 6 8 9 7 10 4 6 4 9 11 6 3 9 7 6 6 4 3 5 4 3 10 4 3 5 4 4 5 9 3 12 10 12 8 14 6 7 8 7 6 9 13 14 7 8 9 18 11 17 13 20 14 11 19 15 9 12 15 21 23 16 20 17 22 22 28 29 31 21 30 18 36 23 16 26 26 21 17 32 30 38 52 32 57 69 126 163 186 204 233 238 285 291 327 406 372 475 619 725 869 995 1193 1327 1555 1630 1767 1678 1778 1944 2092 2156 2154 2332 2563 2818 3060 3391 3691 3774 3871 4410 5015 5279 5389 5171 5267 5660 6028 6233 6291 6279 6651 7339 8263 8629 8450 8437 8582 9277 10015 11133 11470 11489 11970 13875 14341 14984 14577 14618 14659 15564 15893 15462 14972 15397 15974 17214 17753 17859 17762 17229 17096 17247 17787 17305 16485 15603 15366 15793 15743 14408 13419 12686 12846 12346 11798 11393 9568 9085 9053 8835 7957 7338 6530 6110 6263 5904 5873 5195 5063 4993 5103 5074 4669 4277 4329 4185 4103 3941 3831 3871 3901 3785 3567 3365 3013 2840 2825 3051 2609 2318 2339 2280 1976 1749 1544 1583 1697 1673 1319 1193 1159 1148 925 621 418 332 332 241 132 116 100 103 71 47 40 29 24 25 35 1629 


