1
232 306 170 148 167 283 517 572 592 668 772 918 1051 909 820 770 724 619 544 544 508 489 532 568 640 535 496 479 487 477 503 480 556 582 508 556 535 479 426 350 320 340 311 210 139 109 84 75 63 35 50 34 28 21 31 20 32 45 55 59 65 84 138 173 209 225 294 321 359 350 387 357 390 419 403 420 433 513 639 636 737 675 692 687 703 695 736 817 853 844 777 658 756 829 603 316 241 206 169 155 146 129 129 133 137 149 120 121 144 162 155 197 199 204 206 182 222 237 246 274 280 354 416 560 686 681 366 152 90 81 75 63 71 88 73 77 80 75 75 90 129 115 129 147 181 206 246 222 193 98 90 94 89 128 142 166 227 315 361 426 475 519 531 604 482 338 87 15 4 5 6 1 0 1 3 3 2 2 0 3 2 3 0 3 1 1 4 2 0 0 1 1 1 0 0 1 0 0 0 0 0 0 1 0 0 0 0 0 0 0 0 0 0 1 0 0 0 0 0 0 0 0 0 0 0 0 0 0 0 0 0 0 0 0 0 0 0 0 0 0 0 0 0 0 0 0 0 0 0 0 0 0 0 0 0 0 
111 229 112 117 132 90 101 116 125 103 103 119 127 132 144 144 146 127 155 126 111 130 128 122 112 111 99 105 129 109 124 134 120 140 154 149 167 160 193 198 214 243 298 335 328 355 389 426 497 551 526 466 460 492 431 528 455 489 402 441 446 445 465 440 433 440 360 347 353 380 406 333 405 414 444 522 596 659 691 717 784 758 726 684 593 558 618 701 660 829 905 814 768 792 993 976 1012 863 912 857 959 867 462 308 279 243 219 197 150 143 116 120 131 141 118 133 133 134 122 136 136 146 151 181 171 169 182 185 241 249 265 270 326 401 532 688 665 459 166 104 65 67 71 83 60 64 77 43 61 65 82 82 62 81 67 76 96 116 156 213 242 231 146 112 88 72 91 115 114 176 173 240 297 381 496 585 600 620 602 388 193 73 20 4 6 2 1 1 2 2 2 1 2 4 3 0 1 1 3 2 1 0 3 1 2 0 0 2 0 1 0 0 0 0 2 0 0 0 0 0 0 0 0 0 0 0 0 0 0 1 0 0 0 0 0 0 0 0 0 0 0 0 0 0 0 0 0 0 0 0 0 0 0 0 0 0 
4 26 14 23 28 28 34 48 37 41 60 74 72 76 99 116 102 108 64 102 99 75 100 82 89 65 74 63 72 69 63 52 53 68 75 62 58 58 60 56 65 72 58 69 83 53 80 69 94 63 91 86 74 83 89 82 84 70 80 83 65 70 83 80 68 75 70 80 69 92 93 91 89 114 114 108 119 128 135 137 153 169 178 221 216 275 307 329 381 497 551 645 751 739 847 905 975 1034 1065 1111 1202 1246 1251 1309 1320 1729 1841 1500 1229 1233 1088 980 918 791 759 671 606 662 572 585 530 562 521 532 505 459 400 408 398 327 292 273 251 213 232 230 277 259 304 347 403 524 665 741 513 251 129 76 56 60 50 59 74 66 69 62 62 63 59 77 57 74 56 84 90 103 143 168 185 179 130 69 41 66 84 94 110 108 117 129 162 214 290 492 562 727 746 727 623 265 90 38 14 8 3 3 3 2 1 1 3 1 2 4 1 2 0 3 1 0 2 2 1 2 1 3 0 1 1 0 0 1 1 0 0 1 0 0 0 0 0 0 0 0 0 0 1 0 0 0 0 0 0 0 0 0 0 0 0 0 0 0 0 0 0 0 


47 4 4 2 3 2 1 3 2 4 4 4 2 6 4 4 1 7 6 6 5 6 5 11 12 5 10 10 5 8 9 16 15 8 15 14 14 20 19 11 13 13 18 11 22 14 13 15 18 28 25 21 27 29 38 28 41 29 34 45 45 38 49 61 61 56 74 83 70 91 109 166 165 262 372 506 519 547 633 710 782 882 1013 1019 1224 1253 1457 1546 1590 1697 1946 2219 2474 2604 2987 3170 3874 4132 4706 5308 5703 6402 7040 8117 8852 9382 9820 10184 11118 11938 12406 12646 12650 12823 13373 13848 14184 14368 14380 15115 15840 16393 16284 15755 15155 14963 15181 15644 16659 15682 14797 14738 14887 15191 14702 14085 13357 13015 12924 12731 12306 11564 10856 10934 10858 10654 10064 9564 8659 8192 7923 7475 7547 7152 6756 6468 6320 6308 6336 6270 5656 5507 5605 5548 5496 5295 5080 5282 5269 5470 5281 5139 4848 4708 4950 4968 4893 4616 4257 4153 4104 4237 3838 3874 3556 3697 3752 3525 3613 3422 3552 3887 3815 3656 3462 3168 2867 2739 2723 2485 2350 2127 1890 1938 1794 1584 1320 1135 1161 1039 1002 838 728 669 529 447 268 175 134 145 109 83 41 46 42 33 18 19 27 23 14 24 13 14 14 24 13 18 26 11 14 20 21 23 31 22 26 33 17 26 35 53 69 97 135 2377 
37 2 4 3 8 3 1 0 2 1 4 0 3 4 5 7 7 4 10 9 13 18 15 21 15 15 10 14 4 9 7 11 3 2 5 6 6 9 9 10 9 6 4 4 8 8 7 8 8 18 11 16 19 27 31 24 26 50 43 48 44 46 38 43 41 46 46 45 45 56 65 77 56 63 61 79 59 72 81 66 84 80 106 109 122 138 182 185 227 279 367 455 537 557 591 630 827 1023 1174 1292 1353 1407 1569 1763 2152 2319 2456 2635 2935 3426 3863 4142 4617 5042 5559 6362 6968 7415 7692 8744 10110 11490 12161 11900 11536 11887 12236 13189 14971 13352 12632 12821 13569 14512 14643 13967 13218 13715 14544 15214 14815 14372 14147 14504 15667 16141 16311 15579 14656 13797 14147 14440 14647 14046 12721 12164 11967 11950 11524 11369 9797 9415 9635 9738 8842 8284 7688 7790 7681 7791 7347 6773 6162 5733 5946 5963 5789 5499 5189 5232 5210 5428 5109 5001 4795 4704 5165 5130 5380 4647 4823 5329 5267 5197 5032 4367 4051 4105 4260 4056 3906 3699 3741 3815 3962 3648 3131 2906 3153 3039 2979 2618 2234 2264 2231 2203 2161 1667 1396 1413 1292 1182 945 879 685 532 456 273 241 200 144 86 59 58 59 53 62 60 23 27 43 34 36 39 70 42 27 23 20 18 15 13 10 21 28 1625 
24 0 0 4 1 2 3 0 2 1 5 3 8 6 3 6 2 3 0 3 4 5 10 11 15 9 14 12 10 8 14 10 10 10 8 5 4 5 7 7 8 9 13 8 16 17 15 26 17 32 34 45 32 26 35 43 40 24 45 36 37 37 36 33 36 35 45 40 50 45 53 35 56 55 50 56 45 58 59 50 59 57 51 54 68 60 61 63 57 74 73 70 76 87 100 111 110 113 163 196 257 290 360 461 618 679 690 820 858 1052 1110 1151 1265 1283 1514 1675 1877 1974 2005 2264 2733 3006 3282 3468 3645 4036 4543 5309 6247 6183 6187 6365 7228 8142 8762 9268 9466 10121 10776 11720 11986 11319 11015 11403 12181 12630 12954 12941 12401 12180 12887 13544 13985 13839 13803 13901 14373 15350 15420 15779 14528 14255 14291 15136 14658 13979 13799 13929 14248 14315 13685 12679 11667 11019 10910 10940 10404 9854 9250 8971 8909 8971 8566 7847 7481 7233 7120 6823 6607 6073 5974 6336 6196 6095 5834 5399 5100 5213 5395 5626 5446 5045 5070 5353 5434 5307 4681 4744 4797 4908 4977 4550 4457 4564 4785 4453 4109 3859 3414 3577 3774 3695 3152 3122 2848 3043 2714 2354 2094 2081 2098 1860 1571 1432 1399 1202 959 760 579 459 275 211 173 122 79 57 30 27 19 21 15 9 12 17 28 1625 


