1
478 251 227 202 242 211 216 449 626 693 743 734 839 954 1172 1270 1200 1041 973 927 838 728 726 637 608 605 669 652 787 756 744 588 633 631 605 615 661 616 650 690 692 682 695 642 556 504 406 425 435 403 371 209 147 163 144 113 113 139 142 200 237 232 264 316 426 430 490 576 723 805 803 856 880 1071 1078 991 969 997 930 876 972 799 749 694 732 652 558 546 403 356 303 305 293 270 308 363 388 430 497 478 572 505 433 451 576 670 807 840 564 393 145 86 85 79 77 55 41 59 61 63 66 63 40 64 50 64 55 82 62 70 57 73 77 90 114 115 90 99 158 186 228 291 254 140 51 30 14 17 15 11 10 16 13 14 22 20 13 12 21 8 19 18 28 79 65 64 78 84 87 87 69 82 69 86 102 93 119 106 142 173 202 274 375 455 474 625 682 798 878 816 645 250 57 17 12 6 6 3 4 4 3 4 6 2 6 1 0 6 4 3 4 0 4 2 1 1 2 1 2 1 1 2 2 0 0 0 2 0 0 0 0 0 0 0 1 0 0 0 0 0 0 0 0 0 0 0 0 0 0 0 0 0 0 0 0 0 
117 210 202 158 176 197 171 197 135 155 134 125 116 123 143 137 152 141 147 155 137 157 153 163 147 142 124 126 126 143 142 123 134 119 126 161 143 150 166 179 165 158 206 187 248 250 275 270 328 358 386 417 457 488 534 530 616 657 702 621 633 593 595 597 589 598 613 568 589 543 579 585 648 576 611 587 666 679 727 765 922 939 901 1044 1204 1237 1333 1472 1421 1417 1472 1616 1570 1259 1321 1245 1311 1063 1063 944 819 890 860 809 774 753 764 720 594 536 497 513 530 615 821 904 727 466 248 130 93 83 82 78 67 66 53 66 59 65 59 52 58 54 54 46 50 56 62 56 58 49 56 62 68 85 68 98 73 117 129 175 190 225 241 243 176 52 33 18 14 13 10 4 8 3 5 7 10 9 11 11 17 17 13 11 16 18 14 18 16 8 19 25 44 73 93 95 104 110 101 103 78 110 111 129 215 202 283 360 432 562 780 834 935 951 697 428 206 49 20 19 6 4 3 3 6 1 4 4 3 5 3 2 5 5 4 1 2 1 2 2 2 1 0 1 2 1 2 0 0 0 1 1 1 0 0 0 1 0 0 0 0 0 0 0 
0 0 0 0 2 7 26 25 27 54 56 92 112 141 143 131 144 171 151 122 139 129 112 109 91 90 79 76 90 77 78 74 66 66 60 60 61 57 69 75 72 71 71 68 66 83 72 76 60 74 75 90 74 74 76 86 97 95 93 99 84 77 112 103 87 81 100 79 108 93 105 82 82 97 117 110 92 101 110 93 130 147 126 151 194 192 229 301 351 422 449 568 655 633 837 990 1154 1054 1184 1211 1261 1363 1360 1428 1386 1407 1510 1587 1400 1412 1540 1547 1639 1583 1465 1227 1053 1056 1100 1248 1459 1418 1342 1068 796 694 617 648 622 640 568 574 551 568 594 543 535 527 549 532 573 532 533 488 488 409 423 327 307 265 217 210 177 155 132 163 150 173 152 195 234 235 265 274 152 86 31 25 19 16 12 9 5 6 9 8 3 5 2 5 7 4 6 9 7 7 12 18 13 12 15 20 19 12 13 16 20 27 29 39 54 81 108 122 140 125 108 141 174 227 287 440 601 795 1053 1129 1139 766 341 130 50 14 15 6 7 6 5 5 3 4 3 5 2 6 1 6 3 4 2 2 3 0 0 4 2 2 1 1 1 0 0 0 2 1 1 0 


96 26 28 18 17 11 17 14 20 16 21 9 12 16 19 15 9 14 11 16 9 12 13 12 15 7 5 11 14 10 14 14 21 30 19 23 17 25 32 29 28 24 29 35 26 34 30 41 50 37 56 46 55 57 66 62 75 73 98 88 119 111 138 172 147 173 215 195 241 294 396 508 634 835 1007 1194 1388 1886 2224 2629 3002 2954 3481 3805 4024 4209 4373 4387 4644 5029 5215 5264 5426 5709 6279 6599 7302 7029 7470 8066 8597 8906 8757 9474 10045 10563 11485 11436 11789 11850 11965 12557 13536 12948 12962 13077 13310 13914 14301 14058 13324 13080 12984 13042 12563 12047 11066 10779 11262 10717 10037 9327 8974 8887 8714 8741 8397 7750 7298 7302 7542 7543 7065 6752 6371 6300 6244 6319 5873 5687 5570 5645 5670 5596 5372 5318 5360 5639 5927 6445 5798 5550 5233 5296 5366 5343 5311 5088 4974 5198 5362 5217 4768 4468 4500 4746 4640 4408 4173 3990 4020 3832 3863 3735 3403 3380 3543 3494 3561 3246 3065 3157 2867 2789 2505 2412 2444 2375 2442 2164 2132 2026 2057 2134 2172 1979 1857 1794 1823 1794 1944 1963 1900 1930 2014 1911 1755 1763 1747 1784 1788 1668 1568 1550 1467 1444 1235 1188 1121 1170 1172 1075 1128 1147 1138 1109 1068 989 930 905 896 809 863 807 763 735 707 740 754 690 686 638 617 609 705 3492 
51 21 33 22 16 11 13 13 10 9 11 12 7 10 3 11 9 9 6 8 12 8 12 10 12 7 12 5 9 8 10 8 8 7 8 7 8 6 11 10 11 7 8 7 10 12 15 26 14 17 16 18 23 19 16 20 22 32 21 28 22 25 20 35 47 39 24 45 34 34 44 46 58 59 64 59 62 95 84 85 81 105 128 136 127 132 141 169 183 189 191 230 243 346 427 499 691 783 983 1336 1678 1839 1928 2047 2227 2940 3402 3710 3720 3800 3734 4418 4871 5006 4958 4813 5062 5643 6397 6244 5965 6001 6699 7588 8103 8502 8228 8816 10462 10858 10867 10576 10436 11190 12138 13126 13341 13144 12770 13560 15058 15298 15031 13732 13254 13721 14552 14471 13773 12529 12106 12131 12218 11634 10571 10261 9691 10465 10970 11477 10298 9074 8669 8739 9020 9342 8616 8258 7989 8332 8454 8206 7452 6861 6854 7222 7429 7374 6975 6729 7168 7642 8014 7398 6884 6718 7032 6959 6633 5857 5895 6349 6292 6087 5410 5176 5312 5329 5506 5091 4535 4478 4562 4846 4559 4228 3842 3512 3419 3807 3645 3264 2939 2867 2788 2693 2387 2052 2041 2204 1973 1821 1577 1528 1404 1303 1074 1042 1035 1036 882 863 746 706 704 638 560 445 467 417 363 298 273 255 184 139 124 110 127 86 78 67 64 62 71 1664 
24 0 1 2 1 4 6 3 4 6 11 9 6 7 13 17 12 10 18 15 17 14 11 14 6 3 6 9 2 6 2 3 3 4 8 6 8 3 3 6 7 7 5 3 4 8 1 5 4 5 5 5 9 6 10 7 6 12 15 16 14 23 22 22 24 29 22 20 34 27 36 26 25 21 31 28 38 24 35 35 36 31 33 41 33 47 54 62 67 70 69 66 62 72 95 94 93 68 107 120 119 113 137 141 147 191 225 261 255 350 404 532 710 868 1007 1027 1197 1273 1418 1757 1890 1984 2176 2584 2915 3190 3333 3674 4565 4811 4880 4737 4649 5047 5637 5972 6221 6034 6324 6727 7497 7737 7553 7386 7926 8327 9338 10121 10324 10629 11408 12546 13632 14019 13907 14098 14371 16293 16868 17972 16286 14876 14037 14310 14487 14563 13715 12600 12479 12892 13018 12466 11713 11271 11258 11400 11152 10795 10485 9966 10157 10449 10413 9777 9254 9038 9075 8965 8680 8168 7981 8396 8204 7734 7372 6834 6961 7446 7528 7339 6814 6850 7193 7508 7713 7300 6761 6517 6482 6533 6430 5848 5484 5360 5477 5348 4921 4283 4236 4381 4204 3830 3606 3861 3514 3221 2698 2320 2100 2121 1750 1521 1341 1050 1017 838 719 615 535 491 406 314 269 247 210 136 119 117 116 97 84 89 58 74 78 1677 


