1
221 157 186 189 214 198 161 147 136 203 313 483 560 616 731 770 819 1007 1111 1153 1225 1260 1132 1088 992 906 843 769 647 686 701 707 840 809 829 739 747 691 675 697 717 673 701 757 772 753 734 755 664 670 555 489 479 438 446 396 239 162 152 138 86 80 78 73 68 109 117 170 168 195 238 278 328 353 443 535 622 675 668 651 718 685 779 705 789 749 699 681 602 630 584 415 458 432 437 420 419 369 328 353 326 298 343 357 399 484 454 315 190 63 62 62 46 32 42 36 34 33 47 27 31 36 41 41 49 56 52 53 46 68 66 78 92 90 87 90 124 147 211 300 309 189 80 23 21 18 22 17 32 22 21 34 21 32 24 38 36 45 52 57 52 58 59 99 119 74 74 76 85 100 90 83 55 74 107 108 100 103 133 132 178 197 309 373 434 450 493 567 524 497 338 232 96 35 13 15 9 10 7 8 4 4 9 2 9 6 6 2 2 1 0 3 2 1 4 4 1 3 2 2 2 0 0 1 0 0 2 0 0 0 1 0 0 1 0 1 0 0 1 1 0 0 0 0 0 0 0 0 0 0 0 0 0 0 0 0 
67 111 107 117 137 154 148 136 133 121 148 103 114 94 92 99 103 107 116 140 157 164 135 167 136 150 152 152 135 138 147 150 136 135 128 135 149 156 135 167 133 168 174 170 197 193 200 221 230 260 256 300 353 359 445 459 504 504 563 606 645 687 730 815 744 698 718 703 626 609 697 637 641 626 626 621 653 645 661 629 655 675 702 736 776 820 873 941 1001 1097 1106 1165 1179 1226 1262 1204 1412 1271 1249 1193 1250 1201 1017 918 868 723 582 535 464 491 507 486 577 612 565 391 248 134 108 81 92 84 63 53 39 38 42 48 30 26 36 27 42 31 34 37 36 46 48 31 44 47 62 82 71 93 82 95 100 136 178 221 296 282 170 61 26 23 18 24 12 23 23 25 18 21 24 28 23 23 20 28 33 43 58 37 55 73 64 50 51 36 19 17 23 51 78 76 88 111 99 105 88 108 118 144 134 226 214 292 356 432 517 679 668 551 464 297 151 63 34 21 9 5 8 10 6 8 5 13 0 5 3 2 3 6 1 2 1 3 1 0 6 2 0 2 1 3 0 1 1 3 1 0 1 1 0 0 0 0 1 0 0 1 0 0 
0 2 1 1 2 4 14 21 32 44 58 71 72 78 96 97 97 105 107 114 93 90 85 81 80 88 89 65 56 52 64 63 57 70 61 58 65 68 58 64 75 84 80 67 79 76 72 72 79 86 80 85 80 66 91 93 75 71 72 89 89 83 112 94 112 96 90 112 106 104 97 108 96 86 66 102 83 93 87 102 96 104 101 108 120 136 105 147 174 182 185 217 247 242 307 445 504 549 640 681 797 874 855 877 979 1010 1062 1284 1318 1287 1577 1539 1625 1471 1300 1340 1269 1250 1307 1264 1274 1195 1011 841 792 742 706 626 691 691 669 681 609 692 628 599 593 619 599 606 549 598 647 559 586 581 550 521 511 459 456 402 323 342 284 272 233 243 278 319 359 337 196 98 55 29 24 23 20 19 22 23 31 24 20 23 25 17 25 21 28 23 41 53 54 39 43 55 95 47 36 26 17 14 10 13 10 11 14 27 39 65 80 99 124 138 135 116 179 194 246 300 432 623 684 841 727 559 318 152 55 26 15 13 7 7 5 4 7 8 7 6 6 7 3 1 3 4 1 4 3 3 3 3 1 3 2 4 0 0 0 3 0 2 0 0 


66 35 36 18 19 24 23 16 15 8 8 13 16 13 6 27 14 16 13 15 8 17 15 18 10 12 10 14 11 17 10 16 12 11 11 13 12 10 12 11 2 19 22 9 22 15 20 12 16 20 21 20 21 24 23 19 23 25 32 21 49 42 38 47 47 63 69 91 114 132 124 118 106 168 149 168 195 196 209 229 272 288 336 427 452 507 685 790 909 1076 1292 1483 1730 1907 2372 2647 3158 3454 3759 4138 4634 5204 5591 5923 6189 7032 8144 8592 9027 9499 9571 10383 11172 11180 11516 12144 13019 13382 13289 13361 13396 13523 14336 14451 14692 14515 15097 15508 16498 15668 15215 15869 16433 16416 15766 15448 14746 15168 15159 14559 13775 12812 12363 12275 11912 11300 10793 10770 10897 10723 10161 9707 9288 9359 9512 9299 8772 8403 8277 8740 8175 7930 7672 7803 8127 8041 7743 7284 6903 6837 6637 6458 6026 5787 5772 5896 5729 5376 4984 4825 4827 4438 4129 3964 3703 3684 3300 2983 2858 2488 2425 2304 1887 1712 1682 1449 1436 1323 1193 1131 1042 1005 978 759 680 604 563 506 400 346 283 220 175 153 113 104 89 67 51 37 24 18 12 18 10 11 10 9 11 13 10 12 5 16 13 9 7 6 9 6 12 18 16 10 4 9 4 3 4 6 7 12 8 16 20 1621 
44 18 17 19 24 23 13 15 15 17 10 9 12 10 6 8 9 6 11 6 7 13 10 11 5 14 4 9 13 10 13 5 10 11 12 5 8 12 10 7 10 8 11 10 14 11 9 12 11 11 13 12 13 8 12 12 12 14 16 20 18 26 21 24 20 22 22 21 19 28 28 30 34 22 38 46 31 43 54 46 51 52 59 58 65 82 101 103 103 92 119 129 132 167 157 184 189 216 225 297 326 416 439 528 575 682 777 913 1142 1244 1413 1603 1934 1949 2145 2492 2676 2891 3166 3440 3659 4215 5176 6093 6075 6573 7280 7975 9697 9317 9349 10193 11674 12501 12522 12044 11935 12760 13898 13920 13732 13506 13696 14573 15490 15291 15366 16176 17547 18019 17897 16620 16538 17405 18338 17961 16537 15532 15376 15970 14870 13905 13338 13299 13599 13514 12495 11481 10931 11114 11082 10969 10073 9260 9131 9590 9682 9048 8408 7916 7908 8076 7898 7401 7538 7522 7629 6980 6139 5691 5755 6348 5530 4784 4327 4355 4323 4133 3473 3419 3787 3854 3505 3004 2747 2621 2487 2350 1952 1824 1728 1574 1455 1261 1158 1195 1178 1047 945 913 884 742 596 446 366 275 197 145 124 129 81 57 47 28 17 13 13 5 28 19 11 22 25 13 21 13 9 6 5 5 10 6 11 13 28 1621 
27 4 1 2 1 5 3 6 2 3 4 4 12 8 9 11 11 13 13 14 11 9 20 17 18 8 8 6 9 5 6 5 9 7 5 8 8 9 3 12 10 6 4 9 8 9 8 4 11 7 4 8 4 14 10 4 5 13 7 7 9 9 5 10 13 20 13 19 12 14 9 18 16 25 24 21 27 16 26 21 19 18 19 32 33 38 28 37 43 37 39 40 35 34 50 60 80 45 59 58 68 98 114 101 115 122 152 164 191 201 228 272 250 268 319 322 418 476 580 596 644 766 891 1034 1196 1366 1538 1694 2045 2100 2099 2310 2768 3005 3230 3558 3808 4297 4972 5502 5980 6421 6865 7562 8029 8211 8555 9332 10431 10971 11001 10680 10792 11605 12298 12912 12654 13144 13696 15026 15112 15232 15527 16491 17537 18350 18191 17637 17457 18448 18806 18192 17682 16533 16177 16213 16039 15354 14399 13756 13454 13162 12433 11822 11854 11856 11734 10868 10329 9444 9856 10100 9528 8506 7933 7537 7479 7341 6662 6748 7037 7004 6996 6232 5937 5865 5847 5625 5169 4618 4734 4765 4426 4102 4059 4084 3773 3427 3073 3149 3328 3247 2965 2930 2595 2549 2172 1887 1806 1808 1869 1703 1429 1294 1195 1032 697 546 452 425 343 276 249 208 164 123 106 47 52 30 22 16 21 17 32 1623 


