1
57 125 218 244 253 217 202 156 160 128 121 129 113 114 138 144 188 238 301 350 391 464 509 592 730 812 875 886 916 955 983 1096 1169 1083 1086 1114 1099 1060 1113 1123 1112 1126 1084 1089 1079 990 984 904 853 839 870 954 862 888 934 941 1016 964 831 715 688 504 443 477 406 325 238 187 152 163 181 237 217 243 289 262 298 304 307 342 419 429 530 462 497 516 591 648 603 759 910 915 909 821 788 582 608 380 291 247 189 155 121 88 72 35 36 29 30 34 35 20 30 27 34 31 33 31 27 39 25 24 31 25 27 31 32 44 48 40 43 33 46 50 50 61 44 74 73 86 134 119 100 36 11 10 5 8 8 12 7 10 7 11 6 4 9 11 9 11 12 19 12 21 31 31 37 50 49 56 91 106 121 125 85 31 15 14 8 6 9 9 3 5 7 4 4 2 1 1 0 0 0 0 0 0 0 0 0 0 0 0 0 0 0 0 0 0 0 0 0 0 0 0 0 0 0 0 0 0 0 0 0 0 0 0 0 0 0 0 0 0 0 0 0 0 0 0 0 0 0 0 0 0 0 0 0 0 0 0 0 0 0 0 0 0 
24 47 102 146 182 182 184 175 138 127 132 101 109 88 78 81 80 69 71 75 86 88 88 107 84 121 107 124 138 119 141 143 135 166 133 136 151 156 151 175 158 155 176 187 206 208 183 187 200 198 212 258 250 287 317 400 391 448 473 550 576 623 627 691 708 785 842 880 870 853 862 776 756 821 824 827 813 857 861 859 876 942 943 946 973 981 1012 1005 979 1110 1121 1055 1060 1113 1324 1327 1451 1562 1466 1474 1478 1498 1400 1263 1186 970 743 607 398 308 260 218 189 97 96 56 55 46 35 28 31 36 40 30 20 28 37 23 35 31 18 30 27 31 27 27 33 30 34 36 39 38 33 33 53 48 41 55 46 43 63 79 80 119 115 111 60 13 10 8 7 5 5 12 10 11 9 7 8 10 8 6 7 12 9 15 13 20 24 32 33 49 42 73 68 92 153 124 97 32 26 7 9 9 7 5 7 6 5 6 4 4 3 2 1 0 0 0 0 0 0 0 0 0 0 0 0 0 0 0 0 0 0 0 0 0 0 0 0 0 0 0 0 0 0 0 0 0 0 0 0 0 0 0 0 0 0 0 0 0 0 0 0 0 0 0 
0 5 7 16 35 38 43 71 72 91 84 95 98 120 92 101 97 89 100 99 91 87 89 79 60 64 62 70 67 51 48 51 38 39 45 58 53 50 48 52 51 49 53 58 42 63 66 69 70 62 84 72 93 87 72 82 92 93 68 104 101 113 100 110 103 113 116 104 113 112 100 102 131 118 131 137 113 112 119 112 132 153 134 148 140 164 147 162 192 212 234 233 281 325 404 452 549 531 530 674 687 712 827 987 1071 1258 1177 1366 1406 1446 1700 1704 1735 1732 1675 1391 1346 1109 1039 1011 956 884 883 851 823 830 763 781 812 774 830 777 832 823 845 850 822 818 818 772 800 743 679 634 577 487 421 370 352 270 241 183 166 152 105 101 103 71 89 93 101 128 136 117 61 31 14 12 8 7 5 7 7 5 7 12 11 13 10 8 11 8 7 14 13 9 19 20 26 30 42 46 58 86 101 135 160 91 34 15 22 11 8 9 9 5 2 6 7 7 3 3 5 6 0 1 0 0 0 0 0 0 0 0 0 0 0 0 0 0 0 0 0 0 0 0 0 0 0 0 0 0 0 0 0 0 0 0 0 0 0 0 0 0 0 0 


28 58 67 49 47 42 41 43 20 29 19 26 35 31 18 20 18 17 12 17 15 15 9 14 15 10 9 9 13 11 4 7 14 9 8 8 17 6 10 4 2 11 7 10 9 8 5 5 9 6 10 19 10 15 15 22 33 22 41 32 55 44 56 65 54 76 84 73 100 83 100 117 150 180 237 246 239 287 362 448 624 707 977 1340 1455 1759 2255 2755 3087 3199 3397 3630 3866 3765 4287 4525 4993 5230 5549 5494 5676 6071 6321 6526 6844 7233 8173 8701 9127 9472 9200 9570 10151 10355 10400 10544 10493 10806 11293 11826 11921 12200 12853 13259 13279 13381 13296 13775 15355 14453 13651 13366 13993 14434 14049 13573 12767 12186 12710 13074 12981 12020 11232 11041 10901 10529 9824 9794 9570 9488 9062 8464 8087 7929 7671 7613 7053 7278 7170 7515 7013 6666 6183 5787 5725 5743 5562 5483 5300 5331 5530 5576 5597 5471 5656 5927 5943 5902 5294 5275 5088 5188 4906 5030 4972 5272 5187 5103 5014 4866 5012 5179 4724 4558 4531 4689 4418 3887 3590 3296 3194 2920 2607 2150 2031 1805 1486 1422 1239 1182 1232 1106 1007 839 700 618 499 414 322 233 154 143 83 76 46 29 35 28 27 28 11 15 7 9 9 2 7 15 1 3 13 9 13 7 26 8 11 14 1 6 11 7 10 12 28 1621 
24 22 24 15 37 36 25 29 24 39 39 27 21 17 13 31 20 25 19 19 18 15 13 15 19 8 8 13 9 5 12 7 8 15 8 12 11 9 11 9 16 7 10 10 6 13 8 7 7 8 10 5 9 6 7 8 6 7 7 8 6 3 8 7 5 9 8 16 22 31 32 31 38 37 38 43 37 47 46 48 71 76 79 89 82 99 104 118 136 151 122 167 224 247 270 327 386 525 699 835 907 1203 1695 2116 2422 2837 3427 3988 4379 4402 4166 4490 5098 5308 5184 5076 4948 5226 5617 5820 6156 6509 7142 8037 8258 8084 8334 8701 10025 9796 9576 9630 10278 11339 12018 11887 11821 11868 12939 13771 14406 14311 13932 14316 14841 15089 14402 14122 14837 15847 16462 15014 13782 13130 13809 13940 13019 12472 12700 13682 12598 11453 10327 10107 9906 10186 9731 9141 8380 8014 8063 7671 7310 7058 7067 7293 6929 6474 6067 5640 5639 5852 5350 5278 5339 5952 6244 5647 5283 5360 5852 6382 5735 5506 5841 6335 6449 5802 5724 5658 6055 6022 5668 5031 4854 4762 4891 4394 4190 4055 3941 3864 3175 2738 2657 2504 2235 1983 1905 1790 1561 1335 1158 1231 1006 906 609 481 411 313 216 117 107 57 37 28 24 24 31 30 16 10 3 9 24 14 19 13 16 5 8 11 12 14 29 1621 
24 0 7 7 4 7 6 5 10 11 13 14 17 14 20 21 16 26 27 29 17 14 27 24 15 20 22 22 24 18 16 13 15 13 14 14 11 8 15 10 7 8 13 9 9 5 11 6 7 10 8 8 4 13 4 6 11 9 12 7 7 6 7 7 14 7 11 8 8 7 4 10 6 5 6 4 2 9 6 11 12 12 14 21 45 36 27 35 42 34 40 37 43 54 50 63 66 70 87 82 111 134 149 144 156 190 253 289 334 463 534 692 845 1090 1328 1386 1783 2133 2663 3144 3389 3648 4012 4365 4567 4556 4641 4861 5244 5129 5022 5086 5420 5729 6125 6271 6214 6221 6996 7692 8455 8734 8686 9044 9735 10171 10039 10163 10733 11317 11737 11560 11305 11484 11535 12308 12360 12888 13435 15352 15156 14687 13742 13769 14024 14670 14766 13907 12749 12501 12614 12364 11974 11714 11465 12054 11672 10918 10088 9910 9489 9244 8975 8721 8554 8954 8364 7929 7509 7113 7352 7570 6675 6415 6345 6446 6594 6152 5773 5596 6119 6005 5777 5452 5469 5639 5660 5523 5443 6025 6472 6517 6367 5957 6159 6099 5926 5485 5615 5884 5666 5251 4941 5279 4814 4685 4008 3669 3624 3536 2997 2578 2492 2519 2177 1775 1568 1337 1167 899 785 663 488 328 219 205 113 67 60 48 42 27 21 15 32 1625 


