1
82 195 63 68 141 370 2398 4939 6353 6803 5023 4069 3102 2304 1701 1418 1198 1032 986 952 923 969 1267 2323 4210 6036 6353 4897 2994 2301 2520 3164 2900 2041 1519 1258 1127 965 941 993 886 802 782 679 704 639 600 603 571 553 566 592 642 702 758 928 1049 1191 1423 1703 2108 2427 2948 3507 3952 4708 5359 5688 5666 5545 5228 4775 4289 3647 3260 3071 2818 2674 2596 2748 2648 2527 2409 2395 2297 2046 1833 1629 1452 1257 922 693 496 376 257 200 169 108 90 75 65 46 39 29 33 25 30 18 18 33 22 21 28 12 22 17 9 16 16 15 21 20 22 22 13 16 22 15 15 14 16 13 16 11 12 18 19 14 22 15 16 16 13 12 12 15 28 10 16 9 12 17 6 14 11 10 12 12 9 8 11 22 18 13 11 10 9 12 9 9 3 6 9 8 16 15 8 12 19 14 8 6 11 17 10 11 5 13 11 15 14 15 14 14 11 8 8 17 15 6 14 6 9 12 8 10 10 10 12 10 14 9 22 15 11 11 14 17 8 8 13 10 19 22 16 14 20 21 51 77 14 7 9 7 7 1 3 6 5 5 5 2 4 3 3 7 26 12 2 5 4 4 3 2 7 100 
24 206 57 44 57 84 104 75 109 173 168 159 117 149 127 157 239 368 999 2071 2417 2841 2907 2975 3099 3001 2977 3334 3386 3107 2730 2396 1938 1793 1959 1890 2189 3690 6129 7619 6609 3988 2212 2070 2069 2119 1749 1368 1076 967 835 793 700 652 630 590 524 550 558 521 511 460 512 532 536 527 584 663 723 754 946 1132 1216 1475 1639 1924 2275 2578 3238 3730 4334 4723 5116 5069 5179 5051 4745 4354 4126 3792 3675 3445 3566 3507 3374 3359 3007 2947 2669 2355 1996 1537 1170 880 673 445 312 258 196 156 133 103 76 51 44 36 40 23 51 32 23 24 33 29 22 19 24 19 20 30 18 26 25 27 26 20 19 19 21 9 17 13 13 14 18 16 20 15 22 20 18 21 14 16 17 21 8 9 5 6 9 7 7 6 6 10 8 7 8 12 6 8 8 6 10 5 6 3 2 3 4 10 5 10 11 8 8 6 6 4 10 4 11 3 5 9 9 12 12 7 7 8 7 8 2 6 5 6 5 5 2 5 8 8 2 4 13 10 6 2 4 2 3 2 7 7 4 4 3 5 5 11 10 8 8 7 5 3 8 3 5 5 4 2 4 4 11 32 7 3 6 4 4 3 8 100 
0 0 0 0 0 2 14 16 37 47 43 39 39 29 63 118 376 842 1385 1557 1818 2051 2518 3155 3595 4061 3750 3259 2754 2354 1954 1845 1592 1255 1076 1095 921 922 946 1028 1322 2103 4046 7228 7886 5071 3169 2421 1950 1477 1154 978 947 885 850 768 708 752 629 643 577 542 528 497 482 489 499 485 400 451 448 426 447 477 450 511 507 585 638 690 835 877 982 1011 1267 1393 1676 1995 2382 2714 3219 3649 4146 4578 4828 5060 4959 4900 4892 4606 4616 4536 4513 4476 4260 4215 3922 3482 3050 2465 1958 1496 1124 824 651 538 404 305 221 190 183 155 103 93 88 71 78 74 57 64 62 66 42 40 50 42 36 37 29 47 43 28 52 47 39 37 36 38 38 32 30 33 39 39 28 39 37 27 35 29 33 26 28 32 36 31 20 18 32 25 33 25 27 27 33 28 20 21 20 17 24 15 14 15 13 15 14 25 17 21 28 19 21 26 26 19 25 21 26 24 25 18 20 14 9 8 9 4 8 4 6 4 10 3 4 4 9 6 8 12 5 4 5 2 3 4 4 8 6 2 3 6 10 15 3 8 11 5 4 6 6 3 7 3 3 2 7 28 18 5 7 4 7 3 7 102 


0 0 0 0 0 0 0 3 16 106 250 441 763 2107 7693 18938 30509 35312 37174 36700 36898 38662 39278 39333 39271 38421 37860 37047 36753 35166 33398 31985 30004 27945 26019 23000 19157 14799 11128 8035 5072 2999 1729 764 274 118 105 94 92 102 86 66 62 78 71 66 76 64 76 74 60 66 78 58 73 58 61 70 55 64 67 54 50 52 58 47 38 50 35 39 26 34 19 14 18 6 8 5 5 4 3 1 2 2 0 0 0 0 0 0 0 0 0 0 0 0 0 0 0 0 0 0 0 0 0 0 0 0 0 0 0 0 0 0 0 0 0 0 0 0 0 0 0 0 0 0 0 0 0 0 0 0 0 0 0 0 0 0 0 0 0 0 0 0 0 0 0 0 0 0 0 0 0 0 0 0 0 0 0 0 0 0 0 0 0 0 0 0 0 0 0 0 0 0 0 0 0 0 0 0 0 0 0 0 0 0 0 0 0 0 0 0 0 0 0 0 0 0 0 0 0 0 0 0 0 0 0 0 0 0 0 0 0 0 0 0 0 0 0 0 0 0 0 0 0 0 0 0 0 0 0 0 0 0 0 0 0 0 0 0 0 0 0 0 0 0 
0 0 0 0 0 0 0 0 0 0 0 0 0 0 0 0 0 0 0 0 0 0 0 0 0 1 4 20 26 71 103 132 148 187 280 333 497 578 759 1043 1410 1981 2678 3541 4743 6555 8343 10220 12250 13287 13759 14674 15181 15558 15570 14940 14678 14268 13332 12919 12300 11939 11995 12194 12966 13285 14461 15429 16833 18421 20409 23642 26339 29679 35486 41953 50059 54227 59534 53463 26753 8503 1727 397 198 159 130 122 128 93 101 91 81 71 59 57 46 33 20 17 15 8 8 9 1 4 2 3 0 0 0 0 0 0 0 0 0 0 0 0 0 0 0 0 0 0 0 0 0 0 0 0 0 0 0 0 0 0 0 0 0 0 0 0 0 0 0 0 0 0 0 0 0 0 0 0 0 0 0 0 0 0 0 0 0 0 0 0 0 0 0 0 0 0 0 0 0 0 0 0 0 0 0 0 0 0 0 0 0 0 0 0 0 0 0 0 0 0 0 0 0 0 0 0 0 0 0 0 0 0 0 0 0 0 0 0 0 0 0 0 0 0 0 0 0 0 0 0 0 0 0 0 0 0 0 0 0 0 0 0 0 0 0 0 0 0 0 0 0 0 0 0 0 0 0 0 
0 0 0 0 0 0 0 0 0 0 0 0 0 0 0 0 0 0 0 0 0 0 0 0 4 10 29 67 98 140 210 308 541 844 1177 1628 2162 2811 3476 4489 5325 6125 6844 8108 9211 10426 11577 12101 13028 14298 15025 15653 15540 15428 15231 14896 14407 14270 14386 14427 14906 15326 15702 15748 16385 16769 17318 18137 19584 21414 23319 26181 29392 34601 39393 44644 51761 47737 30829 14479 4946 1670 572 370 232 186 149 128 99 107 117 101 90 104 83 74 78 64 68 52 58 45 43 32 38 15 20 11 10 7 7 5 4 5 2 0 2 0 0 0 0 0 0 0 0 0 0 0 0 0 0 0 0 0 0 0 0 0 0 0 0 0 0 0 0 0 0 0 0 0 0 0 0 0 0 0 0 0 0 0 0 0 0 0 0 0 0 0 0 0 0 0 0 0 0 0 0 0 0 0 0 0 0 0 0 0 0 0 0 0 0 0 0 0 0 0 0 0 0 0 0 0 0 0 0 0 0 0 0 0 0 0 0 0 0 0 0 0 0 0 0 0 0 0 0 0 0 0 0 0 0 0 0 0 0 0 0 0 0 0 0 0 0 0 0 0 0 0 0 0 0 0 0 0 0 0 


