1
0 0 0 0 0 0 0 0 0 0 0 0 0 0 0 0 0 0 0 0 0 0 0 0 0 0 0 0 0 0 0 0 0 0 0 0 0 0 0 0 0 0 0 0 0 0 0 0 0 1 3 1 2 2 3 0 5 4 8 9 15 25 21 20 26 37 55 50 97 105 143 200 229 295 378 431 521 664 701 810 1110 1215 1277 1277 1600 1273 1103 1159 1202 1216 982 1086 1042 1000 942 904 941 714 634 616 584 506 413 397 356 353 304 308 291 301 376 358 273 250 285 284 274 270 258 227 226 227 247 269 268 347 395 480 641 628 690 473 509 594 318 250 233 226 179 241 203 222 219 195 217 219 224 225 207 240 181 187 179 189 199 191 221 236 219 214 178 195 142 120 115 107 108 142 136 133 141 134 131 161 134 130 159 161 148 143 173 156 156 161 184 213 214 229 240 227 223 265 278 288 314 299 293 293 317 307 335 357 320 379 329 374 336 356 335 347 386 396 348 353 358 373 346 338 361 392 369 396 417 416 403 416 443 367 438 443 423 427 444 430 441 444 451 459 393 475 419 404 417 375 408 415 442 387 384 357 397 365 444 457 629 10383 
0 0 0 0 0 0 0 0 0 0 0 0 0 0 0 0 0 0 0 0 0 0 0 0 0 0 0 0 0 0 0 0 0 0 0 0 0 0 0 0 0 0 0 0 0 0 0 0 0 0 0 0 0 0 0 0 1 3 8 6 8 8 11 11 15 20 26 32 53 41 35 44 52 59 54 63 60 75 87 71 94 85 104 115 167 200 246 349 424 555 561 698 1077 1040 1189 1323 1614 1234 1175 1200 1185 1190 1094 1156 1231 1183 1007 963 868 766 897 849 767 632 602 543 512 421 445 385 372 348 338 380 342 378 447 505 680 689 732 691 594 482 614 374 259 258 228 207 232 198 225 207 214 207 213 217 226 212 219 217 166 176 164 221 178 166 226 242 209 199 197 167 143 146 110 117 111 121 156 139 135 129 138 146 150 147 143 160 162 161 147 177 158 175 187 212 225 221 236 230 249 290 260 286 312 298 291 310 286 336 307 356 313 351 334 364 337 359 335 362 366 382 365 358 350 349 325 317 347 383 388 371 400 430 415 401 424 388 428 417 426 428 426 429 449 422 426 457 410 419 422 407 423 366 372 387 388 414 403 390 435 524 641 11304 
0 0 0 0 0 0 0 0 0 0 0 0 0 0 0 0 0 0 0 0 0 0 0 0 0 0 0 0 0 0 0 0 0 0 0 0 0 0 0 0 0 0 0 0 0 0 0 0 0 0 0 0 0 0 0 0 1 3 8 6 8 8 11 11 15 19 24 30 51 39 33 43 51 55 52 57 50 61 65 51 69 60 55 50 65 57 60 59 62 67 63 66 57 94 94 110 165 207 248 393 451 517 597 725 1050 1237 1232 1456 1402 1306 1460 1546 1369 1359 1402 1426 1372 1078 1083 1093 920 893 766 779 682 688 690 734 854 804 835 826 761 618 752 511 386 416 330 298 309 252 250 244 237 221 224 224 231 216 229 230 171 179 176 222 180 183 224 240 217 192 194 186 147 147 109 119 102 122 162 138 133 125 140 147 155 138 148 156 157 175 139 175 166 172 182 217 213 226 237 224 251 296 261 294 284 317 279 315 291 325 303 347 338 341 336 346 340 377 322 371 353 385 359 380 342 338 328 320 348 388 377 383 380 429 417 399 421 388 416 429 414 425 437 422 461 406 444 438 422 424 420 398 428 371 365 383 404 414 401 384 430 541 638 11352 


24 0 0 0 0 0 0 0 0 0 0 0 0 0 0 1 0 1 0 0 1 0 0 0 1 0 0 0 0 0 0 1 0 1 0 0 0 0 0 2 2 0 1 4 2 3 3 5 9 6 9 6 9 12 19 18 28 61 57 54 86 90 125 88 103 107 123 145 147 160 152 147 149 144 149 161 204 285 345 307 310 306 333 394 415 538 674 814 956 976 1170 1297 1481 1724 2151 2466 2788 3037 3455 3919 4259 4621 4813 4728 4834 5199 5569 5652 5637 5680 5824 6212 6951 7073 7438 7536 8110 8747 9091 9134 9221 9351 9679 10372 10679 10624 10401 10103 11156 10692 11118 11081 11146 10646 10826 11335 11605 11291 11211 10775 10986 11426 11248 11203 11128 11077 11492 12038 12400 12477 12306 11928 12268 13024 13413 13771 13310 13126 13316 14285 13106 12579 12016 11652 11335 11575 11415 11103 10322 10241 10185 9925 9657 8953 8150 7623 7112 6806 6772 6277 5801 5472 5415 5458 5221 4916 4399 4291 4436 4293 4277 4201 3457 3386 3317 3045 2818 2444 2367 2130 1937 1827 1625 1456 1259 1224 1152 1064 905 781 746 585 456 292 210 166 146 105 87 57 27 28 22 23 19 22 21 16 23 13 12 15 19 11 7 13 15 16 14 7 20 13 6 0 11 13 4 9 20 32 19 8 7 13 31 1625 
24 0 0 0 0 0 0 0 0 0 0 0 0 0 0 0 0 0 1 0 0 1 0 1 0 0 0 0 0 1 0 0 0 0 0 0 0 0 1 0 0 1 0 0 0 0 0 1 0 0 2 3 2 2 3 0 0 1 6 3 7 2 8 14 18 11 16 15 28 33 28 33 57 86 84 83 82 89 92 112 127 145 163 170 180 153 152 134 132 130 126 151 156 208 267 270 262 258 359 359 549 692 781 953 909 948 1338 1516 1510 1625 1701 2113 2460 2336 2374 2569 3045 3507 4119 4347 4384 4500 4987 5589 5979 6129 5661 5726 6119 6185 6802 7328 7282 7171 7700 8499 9339 9223 8852 8628 9046 10161 10563 10672 10129 9836 10683 11713 12552 12496 11995 10841 10588 11535 12308 12470 11880 11779 12132 13443 13335 13043 12458 12227 12463 13739 14464 14250 13522 13668 14327 15596 15496 14995 14053 13039 12685 12825 13143 12541 11324 10864 10726 10905 10689 10053 9278 8832 9122 9071 8669 8052 6828 7017 6884 6602 6362 5518 5003 4921 5166 5033 4509 3941 3828 3899 4111 3766 3282 2857 2830 2661 2537 2082 1849 1746 1844 1738 1514 1388 1187 1134 1180 1057 680 518 407 389 263 160 106 65 38 36 41 44 29 19 29 24 25 14 17 23 8 13 4 8 9 12 34 28 11 13 26 1634 
24 0 0 0 0 0 0 0 0 0 0 0 0 0 0 0 0 0 0 0 1 0 0 0 0 2 0 0 0 0 0 0 0 1 0 0 0 0 0 0 0 1 0 0 0 0 0 0 2 0 0 0 0 0 0 2 1 2 0 1 2 0 2 1 0 2 3 1 3 2 2 3 6 5 7 14 16 13 12 17 13 16 20 25 21 34 44 41 55 66 86 92 104 115 94 135 161 176 177 240 220 194 151 141 127 134 179 225 261 290 297 367 456 492 591 679 857 933 941 1094 1059 1185 1356 1520 1645 1703 1607 1696 2103 2148 2441 2560 2611 2855 3203 3594 4158 4261 4241 4449 4687 4936 5174 5269 5145 5287 5931 6937 7280 7648 7710 7400 7355 7890 8530 8654 8473 8641 9019 10293 10753 10621 10369 10716 10949 11837 12058 11708 11181 11298 12011 12915 13528 13506 13095 12729 13271 13957 14823 14887 14633 14655 15870 16675 16948 16370 15419 14861 15805 15223 15078 14946 13253 12988 13193 12654 11835 10579 9624 9224 9328 9375 8945 8289 7964 8120 8179 7646 7125 6425 6306 6181 5842 5247 4921 4838 5032 5079 4769 4269 3930 3817 3990 3951 3257 2905 2704 2683 2504 2198 1933 1902 1761 1530 1446 1242 1367 1316 1072 902 846 796 802 557 398 309 281 142 88 68 47 50 41 23 26 1650 


