1
0 0 0 0 0 0 0 0 12 86 71 44 39 82 112 210 253 475 636 690 713 708 635 763 801 902 1020 1133 1167 1419 1964 1946 2258 2219 1970 1659 1489 1148 986 816 794 617 620 545 531 538 532 538 482 492 514 541 555 513 522 480 487 513 423 450 402 429 455 471 475 484 546 553 580 625 740 865 1046 1330 1570 1767 1886 1930 1864 2001 2018 1917 1805 1716 1680 1610 1585 1580 1565 1575 1517 1687 1831 2126 2348 2507 2692 2591 2679 2635 2523 2301 2152 1996 1783 1626 1365 1271 1092 966 813 674 544 447 334 269 222 181 162 144 102 84 76 62 54 75 44 29 28 28 26 18 20 16 16 10 13 11 8 13 6 4 2 6 8 5 5 9 5 2 6 2 9 6 3 6 5 3 4 4 4 4 7 4 6 5 0 4 6 2 2 4 6 2 5 6 5 3 3 5 2 7 6 4 6 5 1 5 3 5 1 1 1 6 1 4 1 5 3 7 6 7 5 6 7 2 1 4 5 2 3 3 2 4 4 9 6 5 2 7 3 1 2 8 3 2 5 3 5 6 2 7 7 2 5 3 4 5 6 7 13 3 7 2 9 7 6 16 9 5 6 8 5 21 27 186 
0 0 0 0 0 0 0 0 0 6 108 150 184 108 81 89 85 108 155 220 401 513 527 506 559 605 560 597 685 793 933 885 1073 1010 1257 1632 1630 1776 2074 1778 1711 1598 1408 1157 1012 890 778 635 590 513 502 487 546 517 475 481 479 537 489 437 514 542 454 422 410 490 437 396 443 465 440 404 473 418 456 445 487 540 524 475 446 432 443 500 543 583 806 1111 1472 1821 2099 2206 2484 2422 2243 2076 1874 1619 1529 1419 1302 1341 1395 1711 1978 2206 2423 2515 2447 2577 2523 2462 2315 2170 1944 1774 1622 1446 1248 1130 982 874 851 751 696 583 491 422 410 356 293 273 207 187 160 159 152 129 120 87 88 75 67 46 49 59 46 39 30 28 32 14 16 10 11 5 9 7 10 2 5 7 4 6 1 0 3 2 3 4 3 3 3 1 1 3 2 2 4 2 2 1 2 4 1 5 3 2 3 2 3 1 4 5 0 3 0 4 1 1 1 2 0 0 0 0 0 0 0 0 0 0 0 0 0 0 0 0 0 0 0 0 0 0 0 0 0 0 0 0 0 0 0 0 0 0 0 0 0 0 0 0 0 0 0 0 0 0 0 0 0 0 0 0 0 0 
0 0 0 0 0 0 0 0 0 4 32 97 29 29 21 19 19 40 27 55 97 114 259 376 458 420 417 506 508 455 500 565 563 800 810 808 899 943 1197 1395 1434 1629 1729 1615 1534 1507 1285 1119 986 870 803 673 612 490 506 463 490 487 473 451 446 423 395 381 410 401 425 476 439 460 394 418 378 340 353 319 348 369 288 382 359 418 433 435 453 415 386 349 337 332 340 367 372 430 506 530 661 973 1346 1871 2213 2555 2675 2698 2326 1942 1679 1474 1193 1095 1041 1237 1394 1530 1791 1955 2000 2074 2141 2082 2115 1838 1658 1599 1466 1415 1344 1295 1210 1127 1189 1210 1065 1049 896 921 821 790 702 686 553 500 463 468 446 350 338 320 298 260 221 200 195 166 192 157 114 120 97 80 77 77 65 60 59 53 52 46 42 50 49 36 33 39 22 38 30 30 33 33 26 31 30 41 25 26 29 34 24 17 24 22 22 26 17 29 23 22 29 19 17 14 16 18 14 16 19 18 18 18 14 18 11 22 14 12 19 16 16 10 10 15 17 10 11 11 18 8 14 15 13 15 13 18 10 22 19 15 21 14 21 21 23 17 20 26 17 23 21 27 28 33 32 44 62 888 


0 0 0 0 0 0 0 0 0 0 0 0 0 0 0 0 0 0 0 0 0 6 28 22 14 18 26 57 131 181 355 579 924 1265 1948 2661 3682 5213 7415 10522 14302 18034 21878 25306 28087 29668 30496 31645 34193 38205 43046 46983 48534 48017 47461 44723 41249 38184 32937 26543 19227 13640 9590 6975 5183 3711 2867 2210 1921 1454 1313 1165 1024 967 991 886 858 818 790 719 720 743 789 723 748 849 835 809 847 909 983 1036 1226 1340 1450 1601 1912 2047 2301 2562 3016 3196 3416 3485 3646 3419 3122 2698 2404 1828 1251 888 704 560 432 370 302 276 270 268 267 285 264 309 295 347 357 402 408 457 490 486 561 659 698 807 803 758 739 730 624 674 589 557 531 542 480 445 402 427 380 343 285 254 230 206 179 146 112 92 84 62 55 36 39 39 32 17 10 9 10 2 0 0 0 0 0 0 0 0 0 0 0 0 0 0 0 0 0 0 0 0 0 0 0 0 0 0 0 0 0 0 0 0 0 0 0 0 0 0 0 0 0 0 0 0 0 0 0 0 0 0 0 0 0 0 0 0 0 0 0 0 0 0 0 0 0 0 0 0 0 0 0 0 0 0 0 0 0 0 0 0 0 0 0 0 
0 0 0 0 0 0 0 0 0 0 0 0 0 0 0 0 0 0 0 0 0 0 0 0 0 2 3 10 20 29 75 109 177 311 550 698 941 1240 1520 1967 2575 3341 4383 5721 7307 9287 11561 13801 16240 18555 20163 21712 21946 21978 21718 22277 24057 26523 30539 34621 37129 38378 37895 37698 36163 34640 33133 30834 27311 23322 19531 16158 13476 10878 8660 7451 5959 4880 4004 3244 2738 2284 1854 1663 1394 1223 1097 1109 917 838 792 721 742 681 672 668 680 596 670 696 642 687 695 681 728 854 965 1135 1319 1424 1646 1907 2101 2266 2523 2688 2706 2841 2796 2783 2586 2434 2371 2161 2000 1809 1516 1291 1140 941 840 689 595 561 490 367 361 337 324 251 270 268 229 247 244 238 222 198 206 193 232 205 226 181 236 264 262 233 280 234 246 261 242 240 253 252 260 261 274 262 282 273 303 325 375 407 454 538 529 619 622 751 808 873 888 798 775 747 705 645 627 543 544 389 402 362 288 262 218 206 168 125 88 92 83 67 51 52 36 34 27 15 10 6 8 9 6 2 0 0 0 0 0 0 0 0 0 0 0 0 0 0 0 0 0 0 0 0 0 0 0 0 0 0 0 0 0 0 0 0 0 0 0 0 0 0 
0 0 0 0 0 0 0 0 0 0 0 0 0 0 0 0 0 0 0 0 0 0 0 0 0 0 1 3 7 11 16 32 66 94 111 223 339 549 657 783 1004 1260 1519 1867 2359 2942 3562 4559 5694 6988 8556 10358 11978 13659 15599 17180 18351 18986 18878 18752 19010 19258 20626 22855 26196 29126 31529 32141 31879 31243 30426 28787 26471 25129 23539 22720 21406 19526 17561 15403 13518 12038 10333 9848 8924 7991 7099 5846 5240 4593 3992 3354 2754 2426 2098 1868 1601 1326 1103 974 969 825 790 707 672 629 605 534 596 557 571 587 567 641 630 694 744 813 974 1118 1197 1265 1475 1498 1738 1845 1904 2039 2037 2065 2060 2206 2177 2214 2180 2009 1940 1889 1859 1788 1586 1423 1323 1130 995 938 830 747 617 513 497 481 445 333 312 326 292 250 214 258 221 238 204 224 231 231 239 231 212 284 213 230 216 225 225 245 224 225 255 236 263 246 282 277 271 280 283 261 293 272 255 263 302 268 303 323 324 317 398 442 497 514 500 511 601 580 641 625 611 607 560 553 523 517 472 494 473 442 487 403 368 359 318 271 260 236 209 165 185 147 136 145 119 114 87 93 67 67 47 69 50 48 42 37 37 27 27 25 18 19 19 14 17 9 9 22 


