1
0 0 0 0 0 0 0 0 0 0 0 0 0 0 0 0 0 0 0 0 0 0 0 0 0 0 0 0 0 0 0 1 2 2 1 3 0 1 2 3 0 2 0 7 1 3 2 8 13 13 8 15 34 40 50 72 103 113 134 197 190 239 312 376 494 599 759 986 1080 1184 1412 1579 1554 1861 1823 1798 1858 1769 1681 1711 1728 1554 1378 1227 1081 996 866 875 726 670 612 617 491 398 384 325 334 285 288 222 219 210 206 196 194 223 327 663 973 338 310 250 274 267 268 322 331 440 458 435 441 499 549 721 913 987 1055 1021 799 961 580 337 276 259 271 265 267 247 238 229 247 245 230 242 263 235 228 171 160 155 167 135 185 166 161 169 152 155 138 119 131 132 115 132 138 167 138 137 145 142 150 177 170 170 187 225 196 213 221 221 233 256 275 252 287 312 321 302 417 355 391 428 398 440 404 426 428 440 438 438 496 417 412 454 483 446 477 467 461 449 441 434 488 428 440 535 525 512 482 540 517 501 548 587 510 510 511 534 506 571 532 545 530 541 525 552 571 538 511 502 500 521 443 437 461 450 426 456 397 409 410 422 449 496 680 9101 
0 0 0 0 0 0 0 0 0 0 0 0 0 0 0 0 0 0 0 0 0 0 0 0 0 0 0 0 0 0 0 0 0 0 0 0 0 0 0 0 0 0 1 1 3 1 3 0 1 2 2 1 2 4 13 14 33 32 20 32 49 62 74 71 86 89 136 140 122 155 166 218 221 309 366 427 516 649 650 822 1065 1197 1328 1399 1619 1656 1819 2026 2128 2015 1665 1626 1462 1328 1464 1249 1228 1118 957 841 671 639 592 592 510 503 466 804 1054 479 439 441 417 363 398 411 397 453 614 482 499 501 513 579 719 913 1027 998 1148 641 952 610 339 279 252 239 261 259 249 232 230 240 232 230 241 251 233 249 193 153 164 146 161 160 150 158 188 176 145 145 143 126 122 122 138 122 134 158 164 149 121 148 171 171 138 196 212 198 210 215 227 230 242 270 266 278 272 312 343 334 390 378 404 411 390 409 408 427 400 448 442 446 477 397 429 427 449 426 485 469 427 453 446 436 433 420 458 548 497 486 500 531 523 521 507 534 532 499 501 510 497 509 561 518 515 496 557 523 554 525 497 541 504 484 479 447 429 424 424 445 421 443 426 547 700 10194 
0 0 0 0 0 0 0 0 0 0 0 0 0 0 0 0 0 0 0 0 0 0 0 0 0 0 0 0 0 0 0 0 0 0 0 0 0 0 0 0 0 0 0 0 0 0 0 0 0 0 0 0 0 2 9 15 31 30 16 27 46 59 64 52 72 60 97 96 80 89 97 125 113 148 151 142 176 158 112 160 163 171 153 185 192 229 264 282 446 558 614 725 910 898 1170 1317 1642 1702 1853 1874 1811 1874 1916 1781 1562 1725 1598 1909 2134 1473 1287 1039 905 804 778 685 665 667 751 651 635 625 659 736 851 1033 1148 1115 1313 748 1007 719 416 342 302 268 278 271 263 231 237 239 237 243 261 246 236 243 206 151 169 145 162 158 152 159 185 176 155 142 137 129 124 123 128 130 132 162 153 161 122 140 165 177 146 185 205 209 210 214 219 231 238 265 275 281 268 316 339 334 377 377 410 398 397 403 418 416 403 438 456 450 470 400 426 414 453 435 484 461 442 440 454 423 441 423 438 534 522 470 513 525 519 522 501 540 528 506 503 491 514 496 547 537 506 497 558 527 543 534 501 533 504 504 473 446 437 435 410 438 416 449 436 529 700 10268 


24 0 0 0 0 0 0 0 0 0 0 0 0 0 0 1 0 0 0 1 0 0 0 0 0 0 0 0 0 0 1 2 0 0 0 0 1 0 0 1 1 2 0 2 6 5 10 12 17 44 46 76 120 186 151 171 179 186 169 151 151 175 194 213 200 235 206 201 201 202 228 274 315 420 360 424 468 517 519 549 557 511 465 439 418 463 548 542 676 698 827 942 1146 1360 1586 1707 2005 2069 2164 2363 2650 3045 3413 3829 4087 4386 4847 5339 6094 6887 7367 7407 8383 8247 8473 8807 8819 9295 10209 10751 11042 11122 11322 11394 12279 12908 13016 13094 14354 14232 14610 14444 14321 14631 15154 15731 15528 14762 14579 14107 14133 14070 13645 13563 13092 13121 13285 12721 12259 11670 11641 11615 11374 10799 10074 10059 9712 9751 9515 9778 9228 9047 8714 8551 8116 7925 7974 7882 7413 6889 6314 6218 5975 5740 5540 5381 5334 5252 5162 4809 4522 4282 4225 4083 3859 3663 3420 3305 3309 3210 3140 3132 3028 3161 2994 2635 2463 2236 2194 2170 1987 1732 1551 1516 1252 1126 1105 1073 1075 981 799 724 578 559 458 354 316 277 247 190 121 89 61 56 29 35 23 26 14 14 7 11 9 8 10 9 3 7 4 8 8 4 6 25 19 17 3 7 5 6 4 10 9 16 25 1623 
24 0 0 0 0 0 0 0 0 0 0 0 0 0 0 0 0 0 0 0 1 1 0 0 0 0 0 0 0 0 0 0 0 1 1 0 0 0 0 0 1 0 0 1 0 0 0 0 0 0 0 0 0 3 1 0 1 4 3 4 6 6 5 13 22 37 83 123 136 131 100 128 201 190 181 210 196 244 244 217 211 203 188 190 196 176 208 238 307 344 368 450 500 531 531 569 504 436 439 408 395 448 486 580 575 686 780 927 1225 1442 1624 1759 1937 2165 2358 2447 2591 2887 3397 4075 4207 4627 4998 5233 6022 7111 7479 7249 7886 8050 8224 8380 8557 9005 9853 10515 11006 10868 10673 11113 11992 12534 12795 13096 13577 14740 15548 15852 15222 15136 16138 16962 16859 16183 15340 15039 14901 15208 14273 14534 14148 14212 14158 13716 12627 12175 12355 12243 11980 10957 10290 9921 9770 9673 9172 8785 8839 8808 8505 7875 7404 6898 6871 6959 6532 6108 5814 5641 5840 5567 5456 5518 5334 5311 4787 4459 4129 4083 4245 4034 3742 3381 3405 3397 3241 2924 2920 3087 3164 2986 2544 2174 2218 2107 1878 1847 1751 1771 1468 1197 1021 984 1039 1096 848 759 705 611 495 413 371 290 184 119 81 34 42 40 24 11 10 12 15 6 9 38 20 2 10 6 4 8 11 15 28 1624 
24 0 0 0 0 0 0 0 0 0 0 0 0 0 0 0 0 0 0 0 0 0 1 1 0 0 0 0 0 0 0 0 0 1 0 0 1 0 0 0 0 0 0 1 0 0 0 0 1 0 0 0 0 0 0 0 1 0 0 0 0 0 0 1 2 1 2 2 2 7 5 6 3 6 11 10 23 41 56 96 130 107 99 87 101 129 182 202 212 204 215 198 211 192 228 174 188 171 212 200 206 231 272 357 394 355 348 380 441 588 507 488 489 544 494 477 455 538 552 651 635 673 798 942 1058 1238 1451 1703 2045 2195 2390 2664 2803 3076 3607 4267 4680 4685 4735 5070 5857 6384 6498 6944 7345 7711 7990 8098 8281 8599 8975 9954 10464 10571 10601 11245 11717 12546 13182 14432 14199 15254 15661 15963 15920 16625 17434 18183 17933 17136 16187 15988 15724 15203 14547 14038 14472 14421 14326 13466 12876 12415 12309 12504 11697 11022 10228 9698 9790 9102 8751 8741 8173 7816 7396 6706 6592 6471 6491 6199 5883 5523 5468 5288 5226 4954 4880 5170 5348 4886 4511 4433 4487 4153 4020 3699 3707 3674 3591 3515 3277 3328 3481 3768 3193 3005 2883 2783 2541 2307 2210 2066 1664 1447 1475 1475 1432 1318 1136 965 866 681 536 542 417 399 305 225 195 157 92 58 52 34 36 1626 


