1
0 4 38 51 38 32 46 67 132 335 659 1390 1765 1851 1803 1812 1755 1439 1307 1231 1073 833 782 668 619 579 513 456 437 463 470 602 848 1174 1622 2153 2709 2550 2090 1427 852 537 470 418 364 363 347 373 332 367 363 378 379 349 391 340 311 319 288 270 239 249 261 247 216 218 256 204 227 201 232 212 200 198 202 246 182 217 233 225 230 226 225 248 211 237 257 227 248 255 301 295 311 322 326 368 366 400 437 493 584 703 796 867 1016 1178 1325 1426 1670 1836 2037 2123 2264 2347 2545 2647 2606 2605 2687 2696 2609 2359 2188 2063 1857 1772 1527 1407 1301 1246 1101 1017 903 797 678 638 666 651 600 596 591 571 561 572 537 562 578 526 508 526 500 475 472 462 478 494 444 494 461 465 458 454 426 449 429 375 416 404 383 382 375 412 324 353 301 306 306 301 250 296 241 267 258 250 233 253 217 212 219 176 176 176 173 176 147 156 151 146 124 166 159 129 118 108 108 116 113 109 79 107 105 86 70 87 92 70 79 80 83 73 67 58 52 50 60 46 54 43 58 52 43 52 33 49 46 38 32 41 36 34 36 41 26 30 19 31 30 21 24 32 34 26 32 36 27 317 
0 0 24 21 22 16 16 17 15 41 39 73 68 57 56 90 196 288 378 483 655 850 1054 1312 1499 1530 1275 1189 1098 1070 959 851 823 724 715 692 681 663 550 548 494 518 493 513 467 445 457 449 470 662 1221 1928 2729 2870 2346 1678 957 610 468 389 331 345 303 350 348 349 336 343 339 326 288 269 300 263 226 240 223 240 233 218 212 196 198 198 208 196 196 186 194 202 200 203 197 226 202 207 200 206 224 193 215 177 207 214 208 230 210 236 219 232 248 269 269 278 266 300 308 322 369 385 385 473 483 522 597 735 793 891 1005 1141 1310 1508 1603 1774 1919 2065 2224 2300 2454 2508 2611 2641 2661 2499 2489 2329 2159 2042 1758 1735 1531 1476 1324 1277 1188 1073 1003 867 852 765 736 702 669 706 660 663 680 584 605 615 591 551 546 585 527 568 532 512 545 484 498 503 505 488 443 438 384 426 357 402 368 381 369 378 331 343 331 284 300 312 271 265 239 224 248 229 209 226 204 184 146 175 168 157 160 150 170 143 152 125 137 128 108 122 111 104 93 90 97 97 88 78 84 67 88 87 67 79 57 65 56 57 50 50 52 44 51 51 53 47 55 50 64 49 60 56 
0 0 0 0 0 0 0 0 0 0 0 0 2 6 16 17 10 15 11 15 24 23 40 20 35 39 41 48 50 59 61 88 85 103 115 167 183 223 321 438 509 529 488 545 502 576 499 582 594 559 612 682 793 763 696 719 648 647 689 644 653 639 684 626 590 583 556 567 551 563 505 510 591 603 626 699 1052 1678 2334 2680 2503 2041 1492 1057 812 665 560 461 427 369 320 320 299 308 248 240 265 271 238 221 232 219 196 243 197 195 174 195 194 189 200 221 169 186 185 199 187 183 191 196 175 202 202 181 196 186 186 199 197 190 185 224 246 236 233 252 238 273 282 308 313 312 415 380 429 465 578 582 629 710 796 897 1075 1167 1207 1428 1575 1684 1814 1906 2155 2150 2312 2406 2433 2448 2413 2335 2321 2285 2209 2135 2008 1918 1808 1698 1635 1580 1444 1357 1314 1190 1103 1042 992 913 878 916 805 759 716 714 684 656 664 630 608 604 566 591 543 512 504 463 408 402 430 413 392 377 402 379 358 362 355 333 312 278 304 271 290 270 242 243 229 212 185 190 212 184 174 192 181 186 181 159 154 139 148 132 142 164 136 168 135 123 114 104 126 120 107 112 132 154 162 550 


0 0 0 0 0 0 0 0 0 0 0 0 13 20 21 39 68 120 158 235 455 615 951 1511 2625 4350 6482 9010 12502 15725 19118 23085 25198 27042 29076 30295 31159 32136 32533 33879 33858 34182 33770 32190 29361 26900 24866 23095 21435 19546 18807 17507 16023 14605 13553 12192 11225 10201 9630 8863 8098 7758 7295 7004 6759 6666 6374 5960 5457 5207 4903 4439 3993 3609 3074 2704 2419 2033 1632 1383 1209 1048 874 703 591 433 272 219 185 151 136 128 118 85 106 107 90 96 106 95 75 84 91 69 84 69 76 71 73 69 68 70 53 67 57 61 61 61 64 51 40 41 51 46 48 45 43 34 37 49 37 35 44 45 31 42 40 31 35 39 38 22 18 33 22 31 29 23 18 23 21 25 23 20 20 15 12 16 17 12 12 13 13 16 11 10 12 13 16 8 6 13 8 12 5 7 2 6 8 2 6 5 7 7 6 3 2 7 6 2 3 4 7 5 4 5 1 3 4 3 4 2 2 4 2 1 2 3 1 1 3 0 2 1 0 2 2 1 0 2 3 1 1 1 3 1 1 1 1 0 0 0 1 0 0 1 0 2 1 0 0 1 0 1 0 0 1 0 0 0 0 0 0 0 0 0 
0 0 0 0 0 0 0 0 0 0 0 0 0 0 0 0 2 18 10 6 14 28 29 20 34 31 23 29 23 42 38 71 68 101 129 185 190 259 368 483 564 659 888 1180 1710 2348 3008 3770 4935 5912 6999 8103 8862 9620 10791 11528 12158 12777 13168 13591 13647 13742 13946 14182 14061 14642 15101 15140 15350 16104 16453 17296 18272 18371 18874 19368 20352 20376 20808 20584 20918 20402 20294 20104 20071 19666 19948 18803 17464 16417 15252 14112 12792 12346 11185 10653 9785 9026 8312 7834 7301 6804 6065 5525 4868 4412 3927 3632 3181 2902 2678 2514 2342 2092 1860 1722 1550 1456 1292 1157 1001 924 858 842 778 644 602 513 466 382 392 321 292 297 254 237 226 205 167 191 145 121 153 116 116 100 106 98 94 87 82 92 70 74 70 68 58 70 66 53 66 68 53 47 45 43 32 34 25 30 26 37 37 27 24 32 24 22 25 19 15 20 19 22 21 16 18 18 8 11 13 11 5 13 14 8 13 12 12 12 4 8 7 7 8 4 7 10 4 4 0 5 5 9 9 2 7 2 6 5 5 2 6 3 1 4 2 1 5 3 2 3 1 3 4 0 1 2 0 1 1 1 2 3 1 4 0 0 3 1 1 1 0 0 0 0 
0 0 0 0 0 0 0 0 0 0 0 0 0 0 0 0 0 0 0 0 0 0 0 0 0 6 7 6 5 3 2 8 3 14 16 10 19 15 16 13 13 14 17 17 11 13 9 13 8 15 5 15 6 9 5 11 8 13 5 6 10 12 8 8 11 4 12 26 27 21 35 28 42 42 50 56 48 58 74 75 82 109 98 125 122 137 150 138 192 204 218 262 287 305 360 381 422 485 507 505 595 659 787 793 866 959 1073 1194 1243 1401 1507 1639 1803 1936 2060 2229 2219 2354 2563 2743 2885 3148 3314 3382 3500 3719 3722 3885 3904 4017 4276 4527 4574 4984 5061 5346 5350 5672 5813 6129 6119 6302 6415 6670 6744 6974 7163 7244 7241 7313 7577 7531 7884 8127 7953 8251 8464 8452 8942 9557 9812 10086 10245 10543 10646 11202 11306 11913 12009 12386 12773 12737 13145 13483 13786 14252 14257 14000 13852 14179 14168 14014 13597 13609 12626 12166 11392 10887 10206 9754 9400 8361 7979 7403 7175 6669 6448 6146 5966 5586 5460 5239 4922 4638 4664 4544 4352 4274 3950 3840 3817 3574 3350 3200 3107 2989 2775 2730 2596 2464 2364 2334 2371 2073 2076 2038 1899 1830 1840 1667 1721 1657 1653 1563 1556 1454 1365 1372 1418 1367 1369 1396 1373 1383 1369 1345 1368 1351 1372 1414 1416 1483 1616 1861 2347 7137 


