0
0 0 0 2 3 1 9 5 10 17 28 33 55 89 202 365 619 846 1069 1090 969 782 633 484 388 331 296 300 290 321 313 324 343 393 402 480 442 506 580 577 612 671 702 691 719 727 689 607 513 585 550 461 446 424 441 406 411 391 357 328 324 281 278 275 265 298 306 318 339 347 433 514 683 866 995 1029 994 863 760 628 594 522 550 519 457 442 398 352 329 347 328 382 361 346 385 416 461 422 500 511 508 489 471 455 427 421 456 435 372 360 368 377 361 322 328 333 334 290 235 295 235 274 225 233 202 203 212 188 180 158 144 138 130 160 132 142 131 153 99 105 119 77 84 87 62 80 69 53 66 59 44 51 28 32 26 26 26 21 15 16 17 9 13 15 9 12 10 11 7 14 7 10 4 11 7 7 7 7 8 2 2 3 4 2 1 1 1 0 0 0 1 1 0 0 0 1 0 0 0 0 1 0 0 0 0 0 1 0 0 0 0 0 0 0 0 0 0 0 0 0 0 0 0 0 0 0 0 0 0 0 0 0 0 0 0 0 0 0 0 0 0 0 0 0 0 0 0 0 0 0 0 0 0 0 0 0 
14 12 9 18 15 23 31 43 51 65 116 172 249 546 912 1225 1256 1207 998 691 535 428 368 345 372 420 450 500 596 577 695 701 851 818 825 835 792 744 730 627 520 550 473 473 393 382 347 312 288 270 253 243 212 242 251 301 368 535 739 984 1148 1072 947 800 682 637 575 496 499 454 467 435 396 388 377 336 276 276 234 193 192 202 180 177 179 199 189 175 184 165 158 155 211 179 190 177 177 165 200 156 174 172 133 150 165 157 149 153 146 120 134 116 111 118 124 120 123 134 120 150 138 168 160 168 213 196 226 265 284 272 255 260 305 286 325 284 285 294 271 288 261 284 271 268 252 226 226 264 200 228 216 186 204 168 213 204 176 198 158 146 137 123 108 145 98 125 108 97 77 88 81 69 64 47 46 33 37 33 39 25 22 18 13 15 19 5 7 9 3 2 4 7 3 2 1 3 1 1 0 1 1 0 0 0 0 0 0 0 0 0 0 0 0 0 0 0 0 0 0 0 0 0 0 0 0 0 0 0 0 0 0 0 0 0 0 0 0 0 0 0 0 0 0 0 0 0 0 0 0 0 0 0 0 0 0 0 
1 5 2 5 6 4 10 16 25 33 40 87 128 236 422 639 954 1198 1225 1033 809 688 534 461 476 520 564 681 710 734 873 862 795 871 850 859 819 803 759 700 629 580 559 495 528 361 374 361 376 437 519 711 904 1115 1226 1114 1063 993 786 657 523 504 399 344 353 265 261 226 220 195 162 169 166 149 144 116 110 111 97 105 103 98 80 78 61 71 83 73 77 97 96 112 111 106 97 72 76 65 51 57 65 51 42 58 50 63 77 69 60 81 61 58 77 79 74 76 58 72 85 88 82 86 93 113 123 121 110 97 89 100 92 86 89 95 94 112 95 95 98 87 79 90 92 103 100 95 100 104 116 119 100 128 121 126 117 131 144 166 186 192 225 228 260 251 263 261 262 301 314 366 331 350 384 343 335 278 220 249 242 249 230 271 257 259 220 206 220 213 206 182 224 194 184 188 164 146 132 122 107 83 87 54 39 34 32 25 12 11 7 8 7 4 4 3 1 3 2 2 0 0 0 1 0 0 0 0 0 0 0 0 0 0 0 0 0 0 0 0 0 0 0 0 0 0 0 0 0 0 0 0 0 0 0 0 0 0 


893 1079 993 940 800 665 634 572 549 519 497 527 597 640 726 793 781 773 639 663 698 750 951 1322 1588 1752 1795 1817 1816 1707 1617 1361 1225 1019 919 827 701 731 617 599 598 566 524 484 499 477 452 466 376 378 385 382 337 326 374 405 371 402 393 437 417 481 478 487 512 462 528 588 583 595 630 716 740 733 732 756 725 788 770 767 755 719 774 745 705 655 682 652 668 728 721 702 770 691 740 711 732 692 687 627 668 689 668 628 720 662 727 709 805 778 789 883 889 847 886 829 879 920 855 874 902 952 930 1157 1153 1192 1247 1399 1551 1696 1748 1825 1903 2165 2409 2744 3022 3568 4267 4972 5766 6612 7314 8250 9280 10292 11503 12602 14159 15115 16047 17362 17933 18592 18271 17819 17720 17544 16645 16320 15933 15150 14613 14850 14619 15112 14999 14488 13971 14060 13809 13250 12492 11512 10985 10278 9828 8705 8060 7538 6930 6264 5712 5334 4949 4775 4639 4569 4528 4668 4645 4770 4831 4812 4808 4603 4548 4444 4339 4326 4222 4223 4375 4441 4433 4929 5193 5743 5914 6294 6201 5920 5634 5460 5075 4821 4646 4149 3742 3538 3511 3717 3879 5617 7108 6161 4448 3597 3188 3306 3213 3295 3583 3946 4167 4424 4369 3508 2764 2063 1517 1143 862 704 513 362 351 261 210 174 174 156 153 142 231 389 
12 20 20 28 31 41 41 35 37 58 79 84 148 203 344 463 526 550 553 486 375 275 227 143 119 90 82 74 68 63 66 64 77 82 81 91 116 110 118 115 130 144 140 188 193 207 249 304 358 445 569 892 1184 1489 1869 2129 2230 2121 2028 1607 1292 914 608 476 339 285 276 230 251 227 240 244 233 245 243 264 288 300 341 344 360 391 406 397 435 433 448 464 456 450 472 499 516 492 573 551 518 479 453 520 520 521 474 475 527 555 509 547 508 480 505 429 447 452 413 424 423 426 415 422 456 458 438 467 503 477 558 505 534 576 621 649 697 700 774 862 812 809 832 850 838 951 957 1028 1057 1030 966 1061 1055 1005 1046 1148 1175 1300 1411 1622 1788 1862 2033 2099 2074 2105 2185 2379 2532 2861 3391 3964 5018 6256 7603 8807 9711 10735 11968 13599 15586 17927 20144 22875 25249 27633 28485 29638 30071 29470 28593 26825 25522 24900 24602 23699 22002 20456 19118 17531 16062 14726 13362 12114 11151 9890 8942 8867 9204 9777 12126 13797 12556 10273 9127 8202 7281 6173 5412 4913 4424 4184 3874 3890 3717 3755 3759 3816 3857 4040 4299 4696 4929 4479 3675 2974 2097 1611 1287 1020 866 689 557 481 339 284 229 173 191 132 123 112 108 90 78 70 78 77 132 159 
60 79 68 74 110 125 143 143 144 160 152 124 143 147 154 148 198 301 380 503 586 601 583 508 366 298 213 187 140 94 92 88 95 83 84 86 97 75 90 113 90 96 105 97 96 97 130 106 127 163 135 157 159 190 180 162 127 128 119 119 125 101 67 86 54 67 70 59 44 59 76 64 79 72 78 79 79 64 68 71 84 74 71 92 76 75 74 79 63 70 93 83 80 86 81 70 101 100 109 126 106 138 109 120 131 130 139 135 145 123 130 140 152 145 173 155 203 207 224 276 314 345 375 444 463 445 451 462 440 394 401 393 386 392 420 428 498 480 455 457 464 448 434 483 448 445 454 457 461 515 482 469 455 479 470 489 507 474 554 537 536 619 710 748 752 824 865 920 1013 1083 1198 1208 1350 1436 1479 1535 1596 1589 1610 1666 1729 1833 2065 2235 2393 2462 2589 2654 2929 3336 4121 4647 6060 8068 10373 10433 10683 12848 15124 17926 20927 23720 26796 30812 34954 40485 45578 49526 52371 52313 50192 45619 39890 34680 30746 28081 25557 22915 19853 15097 10169 7459 6282 5824 5653 5830 5810 5519 4564 3423 2519 1872 1329 1058 840 640 584 414 356 275 243 221 151 150 119 115 100 103 74 57 56 51 36 18 24 15 


