1
0 0 0 0 0 0 0 0 0 0 0 0 0 0 0 0 0 0 0 0 0 0 0 0 0 0 0 0 0 0 0 0 0 0 0 0 0 0 0 0 0 0 0 0 0 0 0 0 0 0 0 0 0 0 0 0 0 0 0 2 4 13 34 56 112 112 159 228 244 277 381 381 351 382 454 456 515 501 538 588 664 735 852 882 963 974 1120 1221 1128 1283 1142 953 850 798 945 787 708 592 663 643 600 714 723 560 473 471 432 415 365 354 352 282 278 249 235 177 167 173 155 160 175 165 179 169 186 208 192 203 233 231 270 307 376 359 316 334 316 351 338 287 333 315 334 373 314 274 255 249 255 250 240 246 282 230 276 192 245 221 189 178 251 248 213 200 250 268 242 202 249 286 352 438 683 839 657 523 509 381 307 280 210 198 172 145 144 146 169 168 143 191 185 176 181 180 166 198 177 176 179 193 183 204 215 235 239 221 223 261 274 247 268 294 316 320 321 399 386 424 433 392 430 450 409 476 471 420 474 454 468 449 447 501 462 495 479 493 508 494 504 508 523 541 449 533 519 470 508 525 506 532 548 551 599 650 994 35450 
0 0 0 0 0 0 0 0 0 0 0 0 0 0 0 0 0 0 0 0 0 0 0 0 0 0 0 0 0 0 0 0 0 0 0 0 0 0 0 0 0 0 0 0 0 0 0 0 0 0 0 0 0 0 0 0 0 0 0 0 0 0 0 0 0 0 0 0 1 0 0 1 0 8 16 13 26 59 95 122 173 193 247 259 355 367 459 554 542 717 736 729 768 943 1173 1121 1137 1245 1416 1422 1381 1504 1223 1101 1126 1274 1023 946 913 921 757 612 533 505 427 379 338 301 256 272 246 188 208 238 242 227 256 267 363 302 324 343 401 359 347 424 373 468 378 325 326 306 241 236 245 185 217 177 222 193 172 194 210 212 188 228 188 183 231 172 190 181 254 225 180 223 251 260 208 209 238 243 333 384 566 782 784 533 473 432 297 304 225 182 200 148 161 140 146 156 173 160 198 151 195 182 189 175 191 189 167 188 207 179 226 239 237 233 234 270 254 255 278 272 313 345 337 384 392 437 401 427 427 413 443 469 450 413 443 421 444 486 452 477 500 453 455 486 487 527 509 503 517 487 494 499 493 474 516 530 522 561 553 656 967 36685 
0 0 0 0 0 0 0 0 0 0 0 0 0 0 0 0 0 0 0 0 0 0 0 0 0 0 0 0 0 0 0 0 0 0 0 0 0 0 0 0 0 0 0 0 0 0 0 0 0 0 0 0 0 0 0 0 0 0 0 0 0 0 0 0 0 0 0 0 0 0 0 0 0 1 0 1 0 0 3 7 3 4 3 12 11 24 44 77 76 145 157 212 291 333 402 483 573 639 683 856 893 1016 1031 1074 1157 1307 1352 1432 1494 1677 1767 1456 1561 1393 1171 959 925 757 643 637 534 465 408 404 342 304 288 277 334 307 363 398 427 393 419 407 384 468 424 428 420 367 296 332 310 249 219 170 188 162 154 182 232 212 187 213 209 177 243 183 175 186 272 238 201 224 249 251 223 202 229 251 317 367 546 787 773 568 477 440 293 323 231 188 193 160 155 145 147 162 168 154 198 158 187 180 191 181 185 187 167 199 197 187 224 236 232 238 239 260 259 248 275 274 315 341 334 389 388 435 393 428 435 408 443 474 444 416 430 427 436 482 454 483 503 442 459 490 477 535 497 506 511 489 496 496 502 465 515 540 520 557 558 651 982 36728 


24 0 0 0 0 0 0 0 0 0 0 0 0 0 0 0 1 0 0 1 0 2 1 3 2 2 3 4 6 5 4 4 7 4 3 10 9 6 19 18 15 18 23 21 22 43 43 35 38 30 45 42 44 40 32 43 53 50 45 48 55 56 71 67 88 104 85 106 110 101 109 149 157 180 187 233 278 342 419 537 597 764 868 939 1098 1172 1307 1378 1452 1550 1795 2184 2312 2601 3006 3357 4175 4551 5102 5450 5729 5781 6398 7054 7584 7588 8055 8443 9187 10164 10370 10452 11010 11160 11440 11814 11684 11826 11887 12403 12646 12674 12194 11209 10648 10539 10242 10072 9983 8619 8055 7859 7697 7468 7158 6960 6803 7035 7002 7269 7067 6995 6937 7053 7306 7208 6998 6473 6419 6396 6438 6548 6529 6470 6260 6526 6748 7196 7403 7878 7785 8303 8851 9066 8708 8719 8588 9007 9169 9363 9075 8686 8478 8343 8087 8020 7463 6995 6692 6933 6632 6034 5728 5409 5284 5269 5061 4713 4638 4363 4470 4552 4018 3653 3534 3565 3407 3355 3149 2895 2669 2713 2675 2543 2371 2157 2201 2169 2084 1905 1854 1823 1854 1783 1753 1515 1381 1266 1250 1212 1095 978 927 1042 988 933 912 900 930 806 746 703 711 740 827 888 808 798 878 816 847 874 807 920 789 761 743 746 736 730 673 690 681 769 991 5118 
24 0 0 0 0 0 0 0 0 0 0 0 0 0 0 0 0 0 0 0 1 0 0 0 1 0 0 0 0 0 0 1 0 0 0 0 0 2 1 1 1 0 1 5 5 1 3 3 2 1 6 3 5 2 15 12 6 10 15 15 17 20 25 25 24 18 31 43 40 33 40 38 43 49 31 49 44 59 39 38 52 61 73 82 95 100 91 90 120 105 103 123 147 121 135 183 232 263 281 319 333 432 532 657 707 743 787 880 989 1170 1209 1202 1390 1496 1830 1963 2064 2310 2464 3044 3626 4430 4815 4857 4989 5629 6513 7383 8336 8068 8067 8796 10464 10590 10579 10321 10493 11639 12965 12916 12285 11726 12163 13606 14612 14627 13751 12375 11606 11628 12052 11881 11286 9982 9658 9822 9846 9686 9289 9320 8785 9162 9327 9332 8835 8763 8983 9357 9840 9584 9132 8873 8740 9349 10052 10147 9965 9770 9956 10652 11442 10942 10154 10002 10309 10877 10504 9301 8769 8789 9060 9679 8562 7445 6529 6019 6171 6172 5702 5052 4687 4609 4837 4524 4147 3861 3854 4110 3977 3622 3258 3072 3246 3226 3021 2715 2361 2244 2345 2411 2150 1854 1744 1917 1704 1616 1396 1218 1230 1144 1052 983 989 962 1004 882 780 753 676 651 583 583 557 508 487 418 364 346 320 253 234 173 182 135 155 1791 
24 0 0 0 0 0 0 0 0 0 0 0 0 0 0 0 0 0 0 0 0 0 1 0 0 0 1 0 0 0 0 0 0 0 0 1 0 0 0 0 0 1 0 0 0 0 0 0 0 0 0 0 0 0 2 1 0 3 2 2 5 2 5 2 4 7 5 6 4 4 12 17 7 11 13 14 17 16 24 22 31 35 37 33 38 32 52 41 55 49 37 45 46 54 55 67 65 74 68 80 83 106 115 116 146 100 124 103 137 155 154 160 171 213 243 306 309 374 382 527 578 641 709 773 871 958 1090 1281 1410 1327 1431 1470 1573 1813 2033 2153 2582 3008 3472 4018 4215 4512 4900 5904 6877 7471 7973 8061 8330 9004 9996 10501 10563 10602 10992 12067 12887 13924 13427 14087 13588 14179 14745 14772 13559 13417 13589 13661 13792 13582 12504 11300 11217 11329 11323 10789 10353 9924 10157 10491 10745 10969 10594 10766 11480 11912 11976 11657 11585 11659 12803 13964 12556 11950 10841 10498 10752 10516 9961 9347 8860 8721 9280 8808 7961 7547 7566 7563 7222 6496 6057 6146 6501 6375 5830 5215 4644 4679 4478 4514 4053 3789 3871 4122 3716 3367 3173 3106 3017 2773 2435 2139 1929 1735 1471 1160 1004 854 791 640 620 520 436 377 333 267 241 190 188 132 121 96 73 58 65 1644 


