0
0 0 0 0 0 0 0 0 2 4 4 2 5 14 22 39 87 142 183 239 260 291 309 317 278 295 238 210 183 177 150 170 181 210 230 249 288 367 487 502 530 543 519 479 456 420 350 326 303 324 359 316 355 296 317 319 289 315 270 301 292 361 364 407 428 462 551 764 913 1004 925 769 650 587 433 391 326 239 219 236 215 174 191 191 175 156 147 143 122 124 116 125 175 161 163 182 226 207 248 244 232 219 194 182 194 150 124 135 118 127 106 102 82 87 93 71 84 64 79 75 68 67 82 67 67 69 67 75 79 74 105 81 115 179 228 238 258 303 304 250 216 199 195 170 190 214 234 247 239 288 342 411 411 462 466 466 386 324 245 184 172 143 120 108 80 83 93 79 96 76 68 75 72 55 62 72 48 59 57 51 35 40 36 35 27 30 17 18 22 9 11 15 7 9 6 2 2 3 2 3 2 1 2 3 2 3 0 1 1 0 0 0 0 0 0 0 0 0 0 1 0 0 0 0 0 0 0 0 0 0 0 0 0 0 0 0 0 0 0 0 0 0 0 0 0 0 0 0 0 0 0 0 0 0 0 0 
0 1 2 0 1 5 6 4 6 14 18 28 53 88 136 225 301 390 397 357 303 293 252 211 211 182 222 199 258 262 295 431 507 658 630 669 569 503 460 443 416 425 427 417 363 356 352 347 279 345 390 534 646 930 1142 1191 1212 1025 859 618 523 398 308 261 249 210 193 187 155 133 137 145 159 172 167 170 191 192 191 133 138 112 114 101 85 83 71 67 48 43 54 64 40 32 36 34 36 34 25 34 36 48 32 46 47 55 45 41 52 33 39 33 39 42 37 69 59 84 83 63 64 82 80 70 73 79 59 78 71 74 67 63 75 62 62 60 49 67 52 62 59 52 50 62 54 64 68 85 90 89 97 123 127 165 202 246 310 308 271 229 198 163 153 148 157 165 143 152 148 170 160 133 144 145 146 157 160 189 195 226 282 354 411 478 493 440 324 256 208 189 162 148 121 99 80 96 76 78 94 84 49 48 46 46 39 30 16 20 12 1 6 5 1 3 2 2 0 1 0 0 0 0 0 0 0 0 0 1 0 0 0 0 0 0 0 0 0 0 0 0 0 0 0 0 0 0 0 0 0 0 0 0 0 0 0 0 
0 0 0 1 0 0 2 3 4 4 3 14 13 20 29 35 66 115 159 229 306 363 348 314 292 224 240 208 261 282 347 342 441 447 505 520 559 642 671 638 631 555 469 457 455 452 455 464 506 528 607 702 722 761 778 830 816 878 776 771 622 606 488 440 331 319 272 211 198 177 133 161 141 101 101 95 87 91 68 65 58 61 45 40 42 41 37 30 31 29 15 30 25 28 22 31 26 12 28 20 24 29 20 20 17 25 16 20 26 20 23 25 19 23 21 19 25 30 28 24 24 22 24 24 29 29 30 13 28 40 20 23 35 35 35 35 45 47 41 38 43 37 41 41 30 42 48 46 45 68 60 57 67 62 58 70 61 54 52 80 64 67 77 72 75 63 58 62 62 72 73 82 73 87 90 73 91 90 119 146 208 208 256 290 302 279 231 196 154 186 187 181 152 178 139 146 102 134 134 131 146 115 121 132 120 153 169 195 220 283 372 459 566 600 547 438 379 324 215 192 184 138 96 74 57 48 20 9 0 4 3 2 0 2 0 0 0 0 0 0 1 0 0 0 0 0 0 0 0 0 0 0 0 0 0 0 


112 168 188 191 202 177 217 200 217 239 244 296 363 392 439 417 459 435 471 446 492 514 641 863 1017 1107 1155 1317 1516 1799 2016 2143 2099 1960 1745 1560 1353 1163 1048 985 916 882 875 886 918 875 789 771 683 663 609 565 611 634 693 676 813 767 948 1014 1089 1136 1216 1203 1174 1131 1080 1115 1044 932 910 895 826 859 831 764 785 766 747 806 777 777 800 797 795 800 784 760 778 711 736 718 708 682 743 735 751 781 796 727 697 706 670 682 679 742 775 801 795 839 876 876 947 964 1067 1102 1154 1327 1394 1686 1784 1947 2063 2221 2340 2604 3045 3441 3837 4290 5124 5823 6535 7324 7780 8244 8497 8726 9259 9148 9843 10580 11324 11753 11578 11721 11833 11957 12378 13128 13382 13737 14149 14768 15706 16454 17355 18536 17844 16235 14760 14845 15398 15210 13902 13451 14041 15562 15145 14133 14017 13740 12845 11057 9656 8866 7775 7060 6440 6318 6150 6199 6290 6132 6120 5849 5434 5444 5386 5051 5171 4923 4580 4274 3889 3628 3439 3474 3383 3426 3422 3569 3556 3658 3759 3912 4095 4166 4111 3934 3812 3742 3762 3707 3773 4005 4252 4561 4786 5134 5603 6416 7945 7669 5613 4023 3207 2713 2352 1874 1507 1229 997 799 686 628 596 597 500 437 407 339 311 302 283 193 127 74 51 36 25 32 33 37 59 105 
3 10 10 8 7 14 14 23 17 21 32 28 39 40 60 65 81 88 102 136 165 194 220 248 270 317 369 412 533 611 763 942 1065 1121 1135 1105 1015 894 866 764 818 751 766 706 733 810 813 835 875 1092 1291 1706 2145 2492 2630 2506 2161 1780 1552 1438 1301 1120 987 907 791 855 764 702 700 636 546 552 502 417 475 478 471 446 437 450 432 418 441 476 468 477 457 471 540 556 567 649 664 675 711 682 694 680 631 693 614 655 685 732 782 755 779 831 855 828 941 956 1036 1028 1004 1091 1150 1203 1224 1229 1292 1325 1255 1424 1452 1463 1503 1499 1533 1554 1464 1486 1580 1623 1700 1624 1741 1758 1998 2022 2235 2405 2542 2689 2847 2975 3026 3054 3044 3000 3175 3141 3129 3373 3319 3429 3504 3661 3766 3844 3997 4163 4549 5248 5907 6496 7448 8248 8894 9281 9470 9323 9824 10837 11715 13070 13844 14661 15410 15966 17419 19004 20902 21867 22220 22345 22401 21409 21988 22773 23911 23827 22699 21653 20256 17469 14707 12128 10160 9026 8829 8705 9081 9011 9813 11025 11180 9468 7620 6676 6382 6083 6166 6402 6568 6913 6959 7065 6817 6630 6458 6147 5611 5042 4333 3710 3074 2487 2007 1482 1257 973 744 663 557 478 423 367 303 241 186 122 73 50 23 14 19 9 17 15 12 21 21 28 80 62 
103 168 168 121 130 109 96 82 80 76 68 61 79 77 79 102 117 188 253 368 470 611 780 933 1065 1109 1127 1047 901 754 667 562 505 498 454 444 411 429 406 389 373 347 295 286 260 270 258 274 266 268 252 268 292 281 321 337 305 316 295 252 236 200 172 184 142 128 99 98 122 94 90 107 129 100 172 136 155 196 181 217 227 285 285 345 370 424 469 468 533 606 660 669 761 800 845 818 885 905 1016 980 997 1044 1174 1148 1182 1177 1199 1174 1259 1282 1414 1276 1316 1339 1374 1430 1542 1541 1606 1618 1650 1666 1759 1733 1896 1958 2030 2071 2156 2139 2120 2149 2073 2133 2052 2109 2056 1979 1881 1791 1711 1721 1631 1568 1443 1414 1334 1256 1276 1220 1219 1358 1366 1431 1392 1277 1185 1134 1001 974 928 908 883 853 823 789 747 802 795 804 798 760 799 821 826 835 895 825 895 848 906 1051 1198 1257 1192 1308 1429 1643 1778 2191 2462 2842 3714 5289 6806 7069 6822 7539 8927 10051 11390 12815 14111 15609 18131 21896 26097 30042 33477 35650 38339 40829 42569 42190 39903 39084 38168 35230 30109 24326 19216 15843 13661 12490 11053 9912 9041 8575 8102 7648 6731 5968 5174 4059 3176 2284 1568 978 612 402 281 209 158 98 75 70 45 28 30 26 28 22 28 42 85 68 


