1
0 0 0 0 0 0 0 0 0 0 0 0 0 0 0 0 0 0 0 0 0 0 0 0 0 0 0 0 0 0 0 0 0 0 0 0 0 0 0 0 0 0 0 0 0 0 0 0 0 0 0 0 0 0 0 0 0 0 0 0 2 3 5 10 9 25 34 37 52 74 78 92 79 69 74 81 80 104 107 110 151 147 156 146 165 207 186 181 178 173 179 181 143 131 103 84 109 79 101 79 95 68 54 62 53 47 39 33 30 27 26 25 28 18 29 16 22 25 16 25 18 22 14 26 20 20 26 32 25 26 25 29 29 31 45 52 33 47 48 43 52 50 65 70 63 82 54 64 61 62 76 62 88 89 93 89 81 74 87 84 99 113 103 129 117 128 126 142 134 121 145 166 171 171 171 190 205 218 203 208 233 245 215 277 262 273 278 287 290 330 314 355 340 369 353 398 399 405 411 438 464 510 530 564 612 570 570 545 586 582 594 605 595 616 635 625 629 630 677 667 659 669 697 717 665 697 674 696 691 662 684 644 684 674 702 720 660 655 660 728 678 675 702 659 738 721 749 698 756 739 774 814 813 933 1308 38939 
0 0 0 0 0 0 0 0 0 0 0 0 0 0 0 0 0 0 0 0 0 0 0 0 0 0 0 0 0 0 0 0 0 0 0 0 0 0 0 0 0 0 0 0 0 0 0 0 0 0 0 0 0 0 0 0 0 0 0 0 0 0 0 0 0 0 0 0 0 0 0 1 3 4 12 20 28 49 53 70 65 77 87 76 84 63 84 109 105 124 107 108 131 147 183 217 241 171 168 163 172 161 163 144 136 122 104 97 111 93 88 74 58 55 61 48 38 35 25 33 32 31 41 25 33 32 31 39 36 30 46 24 28 36 41 55 47 54 39 38 52 43 57 59 73 72 63 66 62 69 54 74 67 72 89 74 101 74 82 84 98 101 103 116 112 101 136 138 126 131 124 130 175 149 164 151 188 200 217 203 223 193 227 239 247 274 262 272 290 296 292 349 357 320 348 360 399 397 367 423 407 444 497 510 493 603 591 557 585 578 580 558 576 597 548 591 616 633 645 616 662 669 696 657 712 649 633 651 664 696 673 664 667 657 656 647 684 675 673 665 637 700 661 666 671 661 691 710 700 705 734 747 820 933 1298 40871 
0 0 0 0 0 0 0 0 0 0 0 0 0 0 0 0 0 0 0 0 0 0 0 0 0 0 0 0 0 0 0 0 0 0 0 0 0 0 0 0 0 0 0 0 0 0 0 0 0 0 0 0 0 0 0 0 0 0 0 0 0 0 0 0 0 0 0 0 0 0 0 0 0 0 0 0 0 1 0 1 1 3 6 8 11 12 31 53 68 103 69 75 81 71 83 79 107 123 121 112 130 150 165 198 195 200 189 202 184 159 154 151 135 154 138 100 104 103 94 98 77 74 49 47 54 54 51 55 40 40 56 32 38 46 44 60 51 55 49 54 56 46 62 61 76 77 64 68 67 67 60 76 69 76 87 77 104 73 78 85 95 95 106 120 114 98 137 138 123 134 133 125 174 147 166 154 180 194 221 207 226 188 225 229 247 275 255 280 287 299 291 330 376 320 342 350 393 412 363 421 422 434 496 496 492 605 587 554 577 578 581 566 572 603 544 579 629 624 634 602 660 686 697 650 719 643 634 647 665 691 665 666 672 658 655 647 675 689 659 656 651 683 670 661 683 657 688 694 708 720 694 758 821 938 1282 41007 


24 0 0 0 0 0 0 0 0 0 0 0 0 0 0 0 0 0 1 0 0 1 0 0 0 0 0 0 0 2 2 0 3 4 7 2 2 6 2 7 5 5 8 4 3 9 8 4 10 10 12 8 10 5 9 14 13 13 11 13 14 21 21 22 28 28 36 36 48 60 59 71 85 83 97 101 93 141 135 161 133 162 170 216 243 270 304 332 376 468 533 600 651 824 933 1104 1275 1417 1625 1904 2355 2542 2944 3174 3639 4208 4432 4762 5101 5543 6034 6504 7379 7853 8158 9304 9732 9949 10360 10714 11268 11551 11772 12001 12118 12873 13697 13415 14020 13524 13394 13682 13487 13177 13455 13593 13904 13711 13236 12732 13233 13542 13483 13302 13257 13383 13923 13582 13510 12988 12859 13100 13319 12704 12211 12386 12492 12494 11901 11803 10816 10739 10251 10306 9640 9689 9523 9512 8900 8642 7969 7940 7970 7548 7309 6895 6485 6273 6131 5784 5391 5384 5355 5173 4926 4247 4040 3770 3803 3373 3180 3240 2961 2494 2331 2000 1841 1755 1467 1355 1146 1026 934 754 654 609 537 435 460 338 348 337 313 248 181 166 147 114 67 80 91 75 68 52 44 39 32 33 16 17 10 13 14 4 4 3 2 3 10 12 6 10 6 14 15 9 20 13 8 9 7 7 11 12 30 1622 
24 0 0 0 0 0 0 0 0 0 0 0 0 0 0 0 0 0 0 0 0 1 0 0 0 1 0 0 0 0 0 0 0 0 0 2 0 2 0 2 3 2 3 4 2 5 3 6 5 3 3 3 2 2 10 7 8 9 8 7 5 8 8 14 5 10 16 17 15 26 17 11 25 30 28 28 40 47 57 50 47 62 76 68 74 67 91 98 93 96 116 108 142 166 140 164 197 187 240 209 273 301 364 414 481 637 730 762 822 903 1043 1051 1327 1467 1685 1959 2187 2435 2578 2973 3486 3705 4062 4249 4756 5523 6397 7001 7695 7487 8320 8816 9456 9560 10356 11716 12946 13353 13241 12833 13319 14425 14332 14002 13897 14685 15921 16064 15605 14695 15216 15732 16032 15378 15142 15528 16198 16668 16263 16340 15073 15244 15206 14827 14254 14562 15020 14949 14086 13045 12230 12452 12429 11840 11088 10365 10207 9943 9928 9205 8774 8760 8805 8482 7738 7166 6839 6644 6467 5875 5630 6090 5877 5517 5033 4426 4173 4121 3824 3179 3027 2849 2711 2237 1885 1668 1554 1381 1278 1108 1069 993 876 756 554 500 476 430 361 378 324 302 242 239 192 187 151 144 116 101 92 82 56 62 40 21 18 18 12 22 12 9 15 10 10 13 17 24 15 7 9 6 13 12 32 1623 
24 0 0 0 0 0 0 0 0 0 0 0 0 0 0 0 0 0 0 0 0 0 1 0 0 0 1 0 0 0 0 0 0 0 0 0 0 1 0 0 0 0 1 0 0 1 0 0 0 0 0 0 0 0 0 0 0 1 2 0 0 3 5 7 8 7 6 2 7 6 6 6 13 7 12 9 11 12 22 13 9 16 20 23 29 32 35 36 41 43 43 40 52 56 61 62 54 72 74 81 80 83 84 96 110 154 167 158 184 202 189 236 267 304 338 436 459 557 645 715 723 902 1074 1148 1255 1507 1701 1815 1968 2154 2504 2668 2963 3176 3537 3910 4511 4736 4967 5127 5399 6137 6583 6895 7572 8594 9658 10306 10288 10096 10818 11462 12105 12370 12566 13363 14295 15267 15383 15976 15246 15456 15831 15987 16277 16716 17688 18921 18184 17746 17484 17723 18763 18829 17710 17189 16366 16711 16421 15485 14485 14513 14294 13631 12842 11852 11191 11104 10689 9897 9636 9631 9185 8309 7778 6986 6870 6668 6175 5749 5663 5457 5471 5279 5000 4625 4738 4553 4434 4108 4005 3851 3580 2961 2527 2482 2211 1856 1739 1651 1509 1448 1233 1166 1059 897 826 684 545 464 395 350 347 297 321 247 232 191 206 203 137 126 104 94 76 66 53 46 56 17 17 9 11 17 31 1624 


