1
0 0 0 0 0 0 0 0 0 0 0 0 0 0 0 0 0 0 0 0 0 0 0 0 0 10 17 44 41 75 90 123 137 143 159 151 153 150 164 174 173 178 189 202 225 242 251 262 276 320 353 396 408 405 439 461 492 490 499 515 575 546 619 585 646 612 611 646 710 718 795 872 839 788 756 767 723 742 802 763 799 779 817 786 786 800 852 706 682 688 599 611 619 562 527 471 475 348 322 304 267 249 198 207 157 130 131 106 104 87 103 86 93 84 88 109 172 190 55 24 22 13 24 14 8 12 9 6 13 11 9 11 16 5 16 17 11 20 26 26 16 20 16 13 14 16 6 9 7 7 10 10 11 15 11 12 23 13 14 14 9 9 10 10 9 5 8 17 6 15 10 7 4 11 5 25 18 9 13 12 10 21 44 49 22 15 16 7 10 16 13 33 29 10 27 25 20 54 182 680 1429 2542 8270 33766 41745 4540 1710 1082 991 1306 2191 5552 2394 2155 2011 10891 108270 64524 2354 409 0 0 0 0 0 0 0 0 0 0 0 0 0 0 0 0 0 0 0 0 0 0 0 0 0 0 0 0 0 0 0 0 0 0 0 0 
0 0 0 0 0 0 0 0 0 0 0 0 0 0 0 0 0 0 0 0 0 0 0 0 0 0 0 0 0 0 0 0 0 0 0 0 0 0 3 7 23 39 40 70 89 93 112 132 107 137 116 99 126 118 100 115 111 111 106 122 109 125 123 137 144 158 155 162 187 194 199 202 227 219 266 262 316 325 312 342 343 362 346 397 369 393 395 423 406 478 441 474 495 454 467 484 469 494 513 534 513 576 541 616 591 604 626 662 655 617 629 627 613 576 572 626 614 612 617 583 552 665 697 625 586 600 546 548 526 527 458 428 373 353 341 305 286 261 213 200 162 171 145 126 126 90 78 81 85 76 72 87 85 81 78 98 65 83 72 60 50 18 21 31 29 17 18 14 20 14 18 19 7 6 12 9 9 4 17 14 8 11 18 6 4 11 12 19 16 13 15 15 14 15 45 48 27 14 17 7 12 9 15 47 10 18 34 16 40 87 430 1115 1885 4218 11842 70206 4029 1412 1205 1107 1769 2697 6532 2438 2000 2491 183371 193 0 0 0 0 0 0 0 0 0 0 0 0 0 0 0 0 0 0 0 0 0 0 0 0 0 0 0 0 
0 0 0 0 0 0 0 0 0 0 0 0 0 0 0 0 0 0 0 0 0 0 0 0 0 0 0 0 0 0 0 0 0 0 0 0 0 0 0 0 0 0 0 0 0 0 0 0 0 2 6 20 36 42 67 73 96 91 108 128 101 116 112 90 98 103 77 92 101 79 80 92 86 108 89 104 98 109 116 116 113 118 131 149 156 143 179 160 176 208 194 223 230 215 271 237 255 293 295 296 275 323 300 294 348 318 335 330 343 345 355 366 391 408 432 412 409 436 402 408 409 433 496 559 527 456 432 469 521 554 525 465 486 508 465 528 529 454 534 486 528 516 495 487 502 524 553 508 493 501 502 511 498 527 499 505 462 529 422 412 364 324 326 346 302 258 242 219 189 162 153 142 126 143 123 85 81 75 68 72 54 69 75 82 80 71 60 66 78 67 57 28 36 34 28 15 15 18 18 42 55 31 20 10 10 16 9 35 27 10 34 28 25 87 436 1105 1903 4228 11836 70246 4203 1628 1427 1947 2696 3385 6512 2772 183839 779 18 0 0 0 0 0 0 0 0 0 0 0 0 0 0 0 0 0 0 0 0 0 0 0 0 0 


1141 1521 988 794 693 534 404 285 249 234 211 185 199 186 154 151 132 137 149 125 133 134 123 128 122 110 119 114 158 171 205 252 343 466 524 529 579 652 720 901 1031 1237 1617 2059 2639 3008 3218 3507 3756 3980 4318 4773 4889 5050 5026 5248 5412 5570 5586 5978 6418 6772 7477 7794 8094 8337 8513 8688 9141 9339 9236 9167 8657 8080 7568 7252 6914 6765 6907 7122 7266 7344 7735 7588 7496 7323 7150 7105 7188 7294 7604 8019 8186 8373 8564 8864 8598 8760 8412 8295 8437 8647 9197 9388 9064 9640 9240 8966 8851 8160 7571 7334 7579 7448 7271 6773 6196 5385 4614 4101 3736 3427 2976 2665 2334 2023 1768 1401 1239 963 751 591 584 501 451 324 350 317 261 292 260 268 283 284 242 216 200 139 131 141 132 128 137 121 165 156 199 266 341 341 468 497 449 552 611 700 768 751 789 823 647 440 486 580 802 920 858 755 922 1054 1133 957 886 979 1023 1031 1212 1331 1528 1738 1781 1655 1703 1629 1730 2406 2622 2537 2495 2257 1814 1811 1803 1419 1455 1631 1881 2157 1749 1338 1115 1132 587 240 85 97 1038 943 68 30 4 2 0 0 0 0 0 0 0 0 0 0 0 0 0 0 0 0 0 0 0 0 0 0 0 0 0 0 0 0 0 0 0 0 0 0 
28 156 209 201 214 243 368 719 740 834 701 546 414 329 258 182 156 154 150 154 173 176 182 168 155 144 128 116 121 114 139 125 118 103 120 95 74 107 74 97 87 95 81 102 92 114 104 107 124 124 115 122 156 204 296 453 448 517 469 493 447 398 434 554 577 812 868 1074 1306 1623 1654 1890 2114 2784 3504 4181 4918 5005 4829 4457 4108 3870 3311 3267 3421 3712 3968 4160 4301 4324 4385 4645 4377 4241 4368 4906 5824 6194 5831 5933 6106 6584 6381 5954 5685 5694 5797 6260 6369 6339 6204 6078 5900 5616 5279 5146 5229 5567 6063 5743 5624 5250 5950 6108 6053 6405 5828 5928 6966 7213 6962 7281 8258 8353 7842 7878 7387 6817 6926 7552 8064 8170 8529 8593 7960 7119 8461 8750 8221 7766 7691 8084 8958 9502 8144 7882 7328 6680 5968 5484 4755 4244 3959 3712 3146 2683 2461 2086 1868 1456 1179 989 975 959 887 835 625 707 770 879 812 840 831 757 690 873 775 878 1047 1027 1141 1021 756 845 1096 1093 1156 1316 1305 1633 1748 1719 1512 1440 1757 2547 3091 2670 1391 2310 2466 2534 1964 1672 1363 1378 2006 2114 1820 1720 1450 1038 737 269 92 51 1760 319 21 9 2 3 0 0 0 0 0 0 0 0 0 0 0 0 0 0 0 0 0 0 0 0 0 0 0 0 
0 0 0 0 0 0 3 8 9 16 41 87 129 156 201 250 290 332 455 653 811 741 518 436 299 326 250 217 165 132 122 106 104 103 109 111 128 155 122 140 130 97 118 111 99 114 101 98 82 88 72 115 91 94 92 86 83 98 87 96 92 86 81 109 115 139 110 122 139 138 140 213 269 390 413 456 440 366 418 385 433 410 380 354 469 589 742 926 946 1048 1217 1525 1998 2497 3017 3409 3559 3343 2908 2808 3135 3457 4097 3993 3706 3606 3155 2999 2825 2701 2867 3077 3138 3264 3339 3549 3716 3745 3518 3500 3403 3552 3978 4347 4324 4270 4421 4744 5225 5011 4733 4136 4319 4881 5442 5801 5781 5760 5173 5465 5264 5065 4753 4633 4760 5020 5343 5548 5592 5572 5337 5239 5416 5280 5110 5265 5479 5767 6113 6234 6538 6700 6533 6111 6163 6426 7128 7566 7903 8097 8243 8200 8465 8249 7908 7916 8487 9262 9634 9695 9923 9803 9667 9622 9179 8690 7521 7464 7227 7175 6540 5901 5533 5067 4664 4086 3458 3194 2930 2797 2015 1613 1532 1646 1635 1600 1561 1625 1739 2073 1766 1572 1595 1991 2718 3430 3079 2938 2621 2454 2212 1884 1685 1953 1988 2134 2057 1404 2449 1160 318 152 35 13 1 0 0 0 0 0 0 0 0 0 0 0 0 0 0 0 0 0 0 0 0 0 


