0
46 43 54 63 89 141 226 354 595 1075 2007 2997 4426 4428 4976 4557 4760 4439 4322 4243 4220 3960 3703 3859 3642 3486 3540 3730 3599 3538 3462 3350 3212 2888 2654 2528 2299 2300 2208 2226 2352 2211 2304 2309 2378 2491 2194 2176 1807 1648 1890 2166 1971 2627 2608 2577 2984 2805 2613 2283 2168 1680 1697 1429 1375 1380 1305 1257 1123 1025 1054 1102 1067 1108 1024 938 849 856 825 863 840 838 798 857 803 868 876 829 905 951 894 990 1024 926 1084 964 928 826 749 631 611 632 689 566 552 543 537 470 468 557 520 605 607 628 558 565 573 565 541 455 498 419 407 393 356 337 350 303 296 314 341 370 348 288 302 285 239 214 201 167 182 211 212 186 184 150 125 118 99 89 88 80 75 61 65 54 51 53 51 43 47 56 42 51 46 50 48 60 48 35 45 46 46 48 43 44 58 55 34 45 28 33 31 40 44 47 42 44 32 39 36 40 45 44 48 35 38 39 50 44 56 42 59 62 66 53 75 56 60 59 64 53 58 54 46 52 42 45 51 48 53 48 42 56 43 35 49 49 48 44 58 44 48 47 52 41 37 36 29 27 35 40 29 24 34 30 38 37 32 34 37 33 45 62 77 208 
1 5 3 5 6 6 4 9 11 14 29 28 43 46 39 69 63 50 81 102 140 188 252 339 619 1027 1633 2673 2756 3423 3670 3785 3796 3855 3494 3210 3037 2861 2776 2940 2964 2981 2815 2884 2681 2673 2579 2774 2637 2605 2515 2401 2383 2431 2569 2810 3268 3135 3025 2782 2411 2454 2325 2506 2181 2155 2188 2156 2156 2259 1996 1831 1940 2110 2434 2724 2584 2891 2763 2782 2892 2695 2259 1857 1667 1513 1389 1210 1234 1210 1185 1217 1201 1153 1183 1339 1224 1054 1062 1031 1027 971 1030 1004 974 1004 946 1040 950 1029 1099 1098 1148 1128 980 811 730 703 749 703 643 672 616 685 793 709 806 888 861 894 783 658 595 484 469 440 434 394 424 339 342 333 408 381 408 347 326 352 317 280 253 262 248 229 190 185 178 138 131 108 106 100 97 79 62 74 69 75 72 80 61 74 65 54 58 50 57 43 49 52 49 50 42 48 41 40 65 62 55 49 43 36 52 56 50 42 43 33 47 40 43 42 37 53 33 50 48 58 62 72 60 60 64 58 47 68 67 71 62 76 70 71 84 66 93 82 74 69 80 57 69 63 46 40 41 50 36 30 26 37 30 26 26 23 21 14 28 29 18 37 25 35 40 35 41 109 
0 0 0 1 0 2 1 4 6 6 6 3 5 9 5 8 12 12 18 17 20 25 18 17 23 32 39 27 33 59 75 76 131 141 183 236 418 419 427 583 596 549 617 684 743 745 899 1070 1338 1582 1928 2187 2337 3094 2956 3377 3560 3542 3487 3303 3197 3033 2928 2972 3086 3045 3031 3016 2950 2867 3004 3048 3051 3056 3126 3249 3046 2840 2854 2889 3126 3622 3510 3726 3961 3957 4048 4521 4055 3463 3131 2527 2350 2102 2020 1918 1890 1863 1868 1872 1794 1868 1900 1698 1655 1565 1512 1333 1334 1294 1285 1219 1199 1171 1212 1093 1220 1304 1079 1149 1021 1033 866 828 829 789 786 751 866 842 885 927 967 914 804 749 713 595 551 496 474 433 462 432 382 353 398 353 398 395 386 384 394 356 377 347 294 263 240 221 234 210 203 205 182 169 161 121 119 120 140 117 135 121 113 90 108 95 94 86 108 120 101 99 107 88 94 108 98 82 83 97 75 75 81 65 81 70 58 61 66 79 54 69 47 76 56 60 54 42 61 65 57 61 68 68 72 64 81 76 57 79 84 75 64 57 69 73 76 57 70 70 69 69 72 62 53 67 39 38 39 42 38 38 27 25 25 22 30 32 34 31 37 40 44 119 


0 0 0 0 0 0 0 0 0 1 0 0 0 0 0 0 0 2 1 0 1 0 1 0 1 3 1 3 2 1 1 5 2 1 5 1 3 6 10 7 2 10 8 6 11 12 11 6 11 6 9 12 9 17 10 7 20 10 15 14 14 13 19 17 12 8 11 12 10 15 9 10 13 11 17 17 20 13 18 12 18 11 13 18 15 22 16 19 17 16 25 26 32 47 84 134 164 220 242 242 367 462 500 521 622 727 963 1303 1606 2265 2773 3496 3994 4880 5328 5900 7052 7400 8100 8516 9385 9518 9984 10054 10332 10346 10414 10867 10561 10106 9452 9493 9048 8712 8233 8012 7559 7119 7217 6959 6586 6328 6222 5648 5755 5274 5584 5206 5395 5619 5901 6123 6555 7218 7112 7521 7574 8074 8237 8231 8551 8402 8287 8183 8513 8765 8834 9249 9700 9849 9772 9940 10103 10240 9894 10109 10340 10028 10113 10540 10722 9971 10744 11200 11152 10616 10878 10172 10113 9105 8974 8342 7461 7089 6413 5816 5067 4432 3743 3365 2890 2402 2062 1641 1432 1083 832 694 598 494 482 459 399 433 465 487 507 520 491 540 577 575 560 641 576 540 525 454 475 408 400 401 394 376 382 381 368 401 405 405 428 390 489 421 510 526 457 491 599 630 609 698 779 1045 1213 4828 
0 0 0 0 0 0 0 0 0 0 0 0 0 0 0 0 0 0 0 0 0 0 0 0 0 0 1 0 0 1 0 0 0 0 0 0 2 1 0 1 0 4 1 2 3 1 0 2 4 3 7 4 6 3 1 6 16 12 7 7 7 6 10 5 10 6 4 10 6 14 10 7 10 10 8 11 17 14 16 10 14 16 16 13 9 14 10 9 12 21 12 12 12 14 18 17 14 18 11 17 10 13 15 16 19 21 26 40 52 58 89 133 257 282 328 353 426 488 566 611 710 873 1076 1639 2205 2999 3794 5153 6145 7152 7720 9075 10176 10645 11742 12453 12701 12565 13383 12773 11838 10694 10312 9678 9323 8988 8849 8366 7774 7789 7439 7083 6909 6864 7284 7526 8231 9487 9678 9416 9540 8999 8793 8641 8530 8686 8170 8435 8251 7798 7514 7788 7787 7680 7868 8027 8809 8963 9805 10165 11083 11334 11755 12118 12083 11770 11767 11849 11533 11580 11993 12267 10992 10951 10450 9994 8927 8647 8186 7277 6879 6321 5646 4822 4392 3841 3255 2718 2435 2039 1821 1539 1352 979 843 716 600 556 470 476 488 412 427 416 377 416 440 389 445 391 420 460 399 416 426 381 365 377 382 421 382 409 444 456 407 394 405 378 404 434 485 560 627 718 638 2511 
0 0 0 0 0 0 0 0 0 0 0 0 0 0 0 0 0 0 0 0 0 0 0 0 0 0 0 0 0 1 0 0 0 0 1 2 0 1 0 1 1 0 0 2 2 0 0 3 3 2 9 4 1 1 6 3 10 7 6 7 7 4 5 3 7 6 8 2 1 8 3 6 10 7 10 8 4 8 5 2 9 10 7 9 7 4 7 9 6 6 7 9 3 17 9 12 14 8 12 13 14 12 19 20 13 18 15 15 16 11 25 48 56 75 71 119 187 224 231 278 357 413 482 476 544 644 829 1134 1566 1812 2282 3205 4224 5005 5935 7184 8608 8601 10195 11334 11743 12723 13381 13351 12432 12184 11770 11232 10438 9931 9455 9008 8707 8921 8754 8213 7998 8541 8665 8615 9810 10315 10227 10749 11075 11198 10353 10778 9906 9571 9100 9077 8430 8010 7909 8390 8407 8551 8905 9701 9696 10197 10967 11275 11602 11593 12276 12251 12188 12220 12763 11535 11489 11854 11493 10396 10280 9504 9192 8147 8189 7422 6633 5994 5609 4843 4167 3778 3387 2945 2482 2295 2037 1620 1335 1157 866 722 642 541 496 466 460 408 402 411 415 421 418 427 434 399 424 442 447 378 405 403 377 391 421 419 455 428 446 453 411 396 407 446 463 571 625 790 673 2684 


