1
0 0 0 0 0 0 0 0 0 0 0 0 0 0 0 0 0 0 0 0 0 1 3 8 22 41 43 61 70 91 104 128 153 173 160 172 216 237 251 300 307 335 370 400 432 426 478 478 490 490 583 566 628 656 687 674 711 783 782 797 785 793 824 843 903 865 946 864 916 909 971 917 980 985 901 891 845 858 740 654 606 545 537 522 434 426 407 454 459 413 392 357 408 378 363 338 371 381 411 420 417 379 377 356 331 295 310 284 277 266 258 217 238 228 212 171 242 493 598 523 322 249 211 188 166 155 167 125 131 111 73 72 61 49 61 62 37 33 36 38 21 29 32 27 30 23 24 18 18 14 20 19 27 27 14 12 19 17 11 12 16 8 11 24 24 20 18 4 14 18 48 21 5 11 12 8 18 12 23 15 10 23 16 21 10 10 9 21 19 13 32 31 43 33 35 18 20 9 26 59 40 33 48 37 62 101 191 790 1769 2440 8821 31421 26901 19169 13221 1696 1160 1671 2555 2610 2008 2307 2918 58347 150112 6513 1093 39 0 0 0 0 0 0 0 0 0 0 0 0 0 0 0 0 0 0 0 0 0 0 0 0 0 0 0 0 
0 0 0 0 0 0 0 0 0 0 0 0 0 0 0 0 0 0 0 0 0 0 0 0 0 0 0 0 0 0 0 0 1 8 5 27 26 38 42 55 62 65 91 106 117 135 150 146 167 156 176 201 211 167 214 232 249 255 258 286 295 313 323 349 361 385 393 392 421 423 417 450 401 473 498 482 494 532 532 538 555 611 598 645 660 654 736 711 755 749 775 720 755 736 759 764 815 840 822 808 789 826 861 820 815 731 735 695 649 597 601 550 516 474 466 392 423 393 461 459 392 472 723 788 703 485 402 346 325 301 262 299 267 228 220 231 200 183 204 204 217 162 178 194 149 159 155 132 122 98 97 82 63 80 62 60 74 54 48 37 27 24 29 32 26 21 17 19 15 9 17 16 22 22 26 21 14 13 24 22 22 15 30 10 8 9 10 19 13 21 22 14 12 18 22 10 8 11 16 17 17 39 45 29 31 36 15 7 15 34 46 48 37 34 34 48 85 140 365 1096 2728 8571 21081 37458 18680 15860 1385 1609 2811 3031 2179 2449 3588 209424 5338 0 0 0 0 0 0 0 0 0 0 0 0 0 0 0 0 0 0 0 0 0 
0 0 0 0 0 0 0 0 0 0 0 0 0 0 0 0 0 0 0 0 0 0 0 0 0 0 0 0 0 0 0 0 0 0 0 0 0 0 0 0 3 3 9 15 27 24 37 44 43 64 54 78 78 110 115 135 129 134 136 164 160 159 158 195 142 191 178 197 221 195 214 214 242 235 253 281 267 320 290 297 330 345 336 321 371 382 383 417 395 429 427 496 473 459 455 458 488 508 493 565 529 574 605 590 594 575 600 628 656 639 609 606 661 657 670 674 720 759 701 732 780 756 801 1033 1120 1078 906 857 830 764 676 604 549 565 575 508 514 486 433 435 428 437 401 332 328 333 302 257 282 256 245 236 212 205 211 211 223 185 199 202 196 188 161 116 126 101 106 72 86 57 66 66 56 55 47 42 47 44 28 22 46 31 14 21 21 23 18 33 9 11 9 18 22 25 28 13 10 19 21 24 10 6 10 12 29 18 44 38 31 39 15 17 11 27 50 51 38 28 40 38 90 138 375 1147 2702 8560 21126 37659 18942 16226 1915 2960 3273 2628 3241 106944 109956 5 0 0 0 0 0 0 0 0 0 0 0 0 0 0 0 0 0 0 


288 423 611 706 655 460 326 277 298 304 270 271 247 193 141 118 121 105 115 89 115 97 97 93 93 94 92 100 84 89 91 80 83 91 97 84 112 137 106 133 146 165 192 245 257 269 340 399 503 605 780 934 941 992 1154 1414 1639 1947 2156 2549 3084 3838 4615 5513 6255 7082 8225 9089 9857 10246 10761 11349 11767 12255 12580 12973 13819 14005 14262 14201 13936 13222 12993 12657 12830 12581 12978 13038 12525 12049 11503 10387 9657 9239 8770 8327 8122 7778 7294 7030 6400 5887 5313 4590 3866 3400 3031 2625 2475 2274 2225 1938 1752 1565 1446 1371 1347 1289 1233 1231 1200 1218 1223 1197 1228 1199 1291 1318 1340 1375 1429 1433 1437 1386 1358 1411 1396 1433 1422 1494 1528 1449 1501 1427 1407 1365 1368 1407 1425 1410 1407 1361 1405 1229 1219 1222 1243 1180 1181 1162 1156 1128 1151 1154 1102 1229 1189 1197 1290 1198 1249 1245 1314 1416 1544 1655 1999 2131 2342 2898 2894 2895 3369 3146 2749 2181 2043 2047 1441 943 647 528 465 492 431 362 342 300 268 266 262 251 223 197 190 160 192 149 143 142 151 173 282 291 347 195 186 150 155 123 113 120 104 480 2113 265 95 74 71 57 63 61 41 43 38 51 36 40 33 28 21 9 7 3 6 4 5 1 0 0 0 0 0 0 0 0 
15 59 128 118 109 142 173 237 330 402 506 439 336 213 164 137 121 115 87 86 79 100 99 134 203 227 215 202 144 143 118 104 90 80 78 77 67 72 75 63 87 91 75 77 63 74 60 61 54 61 77 60 61 76 85 72 82 77 78 102 84 107 104 106 115 123 109 116 147 169 157 213 296 374 524 582 516 448 488 583 566 665 728 878 975 1130 1258 1477 1595 1907 2251 2788 3364 4120 4786 5577 6259 7153 7376 7446 7500 7358 8170 8933 9687 9702 10266 10509 10950 10584 9945 9340 8913 8987 9106 9321 9926 10341 10833 10409 9946 9513 9311 9105 8727 8796 8543 9114 10584 10152 9731 9427 9288 8751 8442 7574 6872 6780 6827 7003 7143 7071 6909 6338 5435 4633 4498 4147 3689 3455 3366 3291 3089 3086 2646 2278 2102 1977 1883 1807 1754 1728 1704 1670 1641 1677 1513 1561 1484 1475 1426 1278 1294 1236 1251 1240 1264 1255 1252 1262 1248 1154 1161 1145 1209 1189 1200 1191 1273 1278 1368 1377 1714 1928 1840 1946 2063 2577 3240 3884 3558 3907 3941 3576 1915 1130 748 610 550 472 411 455 434 394 363 286 257 226 223 206 206 183 215 334 328 426 214 191 192 180 132 147 139 1764 992 118 78 66 69 52 43 35 36 46 40 50 45 36 29 19 21 8 5 5 2 0 
0 0 0 0 0 5 2 11 21 49 50 91 75 97 90 90 105 118 122 193 282 367 401 320 275 249 166 107 86 68 57 61 52 65 64 79 131 198 134 133 136 139 106 117 112 114 94 100 113 103 95 112 89 77 86 92 67 64 78 69 63 65 72 76 71 61 75 62 65 75 82 66 69 73 79 83 95 104 99 92 90 86 63 83 117 91 120 120 128 152 167 221 259 358 327 305 316 318 317 334 367 377 445 460 545 628 733 762 804 953 1086 1241 1490 1654 1936 2139 2584 3051 3207 3602 4152 4775 5684 6614 7061 7543 8049 8515 8971 7991 7965 8076 8464 9118 9411 9568 9487 8940 8742 8473 8104 7435 7386 7492 8094 8276 8617 8689 9014 9218 9385 9374 8867 8567 8250 8482 9047 9028 9174 9257 9427 9350 9256 8671 8047 7634 7806 7805 7902 7566 7477 7495 7397 6944 6513 5883 5371 4935 4515 4347 3847 3595 3298 3165 3075 2846 2369 2089 1787 1724 1665 1590 1516 1463 1384 1384 1402 1343 1410 1427 1530 1675 1675 1829 2065 2076 2348 2735 3169 4050 4966 5243 4320 2424 1538 1172 1001 880 720 623 621 547 553 486 420 436 419 489 441 486 303 281 270 236 211 210 2563 239 160 132 90 110 90 89 82 76 60 56 40 36 43 57 56 64 54 27 


