1
0 0 0 0 0 0 0 0 0 0 0 0 0 0 0 0 0 0 0 0 0 0 0 0 0 0 0 0 0 0 2 3 17 30 40 40 61 83 79 90 106 99 116 92 86 74 85 92 75 84 92 91 108 97 100 118 120 137 182 177 176 179 198 203 241 245 262 303 281 293 317 321 352 342 363 352 355 375 402 371 390 363 401 388 340 339 334 318 300 267 240 223 226 187 188 175 144 106 147 83 76 76 52 52 48 55 40 37 152 241 1399 742 27 7 9 45 9 6 5 6 11 43 38 16 20 7 6 33 2 9 3 14 24 20 20 13 3 9 4 3 18 21 66 26 12 3 4 3 2 4 5 5 5 2 4 3 3 6 14 32 46 24 43 17 8 5 5 2 2 4 22 29 6 15 42 9 2 3 3 9 22 34 15 7 37 254 516 761 1287 2892 7365 46551 24316 2442 1493 1357 1113 1331 2123 2308 2480 2010 2190 42151 123250 11960 904 36 0 0 0 0 0 0 0 0 0 0 0 0 0 0 0 0 0 0 0 0 0 0 0 0 0 0 0 0 0 0 0 0 0 0 0 0 0 0 0 0 0 0 0 0 0 0 0 0 
0 0 0 0 0 0 0 0 0 0 0 0 0 0 0 0 0 0 0 0 0 0 0 0 0 0 0 0 0 0 0 0 0 0 0 0 0 0 0 0 0 0 2 4 15 17 19 32 37 57 83 90 108 85 94 83 69 60 72 66 66 56 63 47 56 56 86 50 70 55 80 63 66 68 71 95 89 97 101 123 122 137 143 140 169 173 204 192 188 229 224 232 236 249 279 271 298 278 265 303 288 286 275 298 304 291 322 332 310 323 314 300 321 400 458 482 2178 331 235 206 204 231 152 150 136 114 118 108 118 73 91 59 46 80 50 36 35 24 19 19 12 21 11 10 15 30 22 15 5 8 36 19 7 27 26 13 15 3 3 3 6 3 5 6 4 1 3 12 57 17 6 5 17 23 43 18 4 2 3 2 4 3 26 22 56 9 3 3 5 3 4 6 34 31 12 20 235 556 661 968 1868 6267 9008 64188 2669 1340 1648 1471 1873 2982 3007 1857 1905 2200 174359 2003 43 0 0 0 0 0 0 0 0 0 0 0 0 0 0 0 0 0 0 0 0 0 0 0 0 0 0 0 0 0 0 0 0 0 0 0 0 0 0 0 
0 0 0 0 0 0 0 0 0 0 0 0 0 0 0 0 0 0 0 0 0 0 0 0 0 0 0 0 0 0 0 0 0 0 0 0 0 0 0 0 0 0 0 0 0 0 0 0 0 0 0 0 1 4 6 19 19 25 40 61 46 98 105 88 103 66 65 74 55 49 50 60 48 41 72 61 30 28 40 62 37 60 54 56 47 67 55 58 83 57 70 69 60 73 99 99 91 111 123 118 137 148 144 182 188 206 173 192 205 176 224 202 197 257 268 427 464 2207 317 206 275 252 306 253 297 277 238 275 292 306 274 270 303 269 269 325 258 238 237 221 208 195 188 169 163 137 148 117 133 120 105 106 127 79 55 54 37 40 37 42 31 22 18 4 7 6 5 3 2 6 57 20 10 3 5 5 6 20 23 53 8 1 4 2 3 8 28 43 22 8 6 2 8 3 7 2 29 36 16 150 425 628 801 1740 3737 9169 66184 1704 2194 1603 1857 1950 3163 3879 2277 2212 161308 15839 283 24 0 0 0 0 0 0 0 0 0 0 0 0 0 0 0 0 0 0 0 0 0 0 0 0 0 0 0 0 0 0 0 0 0 0 0 0 


178 433 355 284 243 206 205 109 106 124 124 156 177 196 249 267 326 315 370 346 296 285 261 285 310 296 275 299 294 288 270 282 325 418 448 539 657 804 862 1041 1327 1825 2270 2735 3178 3323 3669 3985 4622 4643 4684 4967 5320 5133 5635 5947 6449 6985 6894 6944 6739 6833 6982 6951 6954 6586 6467 6287 6410 6519 6641 6889 7651 7997 8208 8010 8130 7729 7425 7585 7641 7955 7687 7324 6977 7068 7294 7213 7723 7995 7894 7603 7602 7078 7201 7470 7665 7584 7934 7885 7549 7271 6979 7012 7041 7181 7373 7415 7337 7342 7333 7593 8049 8501 8727 8745 8762 8955 8873 8564 8580 8881 8943 8753 8338 7719 7502 7042 6988 6361 5705 5209 4700 4058 3428 3086 2866 2519 2144 1941 1567 1368 957 748 665 535 454 355 252 201 174 152 124 129 111 99 89 68 89 109 109 90 118 118 121 129 125 122 132 125 153 146 169 180 223 259 295 340 435 513 581 590 601 679 730 739 811 937 943 893 1114 1392 1484 1535 1285 1027 728 585 506 296 283 267 312 422 854 186 16 13 9 12 16 14 17 9 20 11 10 16 9 12 17 20 13 14 9 11 5 6 9 2 3 2 0 0 0 0 0 0 0 0 0 0 0 0 0 0 0 0 0 0 0 0 0 0 0 0 
1 24 54 60 81 157 196 258 191 215 181 178 109 65 52 40 38 36 32 36 26 16 30 37 46 92 183 189 215 237 265 308 328 298 329 238 208 203 235 239 227 221 220 257 294 288 262 270 330 252 248 262 293 306 405 549 662 709 734 852 1043 1297 1511 1842 1993 2212 2638 3012 3182 3567 3713 3675 3668 3848 3992 4600 5083 5878 5802 5253 4811 4544 4924 5180 5336 5618 5396 5015 4849 4439 4356 4442 4989 5214 5375 5295 5043 4801 4694 5114 5887 6231 6445 6078 5481 5216 5638 6248 6731 6855 6698 6410 6235 5714 5597 5383 5781 6193 6335 6065 5807 5193 5352 5713 6254 6961 7126 7426 7548 7116 6727 6648 7002 7388 7916 7533 7400 7005 6444 6031 5908 6204 6873 7021 7277 6827 7005 6707 6789 6984 7856 8312 8918 9145 9026 9009 8461 7840 8160 8962 9521 8763 8075 7011 6130 5525 5386 5115 4758 4278 3970 3234 2874 2455 2452 2262 2187 1848 1467 1233 1136 901 978 1083 983 995 1020 1100 896 783 947 1165 1146 1236 1383 1144 788 675 641 466 239 113 80 107 287 258 159 55 58 60 132 242 237 314 527 628 0 1 0 0 0 0 0 0 0 0 0 0 0 0 0 0 0 0 0 0 0 0 0 0 0 0 0 0 0 0 0 0 0 0 0 0 0 0 0 0 
0 0 0 0 0 0 4 8 14 20 36 45 56 50 51 53 79 103 105 124 170 164 169 155 152 111 63 42 53 36 34 29 26 26 29 21 30 43 90 138 131 196 223 265 295 295 251 273 210 220 239 266 266 196 176 166 170 222 235 200 213 210 182 224 245 243 253 297 263 266 361 466 627 737 711 681 760 863 996 1212 1487 1690 2059 2229 2576 2618 2697 2939 3265 3350 3458 3346 3702 3774 3898 4521 4845 4848 4414 3802 3771 3980 4736 4686 4487 4235 4008 3757 3502 3503 3693 3942 4125 4063 4064 3922 3785 3679 3937 4134 4336 4346 4515 4771 4469 4155 4405 4800 5232 5173 5624 5135 4671 4259 4400 4882 5324 5299 4884 5146 5171 4745 5001 5315 5617 5822 5880 5958 5921 5423 5027 5051 5664 6323 6847 7349 7847 6799 6425 6545 6882 7138 7290 7205 6831 6446 6013 6097 6280 6339 6408 6841 7224 7366 7062 6844 6691 7039 7545 8165 8646 8489 8660 8513 9086 9587 10009 10155 10631 10329 9347 8738 8600 8549 7875 7010 6176 5567 4903 4153 3685 3100 2681 2423 2103 1680 1084 730 815 581 408 194 139 185 321 355 566 698 3 3 1 1 0 3 2 3 3 0 0 0 0 0 0 0 0 0 0 0 0 0 0 0 0 0 0 0 0 0 0 0 0 0 0 0 0 0 


