1
4026 86 55 44 33 41 24 46 49 42 42 33 43 2631 66 57 53 34 49 43 51 52 5259 431 414 481 482 490 1344 581 512 535 534 610 1636 621 560 626 1118 447 406 392 792 301 293 306 437 217 216 202 281 206 200 237 194 206 188 190 158 189 162 162 173 153 193 186 163 172 172 182 191 175 189 186 178 191 172 153 176 173 178 199 173 227 209 525 1873 796 3165 452 527 3006 1898 500 2001 550 934 373 210 209 216 218 224 203 233 180 176 203 209 219 183 187 190 222 223 213 234 220 197 202 199 211 225 217 228 216 232 232 219 200 230 233 209 223 229 233 235 226 230 237 226 249 276 297 257 324 307 313 301 238 296 288 311 335 380 335 342 340 366 380 363 375 421 450 454 470 435 452 452 488 565 625 628 539 561 561 422 368 262 235 238 238 230 187 249 319 191 32 32 23 72 49 28 29 27 39 38 32 35 30 32 32 20 29 29 35 34 27 27 50 26 30 27 29 37 37 41 27 35 36 47 33 43 47 63 61 65 92 33 1 0 0 0 0 0 0 0 0 0 0 0 1 0 0 0 0 0 0 0 0 0 0 0 0 0 0 
3998 89 52 42 37 29 27 48 56 34 45 37 39 2581 55 59 39 35 52 33 46 44 2568 131 136 198 193 229 2568 512 365 415 436 457 868 513 532 545 912 499 491 492 925 501 506 554 973 458 398 403 613 349 317 412 278 236 370 236 213 324 191 203 165 157 173 158 162 169 141 153 181 176 185 157 173 174 185 170 164 157 154 158 169 165 213 217 406 344 1841 606 771 4323 3301 722 2515 503 921 290 245 215 226 215 228 195 242 223 193 211 219 241 212 191 211 215 231 242 231 231 242 211 210 226 218 232 234 236 243 257 252 217 213 255 250 247 247 249 251 250 245 247 230 241 275 268 307 245 327 313 284 315 275 282 297 344 333 373 348 337 351 366 342 385 391 412 437 443 455 436 412 456 512 517 595 597 550 537 556 457 413 273 254 236 266 208 219 205 358 232 74 56 53 63 113 40 41 41 37 48 48 48 39 47 45 27 46 42 45 44 33 58 58 50 32 35 39 28 31 39 27 41 36 40 44 41 43 59 55 58 68 53 40 1 3 6 0 0 0 0 0 0 1 0 0 0 0 0 0 0 0 0 0 0 0 0 0 0 
3986 90 52 40 35 32 27 43 61 32 47 31 36 2579 52 61 38 35 54 34 41 46 2420 7 12 5 10 13 7 14 12 6 12 4 2052 245 222 262 931 423 426 398 557 404 432 441 573 460 483 453 658 614 581 825 540 572 586 492 473 559 394 397 294 308 447 319 372 214 216 247 179 160 152 152 143 150 127 141 127 156 126 141 118 101 151 124 141 110 141 134 126 904 5042 1131 4576 931 1949 286 135 130 145 122 143 132 125 115 131 151 152 135 111 124 142 130 143 120 147 151 136 148 156 152 167 160 143 146 165 168 131 146 150 146 149 145 152 157 180 165 151 154 150 158 155 158 156 144 171 158 142 154 167 148 167 160 145 146 148 149 159 181 169 164 165 190 174 162 153 172 171 163 178 197 175 170 200 168 166 194 186 171 159 188 174 191 180 171 169 186 186 169 195 178 179 215 184 194 186 213 229 251 207 221 226 252 222 244 234 229 222 260 246 269 277 280 315 281 265 291 291 283 290 284 331 319 318 369 370 386 377 372 382 315 323 348 363 373 365 413 446 392 380 410 418 359 319 279 193 167 159 156 165 153 139 148 179 656 


6 3 1 1 0 1 0 3 0 0 1 0 0 1 3 0 0 0 1 1 0 0 11 1 2 3 0 1 2 0 2 1 1 3 1 0 2 1 0 1 0 0 2 3 2 2 3 2 0 4 1 2 2 4 2 1 0 1 2 3 0 0 3 3 4 4 2 2 0 1 2 0 1 2 1 1 0 2 5 1 4 3 4 3 2 6 1 4 2 7 5 11 12 16 6 3 9 12 3 6 5 6 5 6 7 5 6 6 7 13 8 7 6 11 3 10 12 14 14 17 21 20 24 31 40 48 48 73 75 88 116 109 112 157 167 179 206 228 254 264 281 276 305 295 309 288 307 351 315 333 328 369 383 387 435 438 418 448 545 737 665 743 839 1014 959 1041 1181 992 1010 1191 1417 1351 1493 1312 1298 1425 1611 1897 2618 2885 3714 3962 4990 5253 6208 6354 7433 7547 8484 7342 8577 8138 9533 9554 12576 12300 11033 12925 12745 16583 19063 17768 21419 20916 17712 21225 22685 22156 18217 21869 21708 18978 16499 21216 21810 20785 20377 19464 14898 17719 17082 14973 13907 13537 12782 15388 12898 12158 10325 7768 10186 10726 11029 10697 12135 8122 7034 6078 6026 5638 5559 5868 5491 5139 5163 6030 4826 4479 4236 4260 5192 3774 3748 3371 4060 22873 
6 3 0 1 1 1 0 1 2 0 0 1 0 1 3 0 0 0 1 1 0 0 1 0 0 0 0 1 10 1 2 2 2 3 2 0 0 0 0 2 1 1 1 2 0 2 3 1 1 1 3 0 2 3 1 2 0 0 1 3 1 4 2 0 4 4 4 5 2 2 1 1 0 1 2 0 1 1 0 3 2 1 3 4 2 1 5 3 4 3 0 11 11 14 11 6 9 7 8 10 4 7 6 4 5 7 8 7 2 4 7 6 9 4 4 7 12 3 4 9 12 8 10 8 11 9 7 11 5 7 9 9 11 13 11 14 17 12 9 27 19 22 49 47 60 84 116 171 190 193 207 275 304 356 483 451 442 364 351 355 323 305 316 413 432 423 412 361 392 506 627 601 797 795 861 893 884 958 1057 1096 1233 1307 1518 1501 1911 1918 2113 2177 2747 2739 3584 3909 5721 6834 10130 11118 10079 11334 10188 11945 11845 10336 12643 12910 12380 15178 16485 17434 15125 19889 22760 20688 17628 22881 24981 25396 25361 23309 19063 25549 26034 25624 24961 23632 22998 28797 23164 21036 16429 11523 14781 15971 16547 17016 19379 12064 9670 6620 6108 6914 7523 6639 5882 5125 5221 7450 4560 4061 3626 3308 4250 3441 3628 3364 4322 6380 
6 3 0 1 1 1 0 0 2 1 0 1 0 1 0 3 0 0 0 1 1 0 1 0 0 0 0 1 0 0 0 0 0 2 10 3 4 1 0 2 0 0 1 0 1 2 1 1 3 0 0 0 0 0 0 3 3 2 1 0 1 2 0 2 1 3 3 2 4 4 4 4 3 2 2 3 0 2 2 1 2 3 2 3 3 1 1 3 1 2 1 7 11 4 15 8 15 10 3 13 7 7 5 6 6 8 2 3 9 7 7 4 4 5 3 8 11 8 7 7 4 5 6 6 7 8 4 13 8 9 7 6 11 8 11 14 8 8 10 11 13 12 20 17 16 14 28 38 40 67 84 108 121 179 267 246 277 286 352 417 370 372 393 373 354 337 383 355 323 362 391 336 385 289 371 395 415 523 639 689 853 845 840 769 884 900 978 1133 1523 1599 1961 2228 2999 3147 4636 5696 5898 7660 8465 10985 11814 11011 13637 13551 13019 16180 17466 16187 12875 15506 15567 14384 12194 14896 15845 17270 18009 18749 16750 22722 27879 29309 29021 25736 23065 28874 26435 27164 24928 19412 25057 28074 29554 29349 31239 18398 15784 14132 13084 11717 10853 8291 6003 4795 4759 6250 4330 3927 3400 3122 2332 1149 677 255 194 113 


