1
0 0 0 0 0 0 0 0 0 0 0 0 0 0 0 0 0 0 0 0 0 0 0 0 0 0 0 0 0 0 0 0 0 0 0 0 0 0 0 0 0 0 0 0 0 0 0 0 0 0 0 0 0 0 0 0 0 0 0 0 1 2 3 13 20 30 45 76 87 124 205 257 366 481 552 565 630 754 791 793 830 755 776 762 802 802 905 993 967 995 886 709 605 494 566 516 480 427 298 229 181 114 93 76 68 69 71 66 55 62 57 74 110 329 631 469 138 127 99 97 111 103 89 106 101 99 111 98 115 105 105 110 102 108 102 143 232 283 124 130 91 117 92 99 90 81 88 87 81 84 105 83 77 68 58 62 52 54 56 74 63 58 73 63 58 47 76 66 87 82 79 78 91 91 94 95 95 120 108 108 122 136 128 105 141 136 133 147 162 158 173 156 162 187 196 198 210 210 197 242 253 237 265 257 291 304 330 308 337 326 352 381 373 406 385 386 412 430 397 456 407 392 435 403 449 431 386 368 378 388 408 410 408 421 411 389 445 454 462 441 464 467 447 516 522 461 534 534 567 561 598 564 626 728 967 21093 
0 0 0 0 0 0 0 0 0 0 0 0 0 0 0 0 0 0 0 0 0 0 0 0 0 0 0 0 0 0 0 0 0 0 0 0 0 0 0 0 0 0 0 0 0 0 0 0 0 0 0 0 0 0 0 0 0 0 0 0 0 0 0 0 0 0 0 0 0 0 1 3 7 20 17 21 22 40 67 80 133 160 244 336 392 446 548 628 630 772 733 769 811 853 906 951 906 1031 1093 1071 927 887 839 662 638 637 506 393 288 256 175 132 196 381 686 514 187 168 141 108 123 113 118 108 109 100 103 112 112 108 97 111 109 94 112 109 118 200 292 149 125 95 119 75 92 104 86 75 77 89 82 89 89 92 70 59 51 65 52 49 59 73 68 63 64 59 68 60 73 74 88 84 73 82 101 87 90 92 125 94 103 120 129 134 133 110 131 139 159 156 166 151 147 169 182 194 194 190 228 185 195 246 268 256 245 290 285 300 310 321 310 372 361 339 360 390 374 394 444 388 424 406 406 408 391 412 385 449 379 380 380 368 380 415 403 383 382 405 405 444 427 458 467 443 463 458 496 485 533 517 543 572 593 691 928 22638 
0 0 0 0 0 0 0 0 0 0 0 0 0 0 0 0 0 0 0 0 0 0 0 0 0 0 0 0 0 0 0 0 0 0 0 0 0 0 0 0 0 0 0 0 0 0 0 0 0 0 0 0 0 0 0 0 0 0 0 0 0 0 0 0 0 0 0 0 0 0 1 3 7 18 15 15 12 26 27 32 32 32 36 38 34 38 38 39 65 53 64 78 99 149 191 269 336 401 499 635 729 871 871 888 912 990 882 961 909 1031 981 750 970 1108 1413 1213 853 691 557 374 330 261 245 232 194 134 167 166 162 154 139 141 130 111 124 115 139 195 303 165 130 104 125 84 95 104 91 76 77 89 89 90 87 91 72 67 49 67 54 45 65 64 75 65 65 55 64 61 64 73 88 83 73 88 100 88 88 88 127 93 94 128 134 135 128 124 129 140 151 161 166 144 161 166 178 189 194 190 226 187 190 252 252 261 242 295 282 289 320 318 313 355 366 339 372 375 380 384 429 400 435 403 415 387 409 404 379 428 403 369 386 372 384 400 405 382 384 394 415 435 429 445 481 437 459 475 473 490 513 522 545 553 614 670 955 22721 


24 0 0 0 0 0 0 0 0 0 0 0 0 0 0 0 0 1 1 0 0 0 0 0 0 1 1 1 2 1 2 5 2 1 5 5 2 4 7 4 8 4 6 6 8 9 19 15 20 25 34 17 29 50 37 65 64 49 86 80 106 137 163 218 290 337 434 606 810 901 1020 1233 1544 1790 1983 2255 2454 2723 3120 3436 3648 3750 4042 4607 4825 5210 5497 6131 7029 7580 7789 8025 8052 8265 9086 8618 8404 7887 7780 7802 7571 6979 6188 6093 5868 5842 5953 5423 5186 5342 5703 6046 6233 6118 6119 6418 6682 6987 6961 7012 6826 6771 7298 7347 7354 7181 7427 7631 8390 7954 7939 7742 8116 8625 9140 9048 9352 9289 9904 10213 10953 10813 10650 10705 11341 11821 11914 11524 10649 10606 10565 10471 10266 9351 9118 9035 8865 9217 8705 8731 8110 8041 8132 7883 7555 7424 7240 7473 7550 7434 7325 7096 7063 7157 7276 7098 6685 6359 6628 6616 6365 5989 5755 5956 5895 5881 5560 5115 5043 5073 5117 5348 4650 4127 4043 3963 3755 3373 3036 2850 2902 2619 2349 1952 1768 1652 1426 1268 1090 959 836 886 792 709 627 573 491 443 361 245 198 180 148 97 69 82 61 25 8 9 9 5 5 5 9 6 7 2 12 14 4 11 14 17 9 4 17 21 6 8 3 8 15 12 26 1623 
24 0 0 0 0 0 0 0 0 0 0 0 0 0 0 0 0 0 0 1 0 1 0 0 0 0 0 0 0 0 0 1 0 0 1 0 0 0 0 0 2 1 0 2 2 3 3 3 3 3 2 2 6 5 3 6 3 5 8 5 9 10 9 17 20 31 30 34 36 47 50 55 67 67 57 71 79 136 165 202 291 378 434 661 743 862 986 1234 1334 1579 1693 1784 2023 2469 3147 3334 3520 3529 3838 4417 4555 4824 4978 5248 5640 6384 7161 7085 7099 7500 8295 9128 9178 7628 7001 7413 7456 7332 6577 6149 5719 5689 5910 5745 5279 5077 5082 5708 6496 6440 6207 6044 6178 7258 7359 7071 6450 6151 6567 7050 7426 7380 6888 7026 7783 8198 8709 8003 7649 7613 8935 9474 9514 9212 9350 10027 10625 11643 11974 12322 11763 12322 13072 13431 12075 11042 11140 11609 11763 11046 9960 9395 9643 9984 10214 9379 8489 8304 8248 8844 8711 7723 7391 7597 7909 8215 7481 6757 6891 7105 7521 8061 6897 6261 6471 6916 7014 6575 6200 6166 6767 7010 6647 5766 5457 5510 5368 4943 3991 3591 3554 3424 3020 2357 2037 1903 1851 1753 1443 1247 1154 1023 969 867 679 650 626 673 501 373 308 295 248 174 161 95 100 79 52 45 41 27 18 21 17 22 4 16 16 14 11 5 13 17 27 1624 
24 0 0 0 0 0 0 0 0 0 0 0 0 0 0 0 0 0 0 0 0 2 0 0 0 0 0 0 0 0 0 0 0 0 2 0 0 0 0 0 0 0 0 0 0 1 0 0 0 0 0 0 0 0 2 3 0 3 0 6 3 3 2 4 2 2 4 4 7 3 7 11 10 13 18 25 28 19 23 39 28 35 37 53 43 43 53 32 70 74 63 92 116 157 207 272 335 404 518 644 844 1156 1286 1497 1733 2084 2456 2541 2653 2903 3280 3586 3966 3931 4012 4397 4777 5089 5121 5084 5490 5715 6491 6974 7030 7164 7364 8098 9194 8424 7687 7140 7158 7676 7752 7826 7229 6724 6923 7163 7089 6679 6187 6195 6145 6421 6120 5439 5261 5154 5412 5665 5694 5504 5455 5691 6122 6641 6619 6792 6480 6939 7409 7607 7331 7286 7630 8442 8909 9070 8865 8920 9521 10503 10771 10817 10613 10869 11433 12099 11929 11700 10815 11524 11954 12025 11644 10451 10506 10299 10624 10729 9550 8842 9345 9605 9602 8844 8365 8221 8825 8444 7849 7110 6801 7039 7276 6897 6612 6137 6478 6653 6399 5690 5129 5383 5614 5660 5239 5173 5237 5576 5774 5572 4494 4565 4624 4066 3542 3054 2923 2728 2306 1949 1724 1758 1544 1193 1060 992 998 892 761 667 683 693 591 505 337 299 243 175 166 137 116 1705 


