1
0 0 0 0 0 0 0 1 15 60 128 127 166 214 256 297 419 590 779 1030 1491 1941 2640 3165 3730 4052 4364 4114 3615 2947 2525 2108 1678 1278 988 802 746 650 640 655 660 643 611 685 693 731 760 695 839 980 1052 1171 1293 1457 1543 1654 1731 1914 2081 2254 2253 2398 2482 2509 2337 2263 2170 2138 2080 2005 1905 1846 1544 1386 1284 1178 983 803 714 642 576 503 491 393 338 289 228 204 177 161 144 134 126 87 83 76 65 78 52 57 44 41 29 32 36 26 28 21 30 23 17 13 16 10 1 8 1 5 4 5 1 3 3 2 2 2 1 5 2 0 1 1 1 2 1 2 1 1 2 1 4 3 2 1 2 2 3 4 0 1 0 2 2 1 1 0 1 2 0 1 2 1 1 2 0 0 0 0 0 0 2 0 0 0 1 2 1 1 1 0 1 0 1 0 1 0 0 0 0 0 0 0 0 1 0 0 0 1 1 0 1 0 0 1 0 0 1 1 0 0 1 0 0 0 0 0 0 0 0 0 0 0 0 0 0 0 0 0 0 0 0 0 0 0 0 0 0 0 0 0 0 0 0 0 0 0 0 0 0 0 0 0 0 0 0 0 
0 0 0 0 0 0 0 0 0 0 0 0 5 22 67 69 118 102 150 180 217 253 291 259 294 413 518 545 630 806 989 1103 1375 1586 1918 2195 2368 2583 2590 2757 2680 2657 2454 2284 2136 1992 1876 1639 1508 1357 1274 1227 1065 949 834 853 791 891 946 1030 1108 1166 1221 1361 1395 1537 1632 1588 1806 1922 2019 2132 2169 2149 2135 2081 1944 1916 1869 1826 1790 1672 1548 1572 1528 1425 1315 1167 1061 944 834 790 710 569 513 486 411 395 342 296 216 220 183 156 119 122 97 86 70 75 67 62 68 67 41 34 34 29 35 27 29 32 24 23 28 25 21 20 22 17 12 14 8 11 4 5 3 0 2 4 1 0 5 1 0 1 1 0 2 0 0 0 1 0 0 1 0 2 1 0 1 1 1 0 0 0 0 0 0 0 0 0 0 0 0 0 0 0 0 0 0 0 0 0 0 0 0 0 0 0 0 0 0 0 0 0 0 0 0 0 0 0 0 0 0 0 0 0 0 0 0 0 0 0 0 0 0 0 0 0 0 0 0 0 0 0 0 0 0 0 0 0 0 0 0 0 0 0 0 0 0 0 0 0 0 0 0 0 0 0 0 0 0 0 0 0 
0 0 0 0 0 0 0 0 0 0 3 10 11 15 34 69 90 116 118 164 258 302 369 427 561 596 682 824 944 1074 1266 1452 1705 1863 1911 1994 2050 2090 2107 2148 2188 2114 2022 1936 1763 1624 1475 1458 1189 1150 1089 1045 1021 954 874 885 797 768 778 689 663 629 700 731 824 978 981 1081 1172 1171 1254 1342 1361 1430 1448 1572 1656 1845 1911 1813 1890 1902 1841 1719 1706 1643 1651 1637 1556 1458 1501 1365 1302 1262 1169 1126 1000 961 865 786 705 746 636 539 471 450 406 357 319 290 248 192 208 184 131 143 100 110 88 104 69 72 48 53 58 49 43 38 22 30 37 18 29 18 24 24 15 27 16 22 16 20 14 12 11 13 8 12 8 9 6 6 4 5 2 1 4 3 0 1 2 1 1 3 1 2 1 3 3 3 0 0 1 2 1 1 0 0 0 0 1 1 1 2 0 1 1 0 1 1 0 0 0 1 1 0 0 0 1 2 1 0 1 1 0 0 1 0 2 0 0 0 0 0 0 0 0 1 0 0 0 1 0 0 1 0 1 1 0 0 0 1 0 1 0 1 0 0 0 0 0 0 0 0 0 0 0 0 0 0 0 0 0 0 0 0 


0 0 0 0 0 0 0 0 0 0 0 0 0 0 0 0 0 0 0 0 0 0 0 0 5 4 7 12 11 16 22 26 35 51 55 51 61 183 695 1245 1653 2033 2256 2252 2406 2734 2969 2996 2924 3446 4039 4880 5435 5935 6574 7334 9317 10713 11648 12423 12870 14413 15756 16386 17303 18389 19272 19020 18673 19742 19431 20073 20715 20774 20431 20088 19461 19033 18350 17859 17586 17450 16928 16559 16187 15663 15209 14699 14152 13833 13156 12853 12537 12346 12079 11509 11223 11007 11016 10985 10908 10537 9874 8916 8320 7813 7054 6482 5913 5564 5040 4559 4221 3983 3587 3404 3041 2673 2409 2209 2026 1768 1640 1349 1276 1087 972 857 700 637 622 552 502 441 413 363 314 282 240 196 198 159 120 131 94 108 76 99 91 86 74 53 77 71 57 80 41 60 80 47 50 51 60 53 49 52 47 46 51 50 38 47 37 34 22 42 45 39 34 32 39 43 54 30 32 35 33 28 36 22 30 24 20 29 23 25 23 27 32 34 25 22 30 21 18 25 26 22 22 28 23 24 24 15 22 22 25 14 20 10 10 13 10 11 4 8 9 0 4 4 7 2 5 5 5 3 5 10 5 4 9 10 4 10 3 6 1 8 4 17 11 9 7 10 15 487 
0 0 0 0 0 0 0 0 0 0 0 0 0 0 0 0 0 0 0 0 0 0 0 0 0 0 0 0 0 0 0 0 0 0 4 2 4 11 20 133 361 626 818 965 1141 1409 1329 1319 1452 1497 1388 1422 1680 2002 2121 2617 3685 4641 5564 7004 7644 9397 11375 11297 11057 9842 10511 9607 10279 11476 10862 10569 10013 10113 10605 11412 11966 12507 13592 14396 14395 14544 15441 16103 16663 16953 16861 16562 16791 16736 16554 16286 16060 15904 15639 15868 15563 15019 14876 14357 14392 14106 13679 13893 14028 14361 13577 13519 12715 11574 10743 9989 9502 8911 8409 8043 7441 7039 6666 6387 6233 5780 5584 5485 5126 4866 4549 4168 3972 3804 3403 3084 2927 2636 2360 2127 1960 1825 1653 1552 1346 1210 1201 1107 1039 933 838 687 703 627 535 543 478 424 424 369 365 363 329 291 256 288 260 226 187 196 182 144 112 102 108 73 77 85 62 70 56 52 37 35 26 28 32 18 33 24 30 28 30 28 16 27 20 18 15 19 16 13 20 10 15 25 24 24 14 17 18 15 14 17 16 12 13 15 17 14 13 7 25 12 13 8 15 10 16 10 12 5 8 8 8 3 8 10 10 7 8 6 8 8 12 8 7 13 5 11 4 8 6 9 7 11 3 11 18 189 
0 0 0 0 0 0 0 0 0 0 0 0 0 0 0 0 0 0 0 0 0 0 0 0 0 0 0 0 0 0 0 0 1 0 0 4 5 5 20 61 131 321 421 626 710 877 1211 1185 1159 1143 1188 1244 1441 1301 1480 1756 2245 2690 3404 4900 5955 6930 8176 8937 10291 11075 9621 8589 8366 7965 7702 7738 7330 7113 7156 7199 7439 7493 7731 8195 8971 9600 9577 10172 10663 11301 12019 12055 12573 13342 14082 14271 14980 14740 14804 14970 15562 15338 14862 14856 15007 14926 14550 14267 14604 14679 14295 14299 13562 13683 13381 12804 12421 12127 11628 10800 10095 9548 9049 8629 8426 8000 7533 7571 7328 7363 6922 6684 6603 6206 5825 5535 5331 5204 4951 4754 4654 4502 4322 4058 3981 3726 3527 3282 3171 2927 2804 2633 2472 2352 2066 1937 1773 1645 1510 1447 1421 1230 1217 1162 1079 957 956 853 750 778 637 608 651 527 524 506 553 444 492 421 406 325 336 268 244 198 172 201 172 144 158 128 123 119 126 109 107 91 112 94 99 75 81 75 79 69 58 66 58 65 64 56 55 77 64 47 43 46 30 46 43 35 50 25 38 43 28 34 35 28 36 28 35 26 29 25 28 20 22 25 34 30 28 31 31 18 20 22 20 21 24 21 23 26 29 29 25 36 36 243 


