0
0 0 0 0 0 0 0 0 0 0 0 0 0 0 0 0 0 0 0 0 2 0 0 1 1 2 0 1 2 2 0 2 1 0 2 3 0 6 5 7 7 10 3 11 7 9 18 17 14 18 25 22 25 34 27 27 36 48 44 44 72 63 79 92 85 81 63 80 84 98 95 107 113 108 117 123 122 131 144 154 143 168 138 149 151 158 166 193 174 174 198 184 198 195 208 195 197 209 227 203 234 239 268 283 253 309 336 303 334 339 351 395 354 339 390 356 333 315 331 298 299 301 336 340 318 339 363 382 368 404 376 397 376 356 457 411 426 451 459 454 432 405 447 447 464 449 540 617 618 655 666 708 692 714 729 714 521 531 472 355 383 293 253 217 201 169 159 156 112 118 106 97 107 104 91 71 63 74 52 66 54 51 50 39 32 36 38 27 21 24 34 43 23 26 21 20 22 23 22 23 23 19 10 19 16 16 21 13 10 14 16 15 17 8 10 16 14 12 13 13 14 12 10 19 18 6 7 7 16 15 13 15 17 11 22 11 17 14 14 12 15 9 11 15 10 11 12 12 17 8 17 31 38 61 103 204 
0 1 0 1 1 0 1 1 2 0 0 0 1 0 0 2 2 4 4 2 9 10 5 7 13 8 14 12 15 13 21 27 26 25 42 41 56 69 65 87 111 140 190 179 181 202 199 241 241 264 293 263 360 343 342 363 357 368 390 430 381 477 434 471 423 419 329 387 341 321 326 298 290 293 287 293 258 283 353 284 320 351 299 302 282 267 257 223 215 184 189 157 153 150 142 127 145 108 130 100 98 90 89 84 67 89 78 85 98 88 91 88 89 79 82 80 71 76 84 83 72 100 121 122 128 142 132 154 140 145 151 148 132 137 131 111 114 91 98 108 118 118 98 118 119 126 108 131 109 124 132 131 114 133 135 116 156 158 153 149 145 143 138 138 167 159 180 186 201 215 277 351 402 405 516 588 599 623 664 730 654 610 520 441 383 334 254 250 172 161 140 113 96 106 50 67 46 42 35 29 17 21 26 11 10 11 10 5 17 7 11 10 14 8 10 10 11 16 9 10 10 11 9 6 7 9 4 12 4 9 7 7 2 2 7 5 4 7 4 10 7 9 6 8 10 4 8 6 7 14 10 24 20 37 114 132 
0 0 0 0 0 0 0 0 0 0 0 0 0 0 0 0 0 0 0 1 0 0 1 0 0 1 0 0 0 0 0 0 2 1 2 0 3 5 4 1 3 2 3 4 4 3 6 2 3 7 6 7 2 4 1 3 5 7 4 9 8 11 4 7 6 9 11 9 4 6 11 9 14 10 11 9 11 9 10 16 23 21 25 25 19 20 18 32 15 45 23 30 37 29 24 29 26 33 33 34 31 30 30 27 30 37 39 26 24 17 28 23 33 39 25 34 40 33 40 38 37 65 64 66 69 47 69 68 55 75 69 88 86 71 99 87 81 91 85 79 102 91 110 96 111 119 107 138 144 128 148 146 157 149 167 163 193 198 175 179 241 259 236 247 248 250 255 241 254 266 272 321 324 340 361 359 365 348 355 380 405 403 445 456 482 517 458 433 473 497 455 453 477 524 488 494 519 507 540 585 545 663 744 838 1014 1105 1282 1334 1221 1088 934 722 562 394 310 224 170 133 110 67 59 49 60 49 35 32 28 39 34 40 26 30 31 21 19 13 26 22 17 22 20 23 25 16 15 21 18 22 12 20 26 25 37 53 93 132 


1980 2511 2356 1995 1620 1262 1024 802 631 540 512 468 535 623 702 810 1000 1349 1578 1907 2310 2586 2657 2511 2263 2101 1843 1786 1653 1609 1681 1712 1665 1695 1767 1576 1513 1354 1158 981 746 635 465 407 331 292 268 260 215 202 193 194 210 175 202 198 194 240 215 221 210 234 230 225 215 252 234 248 278 279 283 295 263 283 299 310 325 296 356 354 333 330 384 366 373 354 363 322 368 330 342 365 354 400 403 404 395 390 439 455 493 528 607 652 652 690 699 729 800 761 812 846 789 829 792 819 840 850 835 884 968 1091 1264 1474 1747 2007 2376 2732 3012 3582 3984 4390 4865 5164 5211 5561 5799 6045 6368 6828 7208 7899 9005 9819 10863 12036 13287 14818 15867 16931 18127 18851 18813 18805 18909 18883 18192 17764 16555 15345 14563 14162 13481 12620 11860 11066 10600 10481 10322 10612 10528 10667 10712 10385 10535 10266 9926 9196 8796 8152 7871 7792 7757 7691 7351 6899 6597 6355 6010 5675 5701 5829 5869 5848 5841 5731 5484 4992 4735 4583 4235 4117 4260 4073 4193 4802 5089 5682 6187 6583 6961 6867 6223 5301 4618 4325 4348 4431 4532 4673 5216 5474 5360 5103 4870 4517 4179 3802 3410 2892 2159 1545 1058 652 506 381 237 195 154 106 82 67 61 44 37 29 19 22 18 8 11 4 9 5 7 9 
3 8 7 7 12 9 27 38 66 60 121 173 229 291 450 683 819 1193 1565 1852 2028 2060 2036 1936 1912 1975 1909 1848 1756 1686 1599 1478 1289 1151 835 683 543 360 294 212 173 125 130 159 116 162 213 228 263 323 404 476 558 657 832 945 995 1018 875 755 589 423 315 288 255 214 250 208 229 209 237 251 233 261 240 302 299 307 291 307 287 298 252 265 224 233 222 245 209 217 205 206 205 214 204 201 183 212 221 227 184 227 228 217 254 247 240 287 258 298 283 325 345 334 360 379 349 336 350 369 380 389 428 385 429 390 420 419 465 517 437 502 495 543 566 569 479 593 564 601 597 663 685 713 758 725 805 868 887 1015 1216 1332 1656 2006 2450 3065 3467 4096 4544 5001 5302 5069 5177 5160 5112 5343 5909 6819 8043 9077 10503 11567 12779 14248 16095 18231 20747 22652 24670 26532 28370 29782 29967 29429 28771 28094 26787 25180 24053 23299 22614 21348 20139 18187 15946 14400 13467 12379 11489 10379 9704 9173 8894 8930 8989 9320 8762 8377 7894 7435 6961 6650 6377 6344 6394 6467 6272 6531 6644 6605 6246 5390 4355 3429 2819 2277 1896 1532 1014 631 436 267 240 192 132 101 91 75 62 32 37 33 23 14 15 11 4 4 7 6 4 3 2 2 4 7 
3 4 5 13 7 27 36 48 76 91 159 239 288 418 589 821 1089 1570 2184 2842 3306 3537 3479 3056 2685 2311 1713 1345 992 696 544 413 293 236 194 129 107 107 93 84 82 88 62 88 56 73 59 69 70 75 105 101 129 108 158 169 171 203 187 183 156 179 121 123 110 127 105 104 102 102 108 84 85 111 81 103 81 99 88 97 114 103 84 89 93 74 78 55 63 47 49 52 50 48 36 43 43 52 46 50 52 46 39 49 53 57 52 50 53 60 54 67 62 57 70 63 61 63 61 64 71 75 71 78 105 93 100 115 123 136 129 154 178 185 189 210 211 204 225 218 211 207 221 228 256 280 253 254 280 291 291 295 326 361 348 334 350 426 402 446 440 446 476 478 504 564 584 590 633 746 824 947 1070 1363 1844 2271 2435 2476 2366 2640 3101 3649 4341 4952 5285 5674 5732 5511 5532 5736 6740 7908 9635 11751 14528 17261 20621 24724 29066 33389 37108 40763 43656 45664 47929 50115 49722 47073 42062 35961 30373 25910 22335 19147 17092 15344 14159 12682 11316 10094 8759 7770 6725 5263 4124 3233 2565 1942 1326 869 573 448 324 221 185 157 128 117 88 75 53 49 34 29 29 19 13 13 6 6 7 2 7 2 6 1 


