1
0 0 0 0 0 0 0 0 0 0 0 0 0 0 0 0 0 0 0 0 0 0 0 0 0 0 0 0 0 0 0 0 0 0 0 0 0 0 0 0 0 0 0 0 0 0 0 0 1 0 0 0 0 0 0 0 0 0 0 0 0 0 0 0 0 0 0 2 3 5 14 33 41 106 203 332 480 616 732 905 994 789 597 316 192 125 80 58 36 40 29 28 21 26 24 23 15 13 17 12 17 27 15 22 13 9 10 22 20 19 13 10 12 23 16 25 39 57 56 31 38 15 3 16 18 6 7 15 13 22 15 19 11 15 18 16 19 15 7 5 15 14 18 13 15 6 14 24 17 14 18 21 14 21 24 31 33 53 111 187 349 633 1030 1451 1660 1880 1810 1758 1700 1490 1218 839 463 162 104 84 108 111 198 333 471 469 279 115 42 25 16 19 12 16 20 20 20 17 19 24 12 23 24 15 29 40 40 78 107 226 342 568 871 1430 2208 2696 2778 3127 2993 2471 2024 1600 1058 685 314 115 28 20 4 10 17 22 48 34 58 45 32 15 8 1 0 1 0 0 1 1 0 0 0 0 0 0 0 0 0 0 0 0 0 0 
0 0 0 0 0 0 0 0 0 0 0 0 0 0 0 0 0 0 0 0 0 0 0 0 0 0 0 0 0 0 0 0 0 0 0 0 0 0 0 0 0 0 0 0 0 0 0 0 0 0 0 0 0 0 0 0 0 0 0 0 0 0 1 0 0 0 0 0 0 0 0 0 0 0 0 0 0 0 0 0 0 0 0 0 0 1 2 4 2 9 15 31 24 58 87 165 259 322 411 505 579 655 734 756 590 525 308 228 130 91 75 44 40 21 30 26 25 18 19 13 25 19 11 18 11 13 7 10 15 22 13 18 10 10 9 7 14 20 14 15 11 9 7 10 13 19 8 15 29 28 47 50 29 25 25 11 5 18 13 4 5 7 10 15 15 15 10 13 14 6 14 16 12 14 14 9 7 5 11 11 16 11 8 15 5 12 7 23 13 9 15 15 12 14 17 19 20 19 20 37 49 85 105 200 293 500 853 1110 1334 1470 1512 1453 1410 1353 1319 1231 969 762 500 260 115 99 109 102 191 290 379 424 328 159 82 32 7 18 17 12 20 10 7 20 17 19 18 17 22 22 13 25 13 22 30 30 18 33 54 25972 
0 0 0 0 0 0 0 0 0 0 0 0 0 0 0 0 0 0 0 0 0 0 0 0 0 0 0 0 0 0 0 0 0 0 0 0 0 0 0 0 0 0 0 0 0 0 0 0 0 0 0 0 0 0 0 0 0 0 0 0 0 0 0 0 0 0 0 0 0 0 0 1 0 0 0 0 0 0 0 0 0 0 0 0 0 0 0 0 0 0 0 0 0 0 0 1 0 2 2 5 5 3 6 11 13 31 24 64 79 134 194 261 353 374 491 499 561 640 612 611 526 366 238 181 121 77 68 46 37 28 22 27 19 22 16 12 19 20 15 17 11 12 9 14 8 6 13 22 9 13 16 10 8 7 8 12 20 12 9 13 11 9 6 7 9 11 18 7 17 28 27 36 47 31 24 15 28 4 5 13 13 8 3 3 11 8 12 16 11 12 9 13 7 11 11 11 17 13 10 9 5 5 6 13 8 17 7 7 8 12 8 8 13 22 10 6 16 10 14 9 15 15 23 15 17 23 27 55 49 89 120 198 273 463 761 951 1189 1328 1352 1272 1263 1234 1236 1155 1104 967 778 572 347 189 130 96 120 213 341 27673 


24 0 0 0 0 0 0 0 0 0 0 0 0 0 2 0 1 0 2 2 4 5 6 7 10 15 19 29 44 47 88 103 150 254 331 327 332 281 293 233 143 92 53 37 51 48 46 66 64 67 65 79 67 56 64 67 60 79 74 93 100 127 165 166 245 292 371 468 519 581 777 1052 1146 1451 1670 1979 2409 2710 3225 3963 4801 4944 4849 4926 4885 5270 5753 5937 6592 6569 6632 6570 7063 7283 8306 8728 9230 8821 8399 8354 8484 8846 9652 9781 9826 9364 9481 9648 10045 10911 11430 11688 12227 11750 11400 11760 12320 13322 14111 14170 14024 13302 12650 12823 13488 14126 14472 14462 15591 13910 13068 12955 13635 14177 14738 14729 14195 13354 12605 12051 12114 12175 12364 12002 11616 11119 10593 10563 10580 10690 10672 9953 9186 8402 7543 7217 6849 6877 6351 6140 5167 4381 4042 3800 3814 3967 3647 3168 2942 2598 2513 2235 2127 2062 1844 1589 1333 1156 915 841 709 629 619 545 469 369 327 301 241 255 229 172 125 107 105 110 108 119 100 118 110 118 105 117 139 129 126 120 134 148 159 185 182 183 208 245 207 275 291 303 339 330 373 373 360 410 410 430 438 419 430 435 425 462 526 522 546 569 604 603 593 593 649 626 610 603 600 674 670 719 819 875 1127 1441 2262 12364 
24 0 0 0 0 0 0 0 0 0 0 0 0 2 2 2 8 8 29 47 126 223 346 380 307 301 307 218 154 72 63 40 39 44 51 48 51 35 52 43 60 48 50 66 50 43 44 43 53 30 36 38 39 34 31 30 40 31 36 34 35 43 56 49 55 70 80 97 75 90 68 87 90 102 122 134 153 162 158 235 285 365 419 483 547 685 911 1157 1335 1767 1925 2183 2630 3282 4147 4600 5153 5188 5376 5182 5245 5667 5964 6301 6373 6043 6007 6287 6818 7963 8604 9401 9828 9308 8937 8928 9600 10708 11157 11834 11774 11069 10287 10456 11242 12416 13512 14065 15578 14259 13189 12889 13665 14948 15883 16134 16139 15304 14347 13665 14387 15346 16523 16785 16051 14683 14102 14574 15149 15891 15914 14999 13868 12536 11348 11213 11716 12807 12593 13051 10993 9710 8519 8773 8728 8949 8340 8010 6951 5989 5290 4904 5080 5005 4971 4660 4020 3572 3119 2933 2968 2914 2718 2426 2121 1894 1811 1805 1651 1518 1381 1304 1093 1006 984 993 919 859 773 615 576 516 551 541 481 507 461 447 474 469 475 487 467 418 454 378 432 413 401 375 392 330 365 353 309 319 284 298 265 224 243 267 314 245 225 181 192 214 186 198 139 113 89 93 75 97 70 56 50 45 38 53 39 34 36 1704 
24 0 1 0 1 0 2 1 0 0 2 6 7 18 38 105 228 294 312 271 226 221 237 222 187 152 146 134 88 94 80 103 108 130 130 130 143 170 202 205 233 251 250 257 271 309 297 286 302 315 332 358 361 380 416 409 408 428 426 428 471 446 486 462 499 514 506 546 509 474 516 524 590 530 552 543 550 586 598 670 638 665 637 597 669 635 641 675 710 650 683 705 774 806 847 877 987 1019 1066 1033 1151 1413 1733 2020 2269 2404 2592 3057 3428 4225 4869 5207 5781 5488 5328 5400 5813 6205 6444 6474 6393 6229 5950 6023 6647 7415 8174 8701 9597 8972 8762 8826 9794 11048 12132 12580 12523 12592 11825 11175 12166 13420 14051 14716 14891 14253 14304 14988 16264 17585 18280 18023 17556 16666 15636 15934 16517 18055 17955 18690 16884 15790 14512 14725 14982 15735 15260 14698 14185 12850 11420 11184 11420 11053 10880 10074 9119 7924 7455 6881 6847 6957 6392 5733 5021 4206 3927 3718 3550 3158 2924 2744 2052 1727 1769 1793 1532 1336 1203 1002 846 738 687 617 603 523 472 278 183 150 118 93 55 51 43 59 57 76 107 97 83 76 56 22 16 10 21 10 10 15 11 15 4 10 9 10 6 8 5 8 17 7 11 15 20 21 21 31 18 15 8 14 13 28 29 1718 


