0
0 0 0 0 0 0 0 0 0 0 1 0 2 0 2 1 0 1 1 1 1 2 1 3 2 4 2 1 3 4 7 8 26 23 25 50 47 47 61 75 69 75 60 78 64 96 74 61 76 64 98 49 76 76 74 92 82 90 97 132 127 148 174 175 161 194 172 178 198 210 190 226 219 237 250 238 210 204 233 212 226 214 233 201 231 268 296 314 306 333 338 319 345 371 329 357 351 342 367 342 322 335 274 277 260 290 257 263 264 248 228 243 224 201 247 213 213 221 189 196 207 190 163 168 130 139 139 155 104 111 119 119 98 100 89 102 83 90 83 88 66 83 74 56 79 55 65 71 46 48 64 44 67 44 40 53 32 50 34 47 44 47 40 33 33 49 37 26 43 34 40 28 28 33 38 36 33 23 27 29 25 19 30 20 28 21 27 21 23 12 21 14 14 15 20 21 17 22 15 11 11 11 9 15 6 10 6 12 7 10 9 6 5 12 12 5 3 10 4 2 10 4 3 4 4 6 10 4 5 4 4 5 4 4 1 6 1 5 5 3 9 3 5 3 4 6 3 6 7 9 6 14 13 21 25 70 
0 0 1 0 0 1 1 0 0 2 3 2 1 3 1 3 4 8 4 5 11 12 15 12 30 39 35 69 75 110 146 187 200 227 209 205 179 176 173 180 218 288 264 360 383 395 364 388 390 362 323 308 267 257 235 233 246 220 219 219 236 207 200 213 221 229 232 212 221 209 174 201 203 159 169 132 135 163 153 145 189 177 166 169 165 142 143 148 154 129 137 103 128 135 125 125 120 124 120 123 115 119 99 124 109 100 89 80 112 115 105 120 134 155 141 170 159 157 164 193 169 195 150 141 137 129 133 100 107 74 92 63 66 85 73 64 65 82 66 71 57 63 61 54 63 50 55 57 48 53 45 58 49 46 56 48 37 46 54 49 45 36 49 44 45 51 35 41 47 50 37 54 40 26 39 42 39 31 31 29 30 27 25 25 19 29 18 23 22 14 30 15 20 22 10 10 14 25 5 14 11 13 13 12 8 17 7 7 5 6 4 4 8 2 6 1 6 3 6 4 3 5 5 1 4 6 1 2 1 2 2 4 7 3 5 3 2 2 5 4 2 4 6 5 1 3 4 5 5 6 7 8 9 12 36 35 
0 0 0 0 0 0 0 0 1 0 0 0 0 1 0 1 1 0 1 1 1 1 0 2 1 1 1 0 2 5 1 2 0 3 8 3 1 5 4 5 9 4 4 8 11 12 9 9 3 8 4 4 8 7 9 4 13 24 7 18 24 8 16 10 23 18 19 17 31 22 19 23 31 21 26 32 27 26 30 25 25 26 26 26 38 28 29 29 22 23 25 25 16 31 26 42 55 55 70 67 68 65 56 72 72 68 54 61 55 38 47 64 61 64 79 80 68 83 107 126 135 121 123 110 101 86 84 80 87 66 81 84 82 47 77 67 88 99 95 103 118 125 147 196 205 214 262 295 315 320 282 263 247 233 218 220 210 219 208 251 236 229 266 293 340 372 367 372 328 299 288 233 256 236 236 221 217 218 214 249 259 278 256 247 223 243 223 236 239 253 234 265 302 304 344 328 348 327 261 274 218 176 161 146 138 111 94 90 84 79 42 35 47 42 24 27 44 20 22 18 25 23 19 21 15 17 10 18 16 10 10 7 11 9 9 10 10 9 8 6 13 7 7 7 14 15 6 12 12 11 18 7 18 17 32 39 


1594 2008 1750 1504 1344 1250 1173 1209 1140 1095 1171 1229 1465 1650 1805 1958 2328 2523 2769 2975 3165 3286 3305 3473 3374 3168 2736 2211 1810 1478 1236 987 850 759 657 606 576 565 543 463 519 498 493 461 460 467 438 431 473 474 478 501 500 508 515 458 500 496 453 529 494 515 542 559 575 545 592 607 552 540 568 569 589 540 658 637 592 656 604 657 655 589 659 632 634 653 683 687 665 724 683 714 745 781 794 799 820 918 876 944 959 995 924 963 1053 1101 1127 1195 1314 1369 1432 1533 1729 1831 1986 2191 2441 2525 2868 3294 3614 4167 4772 5219 6011 6515 7617 8481 9193 9936 10730 11384 11786 12224 12509 12728 12538 12728 12501 12551 12681 12653 12618 12559 12666 13152 13276 13317 13445 13273 13040 12666 12147 12045 12138 12172 11915 11692 11300 10957 10471 9776 8982 8790 8286 8273 8055 7747 7640 7120 7360 7087 6867 6741 6465 6227 6037 5793 5624 5402 5280 5175 5245 5178 5072 4963 5009 4731 4822 4684 4674 4659 4741 4773 4615 4661 4613 4354 4360 4305 4233 4412 4368 4402 4408 4530 5253 6493 8267 9071 9064 7558 6486 5627 5001 4820 4715 4461 4190 3792 3424 3169 3019 2690 2667 2484 2373 2327 2211 2049 2063 1847 1751 1545 1519 1412 1279 1070 947 850 805 710 587 535 488 425 381 326 325 254 241 222 240 250 309 425 
19 22 31 42 55 49 65 71 107 131 185 301 500 865 1282 1593 1736 1555 1239 845 601 425 305 248 198 172 153 147 156 165 175 172 212 223 263 296 350 414 481 510 642 723 986 1176 1491 1762 2213 2830 3290 3542 3732 3575 3130 2447 1716 1257 858 704 494 430 453 361 398 361 359 347 353 343 320 330 404 333 386 432 403 402 437 446 469 459 457 504 534 531 556 614 626 606 631 701 687 690 710 740 721 732 749 799 760 760 779 833 792 839 854 857 823 804 800 769 765 735 750 781 811 826 806 825 845 768 787 770 786 774 807 748 814 793 783 837 798 863 883 882 964 976 1056 1140 1180 1295 1325 1365 1404 1391 1413 1454 1529 1656 1765 2001 2312 2581 2854 3179 3870 4652 5742 6587 7687 8766 10041 11071 12482 13598 14484 15829 17026 18683 20349 21976 22715 22212 22180 21806 21582 21907 22541 22316 21473 20606 20571 20058 18893 17710 16592 16252 15818 15075 14915 14703 15533 15553 13604 11130 9608 8886 8409 8002 7590 7199 6983 6520 6490 6543 6456 6576 6957 6823 6890 6730 6630 6478 6104 5755 5494 4874 4440 4058 3693 3408 3134 2914 2802 2608 2470 2245 2143 2022 1814 1613 1543 1347 1187 1034 957 862 748 656 579 527 517 402 386 333 294 283 269 244 221 186 182 153 153 137 146 76 
3 8 17 21 42 43 56 61 79 84 127 177 303 563 923 1382 1736 1756 1614 1088 759 499 273 195 146 131 95 78 75 79 67 76 63 72 79 105 68 75 90 79 96 90 75 96 112 94 102 109 94 90 91 78 115 82 90 89 96 90 90 93 98 98 113 141 156 135 152 171 191 196 215 203 199 207 232 210 211 206 221 217 213 224 225 233 229 224 231 244 259 240 272 253 249 239 261 266 265 226 231 241 246 218 228 232 266 214 210 194 209 231 189 188 181 165 184 193 176 185 173 174 178 177 198 170 182 168 140 164 147 142 163 155 161 161 148 175 169 209 206 208 240 221 272 290 327 356 409 408 422 517 530 559 619 633 663 734 720 787 819 798 855 820 888 960 936 994 1132 1279 1426 1572 1871 2490 3409 5171 5999 5861 4626 3883 3677 3716 4237 5174 6579 8498 10256 12723 14935 17230 19560 22200 26160 29708 32162 33638 35003 35968 36310 36292 35124 33947 33053 31984 31017 29388 28269 28265 28605 27992 25625 21888 17896 14148 11638 9910 8500 7337 6537 6049 5368 4934 4573 4046 3755 3574 3254 3095 2841 2739 2463 2229 1932 1789 1590 1383 1231 1128 1011 840 761 747 640 587 584 488 440 440 381 387 295 326 234 223 222 219 253 230 


