1
0 0 0 0 0 0 0 0 0 0 0 0 0 0 0 0 0 0 0 0 0 0 0 0 0 0 0 0 0 0 0 0 0 0 0 0 0 0 0 0 0 0 0 0 0 0 0 0 0 0 0 0 0 0 0 0 0 0 0 0 0 0 0 0 0 0 0 3 10 32 86 207 485 993 1482 1678 1985 2244 2174 2217 1905 920 347 108 58 25 22 23 23 21 14 20 12 7 19 22 14 14 11 16 25 12 16 14 20 12 8 15 11 15 10 14 9 7 11 10 4 10 11 14 6 10 14 9 11 13 13 11 17 7 10 15 16 9 14 17 12 22 27 32 28 37 31 14 18 10 12 21 22 19 26 35 41 75 123 198 331 590 721 880 893 750 646 607 559 342 190 76 55 52 37 47 50 76 91 88 43 25 24 12 21 19 13 13 20 24 21 18 18 22 18 21 28 23 27 40 50 91 169 335 509 830 1497 2155 2613 2817 3167 2876 2393 1783 1353 913 481 195 50 6 6 6 15 22 28 37 44 35 15 10 2 1 0 0 0 0 0 0 0 0 0 0 0 0 0 0 0 0 0 0 0 0 0 0 0 0 0 0 0 0 
0 0 0 0 0 0 0 0 0 0 0 0 0 0 0 0 0 0 0 0 0 0 0 0 0 0 0 0 0 0 0 0 0 0 0 0 0 0 0 0 0 0 0 0 0 0 0 0 0 0 0 0 0 0 0 0 0 0 0 0 0 0 0 0 0 0 0 0 0 0 0 0 0 0 0 0 0 0 0 0 0 0 0 0 0 1 2 7 16 26 81 138 295 524 899 1186 1316 1511 1708 1675 1711 1745 1636 1237 693 314 127 59 30 20 25 19 17 21 13 9 13 14 12 3 14 18 17 13 5 13 7 22 12 14 12 9 12 18 9 6 15 7 11 9 8 16 8 5 5 10 7 6 4 8 9 10 6 5 9 7 12 9 9 12 7 11 12 11 7 5 9 18 7 13 7 13 10 13 12 15 25 22 29 25 37 13 16 9 9 14 14 18 14 16 21 22 24 31 38 62 99 137 228 348 551 622 690 698 689 537 523 495 480 396 230 142 76 37 24 44 43 44 78 83 65 44 23 16 20 10 15 14 11 13 13 14 15 18 19 14 19 5 18 19 18 17 26 19 21 14 31 29 46 64 128 190 329 455 946 22323 
0 0 0 0 0 0 0 0 0 0 0 0 0 0 0 0 0 0 0 0 0 0 0 0 0 0 0 0 0 0 0 0 0 0 0 0 0 0 0 0 0 0 0 0 0 0 0 0 0 0 0 0 0 0 0 0 0 0 0 0 0 0 0 0 0 0 0 0 0 0 0 0 0 0 0 0 0 0 0 0 0 0 0 0 0 0 0 0 0 0 0 0 0 0 0 0 0 0 3 0 6 17 17 48 112 169 311 515 796 1044 1078 1248 1421 1564 1459 1522 1486 1449 1210 723 412 179 71 54 31 16 16 24 13 18 12 11 7 20 8 6 8 8 17 14 16 7 8 9 9 16 15 12 10 9 10 13 13 8 6 11 7 12 8 4 11 12 8 4 6 7 8 3 6 4 7 8 9 6 4 8 9 5 13 6 8 12 6 10 6 17 4 4 9 8 11 10 12 7 8 11 13 8 11 15 17 24 26 20 23 31 17 12 7 8 16 9 12 15 20 11 24 6 24 28 30 36 69 92 125 198 316 470 543 610 652 615 572 466 464 437 452 365 264 171 112 44 29 39 41 49 66 72 80 62 46 49 39 45 61 24664 


24 0 0 0 0 0 0 0 0 1 6 7 7 8 12 10 12 24 27 60 45 34 36 28 55 31 33 24 13 18 10 18 13 13 14 23 15 10 19 17 15 21 13 14 15 27 14 14 22 12 30 25 23 34 28 24 33 22 34 41 37 59 56 69 61 61 72 79 129 126 127 132 147 178 217 233 256 307 376 377 429 555 658 806 1041 1317 1607 1632 1944 2155 2815 3349 4055 4375 5005 5184 5974 6597 7483 7686 8334 8929 9568 10630 11241 11177 11149 10858 10644 10875 11503 12319 12611 11816 11788 12468 12773 12875 12595 11943 11490 11805 12535 13042 12916 13286 13313 13829 16043 15341 15324 14553 13785 13515 13766 14021 13711 13002 12144 11730 12058 12169 12297 11560 11034 10809 11276 11691 11614 11244 10350 9612 9577 9925 10118 9735 9143 8693 8874 9773 9476 9400 8305 7712 7044 7110 7161 6892 6690 6284 6047 5951 6096 6102 5443 4697 4393 3878 3865 3784 3554 3071 2744 2601 2477 2534 2376 2134 1842 1555 1573 1590 1325 1190 1090 951 964 932 925 773 642 581 609 563 523 493 365 365 343 285 243 181 132 111 80 67 57 53 52 54 57 47 48 39 45 44 52 43 31 37 59 35 34 45 50 31 43 53 66 54 60 63 55 77 75 67 54 80 71 85 99 92 153 226 331 3001 
24 0 0 0 0 0 2 5 5 2 5 8 4 10 6 6 8 6 13 12 13 12 12 15 26 26 29 48 59 57 36 24 28 28 25 24 17 18 22 16 13 22 14 12 6 17 16 13 16 15 17 17 16 20 13 15 9 13 20 16 17 27 17 26 27 27 16 19 37 32 39 37 44 50 54 56 42 77 75 69 89 81 72 80 112 130 119 142 144 140 151 179 187 211 216 283 326 385 467 584 718 853 1029 1366 1660 1833 1924 2056 2295 2757 3363 3880 4388 4487 4747 5497 6243 6687 7207 7258 7436 8281 9971 11579 11607 11284 11443 12317 15056 15055 15703 14802 13495 12901 13520 14321 14795 13904 12632 12335 13279 14431 15151 14789 14000 13912 15571 17347 18022 17063 16152 14257 14072 15160 15712 15495 13321 12627 12674 14349 14514 14240 13095 12350 11287 11352 12058 12582 11733 10414 9719 9943 10655 10802 10536 9594 8434 7996 8164 8566 8448 7174 6361 6068 6120 6057 5734 4873 3984 3489 3283 3566 3449 2949 2662 2471 2478 2321 2148 1842 1690 1458 1430 1321 1438 1300 1063 969 979 946 797 628 577 400 340 298 196 154 100 96 88 73 74 96 96 77 64 81 71 54 47 54 47 49 45 51 46 42 57 63 74 57 48 40 49 35 35 32 20 23 22 26 34 36 60 2062 
51 11 12 10 12 7 6 7 7 6 10 16 12 8 11 7 17 17 14 27 15 25 20 22 26 29 42 49 55 44 34 37 35 22 37 38 45 31 39 31 47 45 47 47 43 32 46 41 39 45 45 42 48 47 39 44 35 46 47 35 58 52 54 59 58 58 52 58 64 66 67 75 72 52 63 73 60 53 58 66 64 81 69 66 76 81 85 90 99 116 110 95 104 101 150 127 135 109 145 126 144 175 189 165 187 223 288 344 350 432 541 660 719 846 956 1295 1387 1643 1665 1821 1921 2182 2464 2837 2989 3083 3371 3817 4669 5165 5525 5608 5587 5821 6653 7558 8420 8488 8636 8917 10304 11840 12505 12441 12274 12339 13984 15631 16532 16393 15563 14282 14533 15324 16273 16237 14637 14655 14866 17135 17468 17812 17246 16905 16074 16274 17152 17648 16658 15635 15242 15659 16334 16164 15432 14304 12621 11883 12635 12770 12230 11098 10018 9952 10409 10918 10265 9480 8456 7280 7080 7642 6719 6147 5082 4946 5123 4988 4767 4438 4008 3662 3700 3619 3616 3288 2803 2628 2793 2674 2525 2251 1967 1811 1915 2072 1760 1611 1462 1556 1474 1584 1597 1523 1277 1393 1413 1226 1016 785 682 544 457 300 199 163 105 89 60 36 19 33 23 32 30 16 21 23 21 16 12 18 18 22 42 2041 


