0
0 0 0 0 0 0 0 0 0 0 0 0 1 0 1 3 1 1 5 3 2 2 4 5 4 9 6 3 11 9 8 16 12 12 16 24 20 37 24 40 44 55 72 86 71 91 75 71 59 73 71 85 91 99 93 75 85 81 79 70 56 61 55 62 73 60 64 52 65 49 67 65 80 83 123 180 212 254 275 276 287 302 269 204 247 263 250 249 222 270 250 254 271 286 241 279 290 271 280 240 283 268 244 234 235 247 248 238 253 228 272 242 234 235 231 254 253 248 252 269 293 279 296 249 289 257 241 218 222 202 215 197 193 215 165 164 184 145 169 162 157 129 136 88 108 107 96 97 101 92 88 81 87 81 79 79 84 59 68 52 55 56 47 48 44 46 46 40 33 27 43 31 35 18 28 18 18 24 32 25 19 29 29 25 27 22 31 30 25 24 29 26 30 26 25 28 19 32 21 25 13 23 16 16 26 16 17 10 11 15 10 11 15 11 11 10 14 9 8 9 16 12 12 12 6 7 9 12 5 7 7 6 11 7 4 3 8 5 13 8 5 12 9 5 13 2 5 11 14 9 16 20 30 41 71 125 
0 0 2 1 0 2 1 2 3 6 6 8 5 5 11 3 6 12 13 10 18 16 18 30 29 35 49 39 43 45 74 64 93 107 76 61 69 66 74 77 110 128 154 179 173 179 191 216 199 206 208 197 207 209 248 244 288 340 391 363 374 307 310 243 254 255 220 196 203 211 213 208 224 189 176 188 179 175 160 157 134 160 150 146 150 136 100 94 124 100 103 105 113 105 105 110 116 101 96 107 111 114 108 107 101 82 95 93 80 85 74 103 106 113 110 113 132 134 166 183 127 148 127 140 120 127 126 100 98 133 116 153 116 142 143 144 147 149 156 148 148 140 134 163 154 162 136 137 147 124 115 120 130 122 130 141 126 103 115 105 108 90 112 91 89 114 95 100 94 93 90 83 80 82 81 91 79 44 65 52 49 42 42 30 27 18 21 11 13 13 5 10 13 8 15 9 5 12 5 8 4 3 9 5 8 9 6 8 6 6 7 2 8 4 4 2 3 3 7 4 1 3 7 5 3 3 2 6 9 6 4 4 5 6 6 6 6 4 5 3 7 10 8 5 5 10 3 7 6 12 10 13 19 43 62 60 
0 0 0 0 0 0 0 0 0 0 0 0 0 0 0 0 1 2 1 0 2 0 2 3 2 7 2 1 2 8 4 3 3 4 5 6 5 10 5 5 11 3 17 13 18 29 22 16 23 26 25 19 22 20 9 6 15 15 11 11 10 5 12 11 7 8 10 10 8 9 7 9 14 11 13 19 10 13 10 12 17 14 11 19 22 19 20 13 14 23 19 26 27 18 21 13 27 18 20 32 25 22 24 27 27 34 26 43 46 24 36 22 35 29 35 41 48 31 43 42 36 41 52 66 53 68 93 82 84 104 91 106 86 73 79 86 81 85 97 97 96 77 101 115 106 103 90 97 106 114 116 119 131 118 144 153 135 155 165 189 211 221 238 270 275 340 302 313 336 340 374 350 354 346 365 342 302 284 283 304 302 310 324 321 318 297 325 293 321 332 317 329 321 344 378 360 387 382 385 407 378 358 338 293 308 279 247 236 204 151 141 121 88 80 54 42 43 21 26 16 12 8 8 11 15 10 13 7 7 3 9 14 8 5 1 7 8 5 5 10 7 7 13 11 10 6 15 11 8 11 13 13 23 36 60 97 


1111 1171 1190 1144 1067 1012 873 852 825 826 811 928 1057 1101 1124 1246 1343 1455 1503 1749 1814 1873 1941 1627 1738 1694 1726 1672 1469 1418 1209 992 868 799 750 664 652 589 595 522 505 521 520 441 487 447 430 461 424 438 467 449 442 485 505 511 573 542 583 609 611 653 648 639 700 668 634 693 646 652 643 647 658 688 648 734 718 695 719 698 713 671 640 659 656 642 634 572 532 531 571 550 483 550 506 511 533 543 520 575 588 585 586 609 634 703 711 723 768 764 813 797 913 872 950 1100 1131 1211 1442 1618 1900 2103 2328 2683 2547 2703 2949 3160 3759 4419 4841 5649 6393 7134 7713 8147 8389 8813 9250 9805 10815 11514 12042 12547 13182 13608 14330 14820 15081 15134 15367 14880 14336 13804 13346 12730 12482 12705 13267 13579 14128 14246 14429 14866 14478 14177 13992 12992 11732 11478 11008 10283 9359 8684 7879 7260 6814 6459 6239 6274 6297 6173 5914 5947 5697 5649 5587 5513 5506 5450 5386 5546 5363 4987 4955 4642 4841 4617 4726 4647 4690 4772 4809 4862 4871 5113 5368 5367 5466 5512 5394 5552 5593 5715 6228 6809 6749 6036 5285 5288 5486 4670 3958 3460 3401 3357 3399 3546 3625 3652 3733 3650 3485 3343 3284 3088 2795 2189 1612 1173 849 591 408 265 226 155 117 92 80 84 57 47 50 69 94 116 
22 21 34 29 58 83 135 212 270 339 508 564 630 646 660 664 655 647 581 533 446 347 357 304 287 267 232 210 216 159 165 179 152 148 192 186 219 237 290 307 402 482 676 891 1151 1400 1541 1644 1614 1467 1321 1306 1187 1223 991 805 621 469 385 361 311 305 334 343 373 337 407 331 387 365 397 320 372 405 402 381 380 399 340 351 404 414 390 378 365 433 407 423 404 411 436 440 437 475 480 429 465 421 436 403 413 369 375 410 367 400 410 425 441 418 402 401 439 455 464 475 503 501 496 470 496 526 551 531 540 562 527 571 512 581 563 586 647 632 707 662 660 733 735 740 732 830 843 887 980 1012 1143 1268 1397 1572 1664 1904 2011 2462 2612 2865 3126 3363 3603 3906 4375 5107 6047 7252 8846 10355 11808 13030 14742 17025 19601 20194 20661 20351 20213 20713 21097 21325 21992 22914 24149 24548 24490 24174 23612 22915 22413 22021 21566 20845 20356 19346 18329 17564 16673 14714 12633 11042 10455 9889 9186 8387 7920 7991 8179 8247 8669 8580 8295 7867 7237 6725 6030 5228 4743 4342 4238 4005 3989 3921 3919 4273 4315 4468 4388 4332 4147 3638 3316 2844 2074 1544 1056 747 534 416 319 228 187 140 109 93 85 78 71 51 38 33 34 40 24 24 27 25 16 12 
73 104 103 139 158 158 215 239 248 272 306 387 449 416 418 452 545 619 770 790 762 691 659 556 468 404 323 261 274 212 169 173 166 132 148 151 133 117 117 114 118 136 128 133 144 126 141 138 106 139 114 155 128 124 105 120 101 108 116 96 103 76 88 107 94 100 88 110 88 87 86 96 81 78 81 84 105 89 97 103 94 102 88 92 114 105 101 120 109 121 104 118 117 143 131 141 129 139 141 144 171 194 170 192 215 259 264 322 368 349 451 411 448 484 421 431 414 355 363 312 288 260 270 343 316 311 325 344 336 370 387 370 365 395 365 347 389 365 389 374 384 457 449 427 522 464 539 580 631 644 718 719 742 725 748 726 760 785 782 817 752 783 864 916 876 942 1004 968 964 1066 1105 1183 1298 1494 1685 1869 1935 2207 2491 3065 3253 3142 3191 3619 4104 4376 4410 4696 5263 6373 8098 10239 13401 16462 19788 23166 26445 30001 32579 34422 35121 36020 35977 35996 36243 37270 39583 40930 42345 42153 40341 36225 31219 25303 19143 14414 11187 9422 8133 7443 6670 6531 6162 6159 6028 5858 5494 4690 3897 2872 2155 1524 1115 779 644 486 400 315 213 174 158 111 106 75 59 46 30 32 19 16 11 9 11 4 1 1 


