1
112 775 983 1033 987 1396 1927 3443 2848 3065 2568 2064 1923 3236 3166 1987 1881 1951 2136 2454 3125 6948 4661 1727 1227 1037 941 797 728 864 1093 2149 3319 2886 1082 862 531 175 188 142 131 143 124 126 131 124 136 173 164 240 169 147 126 137 173 230 211 165 126 115 150 120 91 105 106 74 65 97 125 102 107 217 907 927 22 37 35 40 28 47 41 48 27 51 25 35 37 33 30 41 37 12 13 14 16 13 16 19 25 25 19 17 13 17 12 18 8 3 0 0 3 1 0 2 0 4 4 2 1 2 6 1 1 0 2 1 1 0 1 0 1 1 1 2 0 1 2 0 1 2 1 1 1 2 0 0 0 2 1 1 1 0 0 1 1 1 3 0 0 2 0 1 0 2 0 0 0 2 1 1 0 0 2 1 0 1 0 1 2 0 1 2 0 1 0 0 0 0 0 1 2 1 1 3 1 0 1 1 0 0 1 0 1 0 0 1 1 1 0 1 1 0 1 0 1 1 0 1 1 2 0 0 0 1 0 3 0 1 1 1 1 3 0 0 2 2 1 2 1 0 0 1 1 1 1 1 0 0 1 2 0 1 0 2 2 1 
0 2 38 306 335 309 425 485 431 1009 1605 1355 1228 1279 1182 1204 1158 1302 1196 1091 1193 1617 1721 1790 2115 1997 1803 1622 1518 1476 1485 1412 1242 1196 1141 961 961 891 911 816 798 751 733 748 765 904 1410 2179 2800 3167 3283 3345 2823 2608 1642 860 413 395 411 538 362 233 344 204 192 216 209 200 206 229 177 185 207 201 179 311 739 1249 120 90 86 85 70 75 61 66 50 45 42 39 49 39 36 43 45 32 50 39 33 27 16 21 17 19 14 14 13 12 20 30 19 19 12 21 8 9 10 7 11 14 11 6 6 1 2 1 2 0 1 3 2 3 1 3 4 3 0 1 1 2 0 2 0 1 1 1 1 1 1 0 0 1 1 2 1 1 1 1 1 2 1 0 1 1 0 0 1 0 2 0 0 0 4 0 1 0 1 1 1 1 0 1 1 0 1 3 1 0 0 1 2 1 1 0 0 1 1 1 1 0 0 1 0 0 0 3 1 1 1 0 0 1 0 2 0 0 0 2 1 0 0 1 1 1 0 0 0 0 2 1 0 0 0 2 0 1 1 2 1 2 0 3 0 2 1 3 3 2 2 0 3 0 0 1 0 9 
13 145 329 455 478 609 687 1232 2031 1403 1294 1200 1332 1410 1627 1573 1610 1609 1900 2271 2581 2109 1879 1724 1673 1532 1289 1289 1065 1062 1011 989 1039 988 1108 1081 1322 1822 1759 1971 2134 2226 1863 1261 1043 827 780 843 1155 1538 1636 1630 1505 1369 1453 1150 924 411 265 381 1681 317 135 114 124 127 114 127 144 133 120 87 103 116 103 141 129 99 106 74 56 67 64 52 38 35 34 28 32 26 21 19 25 12 20 3 11 18 10 9 6 4 1 0 2 0 1 6 4 1 4 0 1 2 0 2 1 1 0 1 1 3 0 0 3 0 2 0 1 0 1 1 3 1 1 0 1 0 0 1 1 2 1 2 1 0 1 1 0 0 1 1 0 0 0 3 1 2 1 0 0 0 2 0 1 1 0 2 0 1 0 1 0 1 0 0 1 0 0 4 1 0 1 1 0 0 2 0 0 0 2 0 2 2 0 0 1 0 0 1 0 0 2 2 1 0 1 1 0 0 1 1 2 0 1 0 1 2 1 0 0 0 2 0 1 1 0 0 1 1 0 0 2 1 1 1 2 0 1 0 0 2 1 0 1 1 0 1 0 1 0 1 1 2 1 0 


0 0 2 2 5 29 51 59 59 117 156 209 264 308 1088 6779 28295 39409 29830 27602 26398 27548 32419 41807 53091 62592 64464 61346 54994 47444 38395 30516 23126 17419 12777 9674 7535 5768 4782 3649 2705 2058 1670 1423 1228 1120 1088 1060 1059 897 981 914 892 859 828 842 834 854 841 801 806 770 845 793 729 832 772 757 736 685 645 645 651 569 659 601 634 644 554 646 572 618 595 643 621 608 604 624 568 635 617 606 586 596 611 572 562 537 578 570 574 539 555 594 516 589 542 574 564 551 565 545 575 533 602 662 631 649 652 701 788 889 974 1827 1199 2502 10455 9943 9196 6132 6176 7890 5873 5549 6892 6736 4770 3256 2079 1426 912 705 446 372 244 137 113 78 36 12 7 10 3 3 9 8 6 4 5 4 1 5 6 4 3 3 7 5 1 5 4 3 1 2 1 0 0 0 0 0 0 0 0 0 0 0 0 0 0 0 0 0 0 0 0 0 0 0 0 0 0 0 0 0 0 0 0 0 0 0 0 0 0 0 0 0 0 0 0 0 0 0 0 0 0 0 0 0 0 0 0 0 0 0 0 0 0 0 0 0 0 0 0 0 0 0 0 0 0 0 0 0 0 0 0 0 
0 0 0 0 0 0 1 0 3 1 1 1 2 4 5 10 459 3718 11024 13236 9745 6784 5049 4491 4238 4434 4684 5205 5462 5496 5675 6298 6277 6387 6360 6644 6593 6775 6634 6871 6740 6712 6683 6758 7042 7162 7295 7169 7140 6866 6782 6294 5389 4739 4425 4180 3835 3427 3183 3002 2899 2907 2901 2848 3102 3754 4558 5741 7324 9790 13821 19151 27127 35296 47183 56972 65621 65663 63519 51944 26522 6553 1727 1167 999 998 927 938 911 924 862 902 893 862 800 755 785 724 761 754 695 663 734 703 688 712 717 698 727 674 674 697 684 778 790 825 887 1090 1483 1469 1046 1757 6323 5858 5258 6406 5760 4547 4267 4005 2945 4059 4482 3712 3705 4282 3857 3048 2065 1801 1857 2051 1904 1693 1304 1045 936 929 890 808 700 593 527 465 383 372 267 189 156 107 38 6 10 13 9 7 7 8 4 4 8 10 8 9 6 6 7 5 10 6 5 6 3 3 3 9 4 4 3 5 2 4 6 8 2 1 3 2 5 1 1 0 2 0 1 1 0 1 0 0 0 0 0 0 0 0 0 0 0 0 0 0 0 0 0 0 0 0 0 0 0 0 0 0 0 0 0 0 0 0 0 0 0 0 0 0 0 0 0 0 0 0 0 0 0 0 
0 0 0 0 0 1 0 2 2 1 2 2 7 12 13 71 506 5336 13518 14329 8045 5420 4530 4039 3757 3885 4281 4615 4795 4972 5069 5360 5460 5832 6054 6096 6211 6023 6139 6016 6122 6305 6352 6592 6740 7108 7097 7316 7357 7227 6876 6776 6503 6469 6373 5974 6150 6652 7086 7905 8364 8641 9525 10770 11790 13254 15166 17752 20620 24953 28924 35531 41858 47640 54514 53098 46839 31204 17261 9017 2938 1648 1235 1202 1143 1099 1074 1046 1076 991 1037 996 974 946 927 887 873 893 764 784 822 829 810 847 776 814 806 780 753 796 766 780 843 896 1176 1659 1389 939 2704 4911 4973 3565 4836 6104 5157 3831 3493 3090 2444 2426 3744 3503 2824 3113 3787 3291 2262 1953 1779 1494 1408 1264 1216 1212 1208 1363 1484 1452 1171 981 908 783 811 780 924 851 703 628 605 562 348 318 187 164 144 93 36 22 10 8 6 8 6 5 15 11 5 5 8 9 4 4 7 6 13 5 8 6 7 5 7 7 1 6 9 6 3 3 3 6 3 7 4 5 4 2 2 5 4 1 1 4 0 2 1 1 1 1 1 1 0 0 0 0 0 0 0 0 0 0 0 0 0 0 0 0 0 0 0 0 0 0 0 0 0 0 0 0 0 0 0 0 0 0 0 0 


