1
0 0 0 0 0 0 0 0 0 0 0 0 0 0 0 0 0 0 0 0 0 0 0 0 0 0 0 0 0 0 0 0 0 0 0 0 0 0 0 0 0 0 0 0 0 0 0 0 0 0 0 0 0 0 0 0 0 9 20 36 77 243 637 1200 1565 1826 1890 2125 1918 991 295 75 20 24 17 16 15 12 16 14 24 10 11 20 12 13 12 12 15 13 11 28 37 26 21 30 33 50 31 16 15 31 59 98 105 180 350 352 365 244 209 158 147 82 40 38 18 19 11 29 21 13 19 29 24 24 26 27 38 60 104 234 355 516 625 834 832 1083 1227 703 266 239 379 365 248 85 17 12 9 22 16 21 16 20 13 20 11 16 6 7 5 6 7 7 10 17 39 60 121 277 508 997 1975 2883 3445 3827 3802 2633 1514 899 385 107 61 46 55 29 23 10 3 12 2 1 0 0 0 0 0 0 0 0 0 0 0 0 0 0 0 0 0 0 0 0 0 0 0 0 0 0 0 0 0 0 0 0 0 0 0 0 0 0 0 0 0 0 0 0 0 0 0 0 0 0 0 0 0 0 0 0 0 0 0 0 0 0 0 0 
0 0 0 0 0 0 0 0 0 0 0 0 0 0 0 0 0 0 0 0 0 0 0 0 0 0 0 0 0 0 0 0 0 0 0 0 0 0 0 0 0 0 0 0 0 0 0 0 0 0 0 0 0 0 0 0 0 0 0 0 0 0 0 0 0 0 0 0 0 0 0 0 0 5 14 17 34 55 140 345 751 938 1116 1392 1449 1518 1693 1597 1104 484 186 64 19 17 12 16 10 19 7 8 16 11 11 18 11 10 11 13 9 9 10 8 12 11 9 12 10 23 33 19 19 17 19 25 49 26 22 11 14 13 27 43 77 84 110 150 282 277 293 273 186 157 121 131 104 52 40 31 21 10 16 15 13 22 14 18 14 12 27 19 23 16 24 21 42 57 122 191 263 385 422 562 688 669 744 895 913 619 321 263 321 300 223 112 58 22 13 14 12 11 16 15 13 13 8 16 15 11 11 11 6 6 5 3 6 4 7 5 14 21 24 46 74 134 284 449 741 1254 1861 2464 2858 3060 3221 3107 1709 1087 637 342 138 53 49 39 23 18 12 3 3 10 1 1 0 0 0 0 0 0 0 0 0 0 0 0 0 0 0 0 
0 0 0 0 0 0 0 0 0 0 0 0 0 0 0 0 0 0 0 0 0 0 0 0 0 0 0 0 0 0 0 0 0 0 0 0 0 0 0 0 0 0 0 0 0 0 0 0 0 0 0 0 0 0 0 0 0 0 0 0 0 0 0 0 0 0 0 0 0 0 0 0 0 0 0 0 0 0 0 0 0 0 0 0 5 13 14 26 44 77 173 373 678 798 957 1184 1317 1255 1416 1446 1391 968 474 183 85 37 14 12 10 17 8 20 6 6 12 13 7 15 12 9 8 11 14 10 7 9 6 9 8 12 10 7 12 14 25 22 22 14 14 14 23 35 28 27 16 14 10 13 21 26 54 77 69 101 142 223 268 261 251 219 151 126 110 111 96 51 41 29 22 16 8 16 12 11 20 15 14 13 12 11 25 18 19 18 14 21 30 40 58 129 178 232 348 365 430 617 596 589 695 754 799 613 391 272 293 293 223 135 57 40 32 9 18 13 5 11 19 6 11 11 6 13 16 12 9 10 5 6 8 1 5 6 2 6 4 6 11 15 21 36 49 104 147 289 419 658 1029 1477 1927 2406 2695 2731 2859 2541 1902 2420 


24 0 0 0 0 0 0 0 1 0 0 0 0 1 0 0 0 1 0 0 0 0 1 0 0 1 0 2 0 0 0 0 0 0 0 0 1 0 0 1 1 2 3 5 7 9 5 28 31 35 49 49 66 78 102 145 156 204 227 205 225 264 342 348 484 615 742 877 968 980 1111 1244 1367 1607 1537 1651 1926 2184 2603 2990 3288 3495 3619 4068 4535 5164 5651 6189 6574 7278 8417 9262 10010 10373 10960 11045 12097 12986 13650 13320 13100 12684 12218 12528 12835 13149 12879 12154 11493 11523 11830 12079 12095 11274 10484 9966 9787 10010 9700 9621 9183 8924 8550 8416 8327 8381 8246 7696 7520 6694 6597 6606 6412 6512 6166 5824 5431 5353 5461 5938 6064 6155 5990 5893 5741 5760 6159 6174 6300 5885 5550 5501 5415 5682 5944 6261 5923 5803 5516 6357 6213 6411 6533 6230 5758 5620 5884 6305 6408 6020 5682 5129 5054 5275 5577 5571 5313 4615 4144 4218 4589 4704 4702 4242 3885 3561 3607 3733 3998 3976 3733 3839 3549 3897 4264 4184 3874 3406 3103 2873 2893 2676 2585 2179 1943 1656 1602 1645 1790 1962 1724 1403 1348 1513 1428 1318 1228 1078 1129 1230 1374 1468 1544 1578 1411 1513 1863 1839 1799 1451 1521 1841 2012 2153 2085 1880 1899 2019 1974 1916 1558 1435 1349 1259 1236 1044 913 786 699 464 250 203 186 118 103 1679 
24 0 0 0 0 0 0 0 0 0 0 0 1 0 0 0 0 0 0 2 0 0 0 0 0 0 0 0 0 0 0 0 1 2 0 0 0 0 1 0 0 0 0 0 0 0 0 1 1 4 2 0 2 3 1 3 0 4 4 6 8 8 14 14 16 31 55 64 87 78 115 125 175 168 165 163 175 211 201 222 243 254 322 421 484 693 824 759 854 1059 1219 1402 1555 1497 1387 1496 1721 1853 2202 2522 2668 2852 3246 3685 4242 4588 5059 5196 5296 5698 6391 7700 8994 9494 9559 9581 10354 12429 14246 15103 14496 13212 12878 12986 13428 13844 13498 13028 12357 11171 11252 12082 12684 12921 12637 11701 10931 10021 9937 10656 11141 11017 10055 9145 8456 8144 8927 9174 9166 8758 7713 7406 7301 7594 8094 7944 7610 7296 7351 7999 8515 8940 9010 8754 8084 8326 8762 9849 10217 9981 9241 7951 7745 8247 8800 8960 8753 7994 7328 7560 8255 8662 8214 7285 6292 5713 5958 6604 6770 6218 5452 4989 4655 4930 5411 5349 5049 4294 3773 3792 4170 3761 3380 2957 2534 2030 1908 2155 2500 2287 2229 1906 1851 2300 2514 2566 2562 2440 2395 2596 2786 2834 2503 2015 1569 1564 1431 1205 1005 774 634 628 636 434 252 177 130 84 66 42 27 28 19 26 16 1 7 2 5 6 3 12 8 12 36 1620 
24 0 0 0 0 0 0 0 0 0 0 0 0 1 0 0 0 0 0 0 1 0 1 0 0 0 0 0 0 0 0 0 0 0 0 2 1 0 0 0 1 0 0 0 0 1 0 0 0 0 0 0 0 0 0 1 0 0 1 0 0 1 1 3 2 0 1 4 1 5 4 4 5 5 11 15 25 44 61 56 70 56 101 108 130 149 168 153 147 169 152 127 148 157 169 212 211 265 319 310 424 481 600 645 752 842 978 976 1055 1174 1232 1357 1538 1464 1467 1586 1787 2064 2380 2760 2975 3104 3284 3646 4162 4745 5163 5690 6402 6548 7443 8866 10009 11230 12052 12602 12495 12425 13192 14586 15646 15378 14748 13247 12829 12794 13411 13885 14081 13221 12490 11793 12457 12933 12785 12495 11372 10915 10591 11798 12115 12107 11902 11728 11143 10937 11676 12792 13433 13212 12982 12005 11885 12171 12966 13492 13026 12036 11531 11522 12643 13131 12828 11685 10038 9271 8987 9186 9470 8874 7733 7177 6306 6182 6499 6145 5765 4863 4278 4194 4562 4260 3939 3642 3175 2880 2697 2906 3128 3124 2934 2613 2357 2532 2736 2981 2948 2709 2461 2679 2981 3193 3084 2873 2457 2625 2548 2454 1789 1299 1034 926 789 633 401 284 207 136 89 50 33 20 22 24 12 35 16 12 10 15 13 20 19 20 49 1632 


