1
224 98 81 143 217 267 297 328 392 765 888 686 600 517 421 311 218 213 176 160 154 153 170 160 160 123 109 87 98 92 86 78 88 92 93 75 83 75 52 50 54 46 40 32 47 47 43 49 33 39 29 32 27 35 30 35 24 30 34 25 26 30 26 28 27 23 21 32 24 30 21 23 24 30 23 30 26 28 25 21 17 24 18 19 28 16 16 17 21 20 17 20 25 17 20 24 22 16 18 14 25 17 15 15 13 5 17 15 15 19 16 14 13 10 12 7 12 12 6 13 12 11 11 15 10 12 10 6 12 16 15 8 13 14 11 9 13 13 8 7 12 17 11 15 7 10 11 12 13 8 10 8 14 8 11 12 14 10 10 8 14 11 6 7 11 15 6 16 10 12 9 12 10 8 10 7 6 7 7 9 6 7 6 7 6 4 9 3 6 2 5 2 4 5 7 1 5 4 2 5 2 0 5 1 3 2 3 2 1 0 5 1 2 0 4 0 2 3 3 1 0 2 4 1 3 4 6 2 0 1 3 2 3 3 2 5 3 1 1 6 2 3 3 4 0 3 4 0 1 3 1 4 0 1 0 0 
164 79 57 49 42 43 53 64 74 73 62 92 110 121 142 130 185 218 271 232 152 113 114 101 105 110 125 115 86 95 87 100 98 94 78 81 72 75 64 73 79 75 83 71 58 80 63 67 51 67 59 69 55 96 104 112 134 143 127 97 93 102 72 84 83 84 82 72 96 65 82 81 70 66 69 71 68 59 55 54 46 61 45 37 37 44 38 35 36 42 37 51 30 36 35 39 47 34 30 34 30 34 40 30 37 36 36 42 36 49 43 48 47 58 55 50 36 43 42 38 42 41 51 46 42 33 34 45 37 30 32 36 31 32 36 22 28 25 36 30 27 40 30 32 39 33 19 27 29 36 26 25 33 36 30 28 27 33 41 32 34 31 27 33 36 24 26 39 45 36 29 28 30 20 28 26 25 23 23 25 25 26 23 20 22 16 27 12 20 16 21 27 24 21 10 16 13 17 20 16 23 10 17 16 14 10 14 17 12 16 16 7 10 22 8 6 11 15 11 10 14 6 11 17 10 9 8 3 11 11 5 7 6 4 7 6 11 3 4 2 9 7 4 3 5 5 4 9 7 2 6 2 4 1 12 13 
158 67 59 38 42 45 40 42 54 63 61 54 71 79 104 69 100 104 53 49 51 41 52 49 63 83 80 69 75 71 79 81 64 57 51 64 41 57 58 80 64 71 101 121 145 169 112 95 106 74 78 85 76 66 54 66 57 53 64 54 46 58 48 67 56 47 48 52 53 41 60 56 74 53 61 54 47 45 42 39 29 28 32 27 40 35 33 48 37 37 39 34 36 37 49 53 37 59 53 41 43 62 43 39 42 49 53 42 56 42 47 45 48 53 38 63 46 53 45 39 44 51 49 48 48 44 73 39 48 54 82 131 138 129 111 99 89 69 58 78 82 63 68 53 63 59 57 44 56 56 51 40 55 38 39 38 25 33 42 42 41 36 39 28 31 35 33 46 36 36 26 36 37 36 40 22 35 33 33 29 22 30 37 33 26 25 30 18 23 19 27 32 30 26 20 21 33 23 26 21 24 22 16 12 26 19 19 23 23 17 22 16 27 25 16 31 19 25 23 23 14 16 14 17 13 17 11 13 13 18 19 12 14 12 13 8 7 13 14 8 14 19 9 8 12 13 6 16 15 8 15 18 20 22 26 127 


0 0 1 1 1 20 91 99 221 605 906 1207 1885 2497 3500 4475 5348 6458 7494 8388 9276 10019 10675 10955 12031 12458 12759 13086 13779 14424 14361 14484 14475 14093 13900 13963 14099 13774 13838 13702 13624 13457 13373 12888 13051 12598 12260 11989 11703 11599 11256 10804 10767 10929 11095 11110 10812 10535 9951 9843 9791 9290 8856 8713 8648 8390 8390 8117 7712 7402 6960 6767 6228 6093 5847 5576 5482 5306 5085 4794 4711 4592 4306 4189 4129 3972 3909 3733 3670 3384 3321 3346 3134 3008 2965 2909 2901 2760 2715 2669 2495 2447 2406 2364 2321 2182 2287 2096 2021 2028 2030 1998 1946 1852 1802 1858 1771 1653 1654 1684 1548 1622 1550 1519 1431 1466 1479 1452 1401 1360 1359 1378 1222 1194 1223 1231 1148 1196 1169 1195 1124 1151 1145 1129 1106 1077 1053 1059 1063 1067 1053 1056 995 977 1027 995 983 956 946 979 898 911 923 876 988 961 881 832 877 848 833 823 775 741 792 829 772 743 747 721 669 698 695 664 620 670 688 658 675 633 665 641 629 637 616 609 607 614 604 638 617 540 605 647 594 545 563 578 581 580 564 546 553 564 541 552 534 548 501 601 551 517 551 537 556 578 524 577 549 549 590 540 558 534 564 575 574 595 556 562 589 632 636 688 681 692 691 746 861 863 934 1067 1224 1583 2292 82042 
0 0 1 0 1 0 1 1 1 52 73 53 87 107 132 167 293 375 479 508 683 881 1157 1302 1504 1665 1917 2190 2482 2809 3015 3151 3467 3762 4190 4507 4731 5129 5498 5744 5950 6121 6435 6799 6901 7259 7460 7782 7923 7757 8014 8280 8168 8299 8445 8232 8442 8393 8320 8192 8278 8208 8280 8105 8048 8151 8146 8037 8049 7910 8016 7861 7929 7897 7755 7733 7423 7310 7425 7374 7170 7131 6918 6705 6633 6597 6422 6271 6234 6201 5957 5945 5852 5749 5455 5411 5330 5279 5270 5348 5187 5365 5246 5325 5361 5426 5433 5293 5093 5234 5074 5005 4768 4573 4425 4287 4225 4108 4215 4141 3960 4099 3994 3919 3883 3790 3681 3574 3581 3652 3506 3396 3419 3446 3276 3310 3234 3186 3120 3189 3118 3018 2992 2921 2920 2873 2799 2881 2808 2702 2775 2587 2766 2738 2602 2674 2688 2652 2607 2482 2572 2493 2621 2690 2462 2530 2508 2468 2481 2409 2409 2248 2328 2373 2229 2143 2154 2115 2142 2090 2112 2098 2078 2134 2084 2038 1973 1923 2023 1970 1932 1913 1907 1879 1950 1859 1836 1799 1921 1746 1870 1783 1750 1883 2060 2040 2026 2021 2133 2200 2426 2370 2622 2475 2438 2321 2365 2472 2224 2090 2018 2100 2085 2057 2095 2007 2297 2608 2457 2280 2058 1820 1900 1838 1674 1675 1778 1846 1781 1930 1935 1891 2014 2102 1947 1997 2100 2083 2126 2273 2562 2768 3062 3545 4877 60657 
0 0 0 0 2 0 0 2 0 1 2 1 0 3 2 13 42 57 64 85 88 127 150 201 275 384 458 554 805 1029 1157 1405 1668 2008 2317 2707 2936 3250 3359 3638 4014 4291 4572 4881 5141 5302 5418 5596 5855 6103 6411 6530 6550 6667 6887 6925 7049 7112 7240 7254 7125 7043 7204 7224 7292 7443 7336 7238 7367 7408 7230 7219 7240 7212 7213 7118 7168 6933 7046 6822 6868 6975 6930 6757 6839 6881 6487 6485 6265 6306 6304 6037 6038 5830 5788 5683 5572 5515 5459 5397 5343 5141 4974 4982 4973 4996 4988 4768 4756 4694 4599 4535 4519 4492 4367 4247 4386 4172 4207 4145 4040 3785 3953 3836 3937 3758 3795 3706 3644 3565 3575 3684 3456 3581 3421 3639 3435 3432 3412 3356 3264 3348 3304 3327 3216 3166 3225 3235 3231 3107 3121 3064 3220 3021 3046 3095 3040 2966 3062 3025 2902 2973 2939 2942 2924 2821 2825 2779 2936 2967 2873 2793 2822 2755 2878 2780 2706 2754 2819 2755 2778 2786 3150 3806 4353 4703 5031 5020 4361 4750 5224 4643 4160 3538 3457 3308 3558 3730 3678 3981 3861 3382 3218 3143 3150 2999 2820 2582 2536 2521 2446 2427 2467 2364 2501 2370 2322 2346 2294 2179 2259 2222 2198 2252 2179 2116 2088 2023 2013 1954 1968 1965 2046 2046 2088 2023 2020 1984 1936 2018 2076 2093 2038 2190 2149 2222 2252 2341 2471 2490 2710 3045 3420 4097 5781 68233 


