0
0 0 0 0 0 0 0 0 0 0 0 1 1 0 0 0 0 0 0 0 0 0 0 0 0 0 0 0 1 2 2 3 4 2 6 2 4 6 3 4 6 8 9 9 13 24 17 30 34 39 44 48 45 47 49 44 41 46 55 43 45 32 42 45 44 43 41 37 27 29 30 30 31 26 27 29 27 30 26 31 24 43 39 36 40 58 57 52 62 57 65 70 84 81 100 100 103 104 100 103 113 107 106 105 117 111 98 120 116 128 124 133 153 155 164 145 170 154 182 164 165 195 221 207 154 144 134 123 115 111 131 102 109 110 114 93 96 88 94 76 77 84 95 105 77 99 112 149 145 162 150 181 171 213 193 200 165 187 169 165 162 122 139 104 110 87 87 85 83 75 82 90 69 66 68 52 45 56 46 60 49 50 76 54 68 52 53 37 46 47 49 48 50 66 58 68 49 48 46 49 39 20 25 17 18 16 11 7 11 6 7 8 6 9 4 3 5 4 4 6 5 4 8 4 5 5 4 4 8 7 9 4 4 5 6 2 2 5 7 2 3 4 6 5 5 6 4 10 5 6 7 6 12 20 16 26 
0 1 0 0 0 1 0 0 0 0 0 0 0 1 0 1 1 0 2 1 1 2 9 3 6 2 3 9 6 10 15 5 14 14 10 21 15 14 22 14 19 20 16 20 28 40 50 48 63 86 111 110 93 101 94 79 83 86 74 84 99 112 104 159 185 217 223 257 235 240 214 161 174 158 158 156 151 147 143 111 104 102 121 110 104 92 99 100 96 65 81 91 68 82 72 86 75 68 70 71 63 64 47 55 55 42 50 60 42 45 61 65 65 66 64 57 46 54 49 55 41 44 51 38 45 44 39 45 37 49 45 48 28 34 33 33 34 31 47 51 66 70 50 29 26 30 30 22 26 26 46 61 47 54 48 26 37 29 31 20 25 21 20 22 24 12 27 25 23 29 25 47 41 60 79 121 133 178 197 233 198 248 183 177 158 153 113 103 104 97 101 118 152 106 90 95 95 98 75 85 69 66 60 75 91 75 73 54 46 35 22 18 10 10 3 6 2 4 2 2 3 4 1 1 4 2 2 3 0 2 3 2 0 6 2 1 4 2 4 0 3 2 1 6 1 3 3 3 0 5 1 4 5 8 22 14 
0 0 0 0 0 0 0 0 0 0 0 0 0 1 0 0 0 0 0 0 1 0 0 0 1 1 2 0 3 6 3 3 6 4 5 5 6 9 8 11 3 5 9 4 11 8 13 11 6 8 6 2 6 5 5 2 5 9 8 8 13 13 8 4 6 10 9 7 9 6 9 4 12 9 7 10 12 22 20 13 9 17 13 9 22 16 14 15 13 18 16 15 17 15 17 19 17 29 23 29 21 15 14 15 16 23 29 14 34 17 19 34 23 16 21 18 20 17 16 14 15 20 17 17 21 19 19 20 31 30 38 30 40 42 52 74 70 64 47 45 43 42 37 54 20 41 40 39 41 55 63 51 62 89 83 92 90 82 80 74 70 73 71 82 78 96 117 119 98 101 120 103 99 93 89 86 73 69 65 85 88 78 95 116 97 136 140 164 188 193 217 256 294 319 330 295 239 222 201 184 171 144 137 111 124 159 239 307 285 387 386 378 345 315 294 264 260 195 179 137 109 79 57 49 22 20 20 10 18 19 3 7 7 12 11 10 5 7 2 13 2 10 4 7 7 0 4 4 2 8 6 7 14 14 16 25 


49 27 29 29 28 30 31 32 28 42 43 59 53 65 82 103 115 120 174 207 271 392 568 724 900 1039 1063 985 952 897 780 727 739 670 596 615 508 503 440 410 420 412 380 398 379 341 378 362 341 386 387 379 367 406 395 441 464 501 500 457 419 342 388 331 338 324 322 346 323 353 337 338 342 378 349 358 356 351 378 373 409 411 422 385 419 408 430 436 393 397 394 342 358 363 382 349 411 378 435 380 380 388 390 407 420 462 513 506 509 571 595 672 787 883 1053 1278 1545 1955 2358 2953 3638 4288 4929 5387 5976 6136 6366 6436 6514 6891 6971 7159 7605 8160 9340 10094 10544 10860 11196 11780 12800 14056 15241 16466 17340 17863 17961 17875 17771 17127 16537 15944 15348 15318 16029 16698 17504 18058 18255 18432 18930 18410 17676 16506 15158 14040 12783 11448 10163 9088 8334 8185 8077 7526 6970 6723 6556 6432 6261 6104 6124 6333 6351 6453 6206 6065 5721 5580 5283 5045 4888 4685 4527 4403 4347 4213 4241 4019 3736 3592 3514 3411 3301 3343 3440 3561 3719 3767 3616 3510 3375 3332 3637 3871 4399 5103 5629 5504 5633 5541 5493 5151 4517 3608 3022 2612 2427 2196 2066 2123 2171 2221 2120 1871 1360 1067 967 947 716 369 194 123 116 84 55 30 30 24 19 9 7 8 15 12 12 59 
31 22 18 13 12 19 19 22 26 23 26 30 47 27 60 57 62 57 64 58 55 64 54 45 70 62 93 77 82 75 87 98 75 98 85 85 86 93 80 112 109 130 152 223 297 396 527 721 925 935 1102 1067 1088 1121 1058 1032 960 875 696 513 449 316 265 265 228 273 324 342 373 424 444 478 488 472 471 424 422 406 446 506 472 520 486 470 441 442 438 437 374 368 371 421 399 428 423 491 437 459 438 507 456 510 455 520 539 533 546 537 615 556 595 595 654 663 670 702 761 715 739 785 775 773 776 844 832 870 873 900 929 916 981 1020 1008 1054 994 1083 1142 1157 1191 1260 1328 1464 1548 1597 1647 1912 1991 2180 2284 2463 2459 2539 2705 2875 3181 3771 4431 5246 6105 6559 7002 7314 7470 7699 7852 8487 9940 12033 14170 16283 18120 19118 20068 21722 22527 23616 24273 25060 25691 26647 27426 28321 27946 27319 25986 24728 23539 21949 20932 19265 18236 16931 16223 15585 14355 13545 12956 12083 11370 10731 10253 9353 8054 7378 6721 6706 6603 6397 6038 5675 5442 5279 5038 5000 5028 5130 5129 5165 5117 4994 4592 4255 3426 2652 2094 1699 1366 1071 859 510 304 223 190 162 141 122 99 86 63 49 46 28 19 20 14 19 8 9 6 8 10 10 18 7 17 31 
1 1 0 2 1 3 1 4 4 4 11 9 9 15 23 26 33 45 46 73 70 90 83 90 69 72 62 56 54 30 33 23 28 21 28 30 26 24 17 22 38 26 36 36 28 27 27 26 32 39 37 28 42 41 42 47 46 54 65 55 78 81 72 92 100 109 106 104 119 110 141 147 152 184 158 206 224 237 247 255 259 276 308 328 364 375 358 405 402 419 454 476 555 539 543 606 613 598 671 669 677 714 736 754 743 758 789 835 808 806 813 795 788 816 765 767 802 779 798 760 780 753 741 763 647 714 649 650 637 615 612 511 540 503 462 412 457 448 456 454 422 375 403 366 343 372 347 318 348 309 353 339 362 340 349 352 411 447 470 437 485 484 481 537 528 484 523 507 528 615 729 841 1003 1199 1360 1603 2005 2259 2500 2707 2952 3332 3605 4024 4756 5834 6393 6944 7461 8251 9552 11051 13210 15654 19214 23313 28270 33551 38771 41918 43844 43497 42848 42272 43177 44544 44253 41385 36991 33176 29895 26727 23653 20400 18209 16117 14087 11743 9638 7819 6780 5718 4733 3785 3019 2444 1805 1285 897 680 518 388 281 192 163 125 84 74 51 41 35 19 20 17 20 19 18 17 13 4 8 6 1 2 2 0 


