1
0 0 0 0 0 0 0 0 0 0 0 0 0 0 0 0 0 0 0 0 0 0 0 0 0 0 0 0 0 0 0 0 0 0 0 0 0 0 0 0 0 0 0 0 0 0 0 0 0 0 0 0 0 0 0 0 0 0 0 1 0 17 20 74 133 208 190 113 85 24 12 12 14 12 12 23 17 19 24 16 20 20 19 9 35 27 25 42 33 50 41 44 52 48 48 53 81 97 183 270 472 643 751 724 652 493 374 310 129 94 87 49 38 42 37 23 30 35 51 36 17 21 27 14 19 17 16 33 50 87 142 333 644 1026 1504 1923 2183 2396 2577 1652 1009 813 714 466 174 50 23 7 11 15 14 17 8 12 8 9 8 5 12 4 3 10 2 9 12 15 24 47 85 214 415 813 1605 2767 3525 3876 4040 3134 1672 1048 427 155 53 53 50 32 24 11 14 2 5 7 1 2 0 0 0 0 0 0 0 0 0 0 0 0 0 0 0 0 0 0 0 0 0 0 0 0 0 0 0 0 0 0 0 0 0 0 0 0 0 0 0 0 0 0 0 0 0 0 0 0 0 0 0 0 0 0 0 0 0 0 0 0 0 0 
0 0 0 0 0 0 0 0 0 0 0 0 0 0 0 0 0 0 0 0 0 0 0 0 0 0 0 0 0 0 0 0 0 0 0 0 0 0 0 0 0 0 0 0 0 0 0 0 0 0 0 0 0 0 0 0 0 0 0 0 0 0 0 0 0 0 0 0 0 0 0 0 0 0 0 0 1 0 9 15 38 50 100 148 179 117 89 68 43 16 7 9 13 9 11 10 18 22 14 17 19 24 19 22 27 22 23 23 33 33 35 48 39 37 43 46 50 37 49 57 45 34 39 58 75 79 156 184 366 461 539 599 519 516 470 340 305 248 104 82 61 56 32 25 21 20 18 13 14 22 27 36 34 19 12 17 20 17 13 11 18 11 31 33 56 92 142 301 481 693 1024 1310 1559 1763 1886 1827 1949 1445 981 771 650 410 233 76 41 32 17 8 12 10 13 13 12 4 8 6 7 8 5 6 4 5 3 3 5 5 5 8 11 14 19 38 48 106 215 340 635 989 1576 2318 2839 3162 3260 3493 2172 1244 807 402 183 86 36 52 19 21 7 10 10 4 6 2 1 2 0 0 0 0 0 0 0 0 0 0 0 0 0 0 
0 0 0 0 0 0 0 0 0 0 0 0 0 0 0 0 0 0 0 0 0 0 0 0 0 0 0 0 0 0 0 0 0 0 0 0 0 0 0 0 0 0 0 0 0 0 0 0 0 0 0 0 0 0 0 0 0 0 0 0 0 0 0 0 0 0 0 0 0 0 0 0 0 0 0 0 0 0 0 0 0 0 0 0 0 0 0 1 0 1 14 12 36 43 81 106 163 148 87 74 56 37 11 8 8 9 10 13 8 10 24 17 12 21 18 26 17 20 16 28 25 20 29 37 25 34 38 47 44 38 34 40 43 33 40 48 44 38 44 33 42 59 67 97 130 177 301 418 444 515 465 446 436 404 295 283 223 125 82 68 55 33 27 19 19 21 19 9 12 16 19 24 30 33 20 12 18 11 19 12 11 11 14 14 25 21 44 62 92 153 273 452 584 859 1100 1310 1454 1590 1691 1558 1612 1503 1031 791 629 417 314 99 54 42 26 14 13 11 14 10 10 13 3 5 3 8 8 4 6 5 2 2 6 4 3 2 3 6 6 6 11 11 14 36 32 53 134 204 311 572 814 1230 1739 2247 2697 2810 2863 2869 2320 3161 


24 0 0 0 0 0 0 0 0 0 1 0 0 0 0 0 0 1 0 1 0 0 0 0 0 0 0 1 0 0 0 0 1 0 0 0 0 0 0 0 2 3 4 4 0 1 0 1 4 3 10 16 13 11 24 22 30 40 27 52 52 59 95 84 120 157 216 237 349 365 418 483 594 791 1028 1470 1904 2329 2564 2871 3543 3805 4081 4341 4793 5156 5272 5423 5807 6046 6358 6810 7008 6918 7471 7351 8137 8333 9081 9846 10599 10564 10182 9679 9614 9919 10706 11016 11086 11248 10818 10658 10642 10153 10163 10822 10880 10995 10581 10161 9545 8753 8407 8355 8361 8460 8673 8988 9555 8386 7731 7424 7427 7561 7934 7998 7836 7358 7034 6847 7240 7542 8063 8281 8356 8159 7806 7366 7335 7373 7980 8451 9046 9236 9054 8801 8156 7926 8095 9110 8858 8977 8390 8047 7586 7330 7295 7867 8328 8389 8473 8020 7620 6945 6522 6632 6960 7088 7105 6840 6284 5565 5043 4599 4442 4407 4410 4133 3931 3678 3373 3069 2736 2607 2537 2481 2525 2195 2007 1768 1927 1910 1946 1880 1787 1633 1558 1464 1531 1589 1635 1738 1616 1548 1448 1249 1242 1355 1346 1441 1341 1231 1041 1122 936 915 842 750 674 627 516 484 458 471 431 327 235 186 163 168 148 112 62 36 38 7 7 5 9 7 4 14 10 16 19 1621 
24 0 0 0 0 0 0 0 0 0 0 0 0 1 0 0 0 0 0 0 1 0 0 1 0 0 0 0 0 0 0 0 1 0 0 0 0 1 0 0 0 0 0 0 0 1 1 0 0 0 1 0 0 1 0 1 2 0 1 5 2 0 3 1 1 2 4 8 11 9 14 12 21 20 28 18 23 19 41 35 31 53 77 82 109 101 148 195 241 249 298 364 543 646 786 883 1116 1302 1558 2177 2814 3166 3200 3298 3358 3653 4477 5211 5676 6229 6154 6009 6024 5793 6201 6672 7482 7959 8177 8885 8660 8440 8484 8952 10176 11360 12166 12552 13732 12219 10701 10357 10608 11638 11950 11963 11570 10733 9324 8627 8951 9912 10274 10682 10693 10180 9701 8762 8650 9129 10061 10710 10866 10997 10729 9810 8808 8739 8932 10810 10689 11071 10927 10699 9715 9484 9669 10591 10869 11174 10885 10186 9455 8442 8286 8497 9245 9520 10027 9932 9624 8926 8165 7836 8576 8982 9112 9298 9411 8433 7501 7148 6727 7054 7181 6833 6144 5357 4419 4012 4279 4231 3896 3680 3381 3285 2989 2795 2880 3133 3166 2853 2632 2367 2039 1697 1683 1761 1819 1757 1431 1231 1021 1036 894 835 676 462 396 276 176 177 130 102 61 33 15 6 4 3 13 7 13 12 16 9 5 5 5 7 11 11 13 7 31 1621 
24 0 0 0 0 0 0 0 0 0 0 0 0 0 0 0 1 0 0 0 0 0 1 0 0 0 0 1 0 0 0 0 0 0 0 0 1 0 0 0 0 0 0 0 0 0 0 2 0 0 0 0 0 0 0 0 0 0 1 1 1 0 0 0 0 0 1 1 0 0 0 0 0 0 0 0 0 1 2 3 3 2 2 1 3 3 9 7 12 10 11 24 31 28 31 24 46 40 57 62 74 101 134 166 183 200 235 281 351 398 485 550 672 854 1089 1467 1800 2172 2534 2986 3076 3136 3327 3761 4289 4916 5462 5776 6560 5946 5491 5385 5762 6276 7015 7505 7846 8061 7750 7712 8377 9337 10342 11298 12180 12006 11866 11112 10588 11009 12068 12702 13111 13178 12363 11350 10018 9875 9727 11102 11120 11283 11049 10841 9862 9736 10530 11046 11561 12376 12502 12240 11405 10415 10181 10622 11564 12267 12784 12382 12090 11390 10599 10527 10442 11154 11408 11298 11634 11125 10819 10737 10265 10650 11175 11288 10928 10064 9083 8393 8909 9586 9972 9517 9267 8077 7105 6319 6098 6147 6094 5827 5293 4786 4414 3978 3806 3877 3972 4002 3341 2873 2392 2481 2170 2072 1851 1510 1308 1047 903 737 591 445 339 231 149 102 88 55 31 25 29 21 32 17 38 32 25 33 35 36 29 26 48 1632 


