1
1299 436 542 1308 1048 962 1082 1335 1273 1598 2058 2535 6032 2095 1541 1354 1240 1180 1245 1286 1324 1184 1007 1187 1025 794 835 525 875 673 490 459 397 418 371 333 294 282 267 250 228 244 242 238 211 244 217 255 257 265 289 266 268 266 284 258 201 150 201 226 235 195 170 180 139 110 87 85 79 83 73 71 59 48 63 60 57 55 57 45 70 42 57 35 33 34 39 26 33 37 28 31 30 39 46 27 44 37 37 47 47 46 52 40 37 38 35 40 34 42 26 36 28 31 28 24 30 30 20 29 18 29 23 27 30 21 20 12 35 20 18 21 18 24 24 35 20 28 27 25 30 21 12 24 20 21 26 18 12 19 16 19 34 25 14 17 18 16 8 13 25 17 13 14 13 19 14 11 12 4 12 20 13 11 6 10 8 12 10 11 18 13 13 16 12 12 13 9 22 17 11 17 12 12 18 10 16 8 17 3 12 10 13 9 13 8 13 18 19 14 10 14 14 11 11 10 10 10 13 10 12 11 9 14 19 21 14 17 11 19 8 12 17 11 17 21 13 12 20 9 8 9 21 11 16 18 28 29 27 22 26 35 37 49 55 872 
659 176 260 400 374 278 342 332 403 2316 981 831 831 938 1351 1473 1504 1333 1226 922 880 661 560 445 494 512 496 566 730 860 572 804 795 529 500 485 444 431 418 394 362 343 373 374 385 323 287 337 352 405 383 390 431 495 454 514 477 411 415 480 486 511 494 453 468 439 357 300 291 280 245 267 260 250 197 215 203 221 237 226 253 285 606 724 660 716 958 828 540 530 321 85 75 107 106 133 314 586 393 231 130 134 73 86 67 71 52 55 63 52 51 47 45 31 48 30 50 34 32 34 28 38 38 28 41 25 24 31 16 28 13 25 21 31 29 26 25 26 31 32 18 27 33 26 20 26 26 35 23 13 16 20 18 22 17 9 13 15 13 13 16 18 21 13 15 5 12 16 15 13 8 18 10 13 8 7 12 16 15 11 13 11 15 19 12 19 11 14 15 13 11 13 13 6 8 16 10 12 12 8 13 14 11 10 11 16 7 11 5 15 14 10 11 13 8 14 19 13 13 11 11 16 21 20 14 15 14 12 21 12 16 15 13 19 17 13 17 17 15 14 10 11 11 11 14 24 26 29 24 26 17 40 37 46 56 901 
679 162 197 382 364 319 323 1736 992 577 652 693 590 611 710 563 799 837 1140 1140 1123 1014 932 894 863 753 710 564 542 541 563 756 745 568 781 655 516 450 416 448 399 374 360 331 371 347 339 305 325 320 329 347 323 375 446 418 341 296 342 316 322 319 322 252 236 219 212 219 215 214 223 242 252 271 245 270 233 235 273 253 314 313 297 307 326 349 299 278 226 202 211 182 212 179 200 179 210 199 221 250 303 483 751 579 539 676 597 692 728 642 724 385 272 116 93 97 116 79 64 54 59 46 47 36 42 45 36 36 38 48 42 39 39 36 31 43 42 28 31 36 20 27 32 25 22 27 35 24 19 22 16 18 12 25 27 15 19 14 19 16 15 18 8 20 11 12 11 15 11 9 12 12 14 14 15 14 5 10 9 15 25 10 10 11 9 13 16 19 13 18 19 8 11 10 17 13 11 17 14 7 9 10 18 15 7 8 8 15 11 7 12 13 14 9 10 7 12 18 12 6 12 23 14 18 16 27 14 16 16 20 11 15 14 16 21 17 9 23 15 9 15 15 9 13 10 24 31 22 21 22 33 42 34 45 66 860 


0 0 1 2 1 2 5 2 3 7 8 14 10 21 17 18 27 53 32 28 26 45 50 37 75 164 288 373 589 848 1122 1467 1888 2650 3251 4052 5235 6236 7188 8051 8216 8244 7950 7596 7141 7253 6941 6650 6719 6811 7058 7127 8049 9263 11022 13261 15927 19003 22336 26389 29841 32129 29780 27662 25335 21817 17708 13286 9658 7869 6706 6237 5447 5064 4195 3745 3245 2930 2637 2406 2189 1932 1885 1669 1603 1371 1301 1047 891 819 764 765 784 696 584 551 587 512 584 548 553 511 502 423 348 340 320 326 307 306 299 321 281 316 309 318 299 318 330 340 439 398 474 491 438 459 329 316 279 210 186 194 185 173 203 231 191 172 194 187 214 217 209 202 210 225 227 192 167 150 142 160 129 128 126 146 124 135 157 112 126 147 133 125 128 168 263 276 264 159 150 136 128 127 109 124 120 114 131 94 102 107 116 120 99 94 105 74 103 98 100 92 89 82 92 73 67 90 87 84 91 94 90 104 111 106 109 90 123 100 111 85 118 124 110 113 88 92 125 129 113 124 132 111 134 132 120 145 106 121 121 136 142 140 126 140 139 144 179 161 158 159 169 144 159 218 223 223 256 312 340 319 351 372 484 378790 
0 0 1 2 1 3 3 1 2 4 3 5 9 15 9 11 12 24 21 21 16 22 23 33 38 38 54 50 84 101 133 168 294 358 531 714 1151 2211 3153 3928 4581 5361 6048 6150 6108 6039 6025 6162 6677 7213 6718 6901 7104 7295 8094 8244 8624 9154 10183 12251 14113 16604 18571 20698 23257 25780 26539 25109 23991 21104 17937 16089 13560 11756 10580 9337 8112 6910 6043 5329 5041 4555 4379 4043 3917 3798 3682 3358 2815 2681 2503 2248 2044 1897 1662 1580 1453 1432 1330 1192 1087 893 654 532 474 430 388 329 347 293 286 275 274 245 263 269 237 215 204 206 211 189 220 204 215 205 202 199 188 201 192 208 198 207 226 203 205 215 189 203 214 204 222 202 243 248 303 301 342 320 331 296 294 249 246 247 176 124 126 108 95 77 98 89 113 93 71 102 113 113 113 91 93 136 275 233 243 206 132 127 114 118 102 119 100 84 92 93 84 103 100 104 102 73 80 90 72 70 84 85 92 98 92 104 124 88 110 100 103 106 92 94 122 115 111 112 106 96 119 115 141 141 135 122 112 140 118 139 125 99 130 115 129 135 129 132 120 159 155 162 158 158 153 145 163 190 236 208 252 343 336 319 352 395 471 379078 
0 0 2 1 1 3 3 2 2 3 3 4 5 17 13 12 13 19 15 21 17 18 23 37 31 42 42 40 56 108 126 128 120 171 301 368 704 1258 1808 2550 3438 3893 4862 5323 5778 5889 6374 6560 7064 7083 7028 7331 7336 7697 8182 7843 7992 7806 8125 8736 8988 9522 10258 11039 12081 13327 14616 16211 17725 18904 18961 18938 17609 16954 15517 14159 13325 12229 10980 10397 9514 8591 7786 7415 6616 5962 5387 4865 4654 4297 4106 3922 3614 3328 3404 3320 2998 2634 2438 2091 1868 1807 1650 1418 1351 1263 1101 947 837 694 578 518 481 483 457 443 394 402 389 346 367 366 372 318 356 308 299 311 318 317 306 274 260 316 252 268 287 274 250 241 256 221 267 240 235 207 230 242 217 207 213 223 205 201 239 244 255 237 245 255 297 290 315 373 346 396 358 325 308 258 226 163 174 230 219 202 219 201 175 146 126 116 92 137 136 105 105 112 110 106 99 90 82 84 97 89 99 82 100 79 117 98 86 76 124 101 112 100 102 107 110 124 121 115 97 132 117 120 132 122 118 125 119 142 148 134 123 138 120 129 125 133 108 121 148 132 133 173 158 148 143 174 173 162 160 209 258 232 221 345 365 294 350 395 481 378809 


