1
0 0 0 0 0 0 0 0 0 0 0 0 0 0 0 0 0 0 0 0 0 0 0 0 0 0 0 0 0 0 0 0 0 0 0 0 0 0 0 0 0 0 0 0 0 0 0 0 0 0 0 0 0 0 0 0 0 0 0 0 0 0 0 0 0 0 0 1 1 1 4 3 4 4 3 7 8 6 7 14 13 29 50 98 182 195 325 578 1024 1329 1736 1860 1641 1534 1037 602 196 107 65 73 70 54 64 49 99 94 128 133 180 289 419 599 509 302 232 232 217 103 67 50 50 26 28 28 24 20 19 30 26 24 23 37 44 51 126 251 342 513 762 1088 1099 1250 1367 870 426 391 463 379 167 50 21 15 23 18 10 11 5 17 9 5 5 6 8 10 7 7 4 9 14 17 17 30 68 130 264 568 1005 1885 3042 3824 4060 4355 3289 1771 1062 470 155 67 68 56 46 30 9 13 2 1 0 0 0 0 0 0 0 0 0 0 0 0 0 0 0 0 0 0 0 0 0 0 0 0 0 0 0 0 0 0 0 0 0 0 0 0 0 0 0 0 0 0 0 0 0 0 0 0 0 0 0 0 0 0 0 0 0 0 0 0 
0 0 0 0 0 0 0 0 0 0 0 0 0 0 0 0 0 0 0 0 0 0 0 0 0 0 0 0 0 0 0 0 0 0 0 0 0 0 0 0 0 0 0 0 0 0 0 0 0 0 0 0 0 0 0 0 0 0 0 0 0 0 0 0 0 0 0 0 0 0 0 0 0 0 0 0 0 0 0 0 0 0 0 0 1 0 1 3 1 0 3 4 12 5 7 7 13 22 22 29 27 27 26 37 35 47 68 99 158 170 203 337 552 788 972 1243 1462 1482 1291 1232 1076 673 438 180 92 58 47 53 37 28 35 27 36 51 45 76 86 81 121 159 220 320 397 455 375 244 199 178 184 157 92 57 45 36 27 22 22 20 18 13 14 14 14 14 18 22 17 21 31 31 71 100 203 264 341 440 687 837 900 926 993 1022 834 466 368 394 326 205 83 52 41 22 18 10 12 8 9 6 7 10 10 5 4 3 5 8 3 8 8 3 7 5 8 11 15 16 18 49 56 113 209 418 657 1118 1660 2405 3026 3361 3372 3513 2606 1575 963 554 263 123 66 49 40 21 15 10 8 4 0 1 0 0 0 0 0 0 0 0 0 0 
0 0 0 0 0 0 0 0 0 0 0 0 0 0 0 0 0 0 0 0 0 0 0 0 0 0 0 0 0 0 0 0 0 0 0 0 0 0 0 0 0 0 0 0 0 0 0 0 0 0 0 0 0 0 0 0 0 0 0 0 0 0 0 0 0 0 0 0 0 0 0 0 0 0 0 0 0 0 0 0 0 0 0 0 0 0 0 0 0 0 0 0 0 0 0 0 1 1 0 3 1 1 3 5 5 10 12 25 24 19 28 25 32 24 18 29 25 30 40 37 55 50 84 117 166 143 197 294 488 700 790 1043 1201 1341 1263 1069 1091 967 628 448 231 108 64 42 37 39 33 21 28 24 23 27 49 46 61 83 72 97 132 173 213 303 363 392 337 264 172 162 148 148 143 68 53 35 35 26 18 16 24 11 13 11 9 11 14 6 13 20 15 21 15 29 22 48 94 123 222 246 303 414 617 714 790 785 867 839 868 757 457 359 370 276 209 87 46 37 39 25 15 9 9 6 7 5 7 9 9 7 4 2 4 3 5 7 3 11 4 4 3 10 3 8 14 12 14 17 42 51 88 137 250 418 624 974 1614 22055 


24 0 0 0 0 0 0 0 0 0 0 0 0 0 1 1 0 0 0 0 0 0 1 1 0 1 1 1 1 1 1 3 0 0 0 2 1 3 4 1 1 1 1 1 3 5 4 5 3 5 12 8 17 28 24 25 29 20 26 31 33 48 41 55 51 83 83 104 118 133 161 220 265 296 326 404 503 589 765 866 1065 1292 1567 1875 1993 2256 2537 2870 3246 3659 3944 4441 4644 5124 5647 5768 6277 6864 7731 7710 7810 7897 8233 8814 9380 9350 9272 9474 9911 10587 10839 10942 10980 10064 9993 10523 10535 10476 10308 10079 10120 10630 11065 10780 10555 10517 10748 11169 11659 10819 10186 10428 10946 11094 10737 10329 10269 10474 10821 10642 10397 9535 9355 9328 9446 9189 8806 8295 8383 8450 8490 8552 8120 8207 8334 8402 8825 9234 9036 9614 9572 9645 9330 9300 8496 8256 8485 8664 8802 8399 7633 7503 7911 8151 7807 7350 6983 6522 6899 6744 6508 6133 5928 5809 5776 5535 4980 4639 4506 4580 4510 4319 3709 3642 3653 3481 3108 2875 2649 2445 2350 2173 1980 1691 1668 1547 1430 1300 1069 870 769 707 689 510 365 288 242 188 133 99 82 50 51 31 23 17 21 12 15 12 8 10 6 3 3 2 2 4 6 4 7 10 22 8 10 27 15 4 18 5 6 13 10 13 30 1622 
24 0 0 0 0 0 0 0 0 0 0 0 0 0 0 0 0 0 2 0 0 0 0 0 0 0 0 0 1 1 0 0 0 0 0 0 0 0 0 0 0 0 0 0 0 0 0 0 1 2 2 1 0 2 1 4 1 1 2 1 6 0 2 0 1 2 2 6 14 9 23 14 21 28 24 31 35 41 27 47 51 52 56 65 84 83 107 102 135 168 206 269 276 352 422 493 566 759 950 999 1157 1255 1480 1787 2268 2578 2594 2797 3508 4336 5021 5264 5363 5199 5740 6266 7010 7192 7315 7143 7809 9009 9363 9242 8596 8653 9463 9948 11015 9853 9548 9743 10796 11286 11088 10434 9986 10569 11636 11560 10959 10048 9896 10596 11692 11189 10531 9861 9749 10652 11518 11498 10506 10327 10788 11621 11537 11381 10819 11393 11130 11802 11438 10993 9898 9182 9196 9940 10035 9644 8926 8555 9034 9687 9860 9523 9175 9468 10429 11262 10591 9955 9487 9837 10558 10356 9320 8383 8494 8835 8900 8713 7218 6842 7208 7249 7078 5995 5751 5854 6058 5400 4715 4328 4322 4523 4423 4171 3613 3078 3040 3077 2942 2629 2250 2067 2059 1851 1403 1154 921 776 647 518 279 206 149 167 111 96 73 62 47 34 11 20 12 11 6 4 6 3 5 14 15 20 14 30 8 16 7 12 15 13 30 1624 
24 0 0 0 0 0 0 0 0 0 0 0 0 0 0 0 0 0 0 0 1 1 0 0 0 0 0 0 0 0 0 0 1 1 0 0 0 0 0 0 0 0 0 0 0 0 0 0 0 0 0 0 0 0 1 0 1 2 0 0 0 0 0 1 2 1 0 2 1 0 2 2 0 1 1 5 3 1 2 3 5 4 12 14 14 15 21 14 31 25 32 36 53 35 60 55 62 69 68 107 93 131 172 138 171 202 230 341 401 523 677 786 967 975 1128 1463 1681 1915 2041 2310 2622 3041 3375 3559 3721 4103 4668 5348 6379 6179 5998 6257 6879 7581 7672 7593 7359 7588 8575 9017 8898 8472 8513 9224 9947 10064 9750 9614 9802 10461 11193 10927 10573 10566 10929 11341 11406 11157 10429 11246 10962 11596 11637 11304 10457 9997 10064 10490 10678 10158 9726 9725 10613 11019 10943 10597 10104 10259 11128 11410 11029 10452 10454 11172 11618 12179 11393 10997 11361 11838 12652 12872 11105 10608 11321 11110 10620 9585 8900 9023 9439 9032 8667 8056 8189 8659 8479 8046 7498 6758 6880 7089 6719 6140 5455 5264 5211 5069 4529 3985 3601 3645 3401 3064 2388 2281 2193 2078 1761 1433 1354 1172 929 690 564 521 511 397 312 248 208 134 89 79 80 61 49 39 56 28 45 28 46 44 74 1806 


