1
1570 747 446 345 451 541 550 527 583 949 1933 2644 2825 2571 1731 1667 1372 1039 912 884 825 719 952 951 761 638 653 603 603 621 723 756 729 746 564 422 412 346 293 319 254 240 193 187 179 132 137 99 95 94 93 84 82 64 73 57 63 57 64 54 26 37 22 30 30 22 25 31 21 16 10 21 8 14 12 14 9 9 10 11 10 3 8 8 3 8 5 5 5 3 13 10 4 4 3 0 8 3 5 0 6 3 3 1 2 3 0 2 3 4 4 1 3 4 3 7 8 15 11 7 14 8 5 3 4 0 0 3 4 2 4 3 2 0 2 1 6 1 4 2 0 5 3 3 1 3 6 4 2 5 4 5 4 5 5 4 3 2 7 4 7 18 12 10 2 3 9 5 7 4 8 10 6 5 12 5 4 2 2 2 2 3 0 2 2 2 2 1 1 1 2 2 0 1 1 4 2 3 7 3 14 9 10 5 22 13 4 0 2 0 1 2 0 2 1 0 1 0 0 1 2 2 3 0 1 2 1 2 1 11 19 13 0 0 1 0 0 1 1 0 0 0 0 1 0 1 1 5 37 0 0 0 0 0 0 0 
459 1216 709 290 216 185 174 174 182 171 173 161 234 251 307 404 487 452 547 564 569 471 471 628 549 517 443 455 544 628 853 746 538 457 428 384 383 384 360 380 396 399 496 538 512 490 379 247 270 198 226 195 198 162 178 178 134 142 139 126 112 145 116 117 116 96 110 113 127 104 112 102 99 90 119 101 96 84 63 68 94 78 90 75 65 92 84 93 80 83 82 102 106 132 122 136 125 136 113 157 94 101 110 101 109 102 107 82 110 109 130 104 132 114 104 123 130 126 115 127 124 107 111 113 113 112 89 106 132 106 98 107 91 101 79 94 89 77 85 80 94 82 86 80 74 62 72 58 76 61 60 83 63 67 59 82 72 65 77 64 75 87 63 74 96 100 83 103 82 101 102 108 108 95 92 105 87 113 93 145 157 163 159 239 296 293 272 215 225 154 145 109 122 125 149 162 165 154 103 91 94 84 87 57 31 38 23 27 19 20 16 13 17 15 8 10 12 12 8 12 11 8 9 12 14 17 22 12 17 17 7 7 8 15 11 9 10 11 12 10 9 13 15 22 22 20 17 30 21 24 26 27 18 29 39 762 
324 962 653 409 367 210 180 162 135 117 179 190 145 110 108 99 116 162 131 150 172 159 193 248 263 311 307 260 308 281 239 212 202 224 230 275 236 195 167 216 207 190 225 213 221 275 306 288 271 234 229 246 240 244 299 334 371 335 323 303 278 286 277 318 293 353 372 382 308 289 265 223 221 208 227 191 205 210 180 180 157 180 179 185 200 184 153 165 139 123 128 108 115 114 118 101 103 86 86 76 85 92 80 84 74 61 73 56 67 62 66 64 68 68 65 83 71 75 60 66 74 70 73 85 48 76 80 70 72 71 72 73 63 51 63 43 64 78 65 71 67 60 74 62 66 66 49 60 68 98 99 115 129 114 101 98 102 112 103 91 102 84 92 91 116 102 90 82 85 99 118 108 124 123 131 119 115 133 128 137 111 109 98 100 115 89 92 93 89 95 86 68 98 98 82 85 69 68 73 73 71 62 60 71 59 64 59 61 61 64 54 59 66 58 52 68 61 46 69 62 66 55 71 60 58 59 65 73 57 74 72 65 70 73 70 69 59 90 66 77 65 80 62 76 68 73 86 88 108 107 111 151 160 211 255 4619 


0 9 2085 6090 11638 20667 22002 22700 24820 22734 19165 16609 16092 14893 13483 12768 13504 15970 19634 21790 20834 16085 10889 9884 8978 7182 6146 5783 7075 7004 5886 6117 6006 5268 4343 4320 4278 4319 4455 4874 4378 3815 3491 3166 3202 3191 3183 3461 4072 4372 4594 5045 5642 7043 8304 9224 10386 12244 14120 15346 16563 18037 20113 20698 22479 22810 22266 19899 17913 15831 14130 11942 10639 9125 8466 8955 10121 11443 11577 11438 10752 11427 11452 8934 5067 3252 1820 852 651 485 465 470 390 439 410 397 358 345 311 307 304 285 279 302 287 251 253 219 266 296 318 343 334 366 359 364 364 316 373 362 343 363 330 386 346 382 352 342 334 342 345 370 371 340 368 306 310 298 299 280 251 268 252 251 240 239 206 225 211 204 215 191 190 149 151 126 120 125 124 131 128 119 123 129 115 117 132 108 123 122 122 125 126 116 107 103 102 94 99 123 98 100 84 78 121 104 113 100 68 61 48 44 38 46 46 28 34 40 47 52 36 54 36 46 32 37 54 33 31 32 18 24 34 38 27 23 25 27 17 25 21 12 13 22 17 14 5 13 14 11 14 6 12 7 16 14 10 8 7 5 11 20 15 14 9 12 7 11 15 11 16 23 12 21 25 292 
0 0 12 930 2887 3822 5801 6236 9793 15253 18451 19306 14896 12626 11955 10681 10086 9850 9856 10898 11263 9864 8625 8401 11284 9804 9349 8757 8791 8640 8928 9685 10123 11263 11941 12496 11872 10968 8809 7176 5927 5718 6463 7360 6572 5558 4340 3524 3166 3355 2687 2646 2723 2467 2324 2328 1992 2041 1871 1798 1882 2051 1962 1861 1812 2008 1953 1858 1994 2011 2136 2468 2354 2373 2751 3153 3850 4447 5050 6254 7610 9264 11058 11677 13900 15843 20047 23450 23708 21513 17556 13921 10524 8692 7096 6647 6672 6959 7332 7706 7592 7812 8175 8114 7167 7024 7170 6759 6411 6520 6902 6948 6909 6480 5640 5233 4532 4131 3722 3659 3847 3459 3350 3259 3141 2986 2825 2667 2560 2439 2464 2452 2222 2235 2022 1685 1442 1401 1208 1017 859 809 745 630 529 547 561 518 439 472 472 461 485 434 434 433 430 417 367 347 382 379 390 398 386 381 429 458 413 467 474 432 410 430 477 477 464 460 477 418 451 407 430 423 415 415 388 361 356 324 351 350 259 316 278 278 317 282 281 226 224 185 179 172 150 157 159 152 147 141 141 119 127 120 122 97 90 77 100 97 71 95 88 95 92 80 85 88 77 73 71 70 86 72 80 72 92 83 109 63 51 64 60 55 64 66 79 109 86 72 99 93 121 133 88 932 
0 0 0 77 1249 2284 1709 2465 3964 6117 7297 9272 9605 10124 10536 10738 10331 9497 9085 8844 9132 8787 7752 7222 6779 7182 7616 6858 6557 6723 6793 6098 5734 5461 5548 5703 6039 6536 7370 7932 7928 7661 7084 6308 5816 5419 5054 4393 4186 4077 4984 5104 4734 3968 3354 2781 3020 2552 2610 2545 2462 2578 2360 2183 2201 2154 2479 2170 2040 2079 2203 2114 2090 2093 2205 2123 2034 2030 2151 2268 2431 2287 2524 2720 3133 3492 4193 4752 5180 5862 6541 8249 9727 9842 11281 11765 11891 10335 8973 8179 8233 8310 9113 10553 10646 10715 9782 9172 8497 7953 7473 6922 6460 5543 4639 4156 3845 3434 3097 2786 2484 2444 2140 1921 1986 1883 1799 1816 1677 1729 1780 1708 1631 1732 1635 1694 1759 1769 1830 1871 1684 1804 1830 1768 1907 2004 1824 1886 1995 2075 2232 2367 2527 2538 2841 3017 3246 3658 3847 4209 4371 4365 4524 4944 4990 4991 4979 4619 4484 4418 4183 4474 4925 4422 3645 3516 3260 2455 2006 1903 1392 1165 969 727 653 633 668 599 580 568 591 664 620 575 536 500 471 484 509 452 504 482 509 489 494 516 513 443 441 417 420 429 444 455 419 381 388 395 394 402 403 376 405 406 437 452 452 431 421 428 417 504 427 384 410 423 439 492 482 489 495 491 487 458 483 464 496 584 557 621 651 733 895 1078 1417 87494 


