1
0 0 0 0 8 38 51 24 25 39 62 119 197 285 454 644 714 776 801 790 843 865 817 817 785 757 741 654 693 769 796 989 1117 1165 1638 2166 3226 4727 6576 8231 10007 11179 12196 12606 12602 13441 12897 12890 12428 11353 11047 9906 8955 7926 6638 5675 4677 4009 3226 2568 1948 1489 1162 1052 810 724 533 399 433 417 457 431 458 630 782 890 1107 1088 1215 1424 1676 1521 1553 1493 1615 1817 1834 1657 1198 1090 1024 877 875 718 638 647 807 708 831 974 1130 1165 1190 1446 1507 1308 990 978 1071 1184 1175 962 928 897 1078 948 992 1051 1097 1159 949 852 693 556 543 486 444 322 309 196 180 144 118 106 82 76 60 41 51 25 30 30 28 27 12 29 22 22 16 8 13 9 15 10 5 5 5 6 4 3 2 1 0 5 2 1 1 3 0 3 0 0 1 1 0 1 0 0 0 0 0 0 0 0 0 0 0 0 0 0 0 0 0 0 0 0 0 0 0 0 0 0 0 0 0 0 0 0 0 0 0 0 0 0 0 0 0 0 0 0 0 0 0 0 0 0 0 0 0 0 0 0 0 0 0 0 0 0 0 0 0 0 0 0 0 0 0 0 0 0 0 0 0 0 0 0 
0 0 0 0 0 0 0 0 7 32 36 11 26 11 22 32 20 34 47 49 108 167 274 378 457 484 535 560 561 587 611 637 647 591 622 604 610 545 503 579 676 750 797 625 708 834 1020 1398 1852 2396 3057 4189 5256 6537 7472 8905 9635 10632 11111 11759 12065 12227 11416 11996 11143 10290 9562 8888 7694 6971 5997 5083 4503 3830 3274 2748 2394 1989 1709 1396 1042 863 764 699 677 834 927 1086 1023 1138 1224 1532 1953 1582 1683 1532 1993 1699 1571 1429 1213 1098 984 1038 886 1023 802 929 1018 1178 1427 1442 1313 1414 1635 1608 1349 1107 988 975 920 928 821 725 900 1206 1239 1223 1247 1143 1022 895 695 451 314 287 252 198 149 141 85 63 60 36 45 38 32 46 27 28 27 28 26 29 25 22 15 18 22 24 12 16 8 8 15 10 9 2 5 8 6 5 1 2 3 0 4 5 3 1 0 2 3 1 1 1 0 1 0 1 0 1 1 0 0 0 0 0 0 0 0 0 0 0 0 0 0 0 0 0 0 0 0 0 0 0 0 0 0 0 0 0 0 0 0 0 0 0 0 0 0 0 0 0 0 0 0 0 0 0 0 0 0 0 0 0 0 0 0 0 0 0 0 0 0 0 
0 0 0 0 0 0 0 0 0 0 0 0 0 0 0 0 0 0 0 0 0 0 0 0 0 1 2 1 2 1 5 21 21 20 22 12 12 2 4 5 9 22 16 5 11 15 13 9 15 17 9 22 12 28 16 37 38 31 48 71 74 87 87 99 134 170 144 152 175 199 217 227 234 252 258 259 326 338 320 307 310 334 337 338 324 342 359 415 478 478 477 470 592 528 620 670 895 1121 1359 1634 1646 1775 2181 2365 2396 2168 2056 2246 2341 2291 2388 2100 2225 2376 2674 3093 3397 3573 3976 4679 5070 5616 6095 6759 7305 8153 8896 10025 11559 11300 11653 11814 12289 11939 11508 11015 10066 9201 8132 7162 6484 5842 4881 4393 3930 3326 2824 2392 1864 1435 1161 865 629 465 336 286 243 172 156 150 90 79 99 81 96 88 89 96 85 80 76 84 77 63 71 63 63 58 70 68 56 57 70 62 65 53 67 61 49 49 51 51 60 52 45 34 43 38 34 40 44 43 38 23 33 35 32 32 18 36 17 25 29 21 25 17 21 16 20 10 16 8 18 14 17 14 13 6 12 11 6 13 6 8 9 9 4 2 6 3 5 1 7 3 2 4 2 3 5 2 3 0 1 0 2 1 


24 0 0 0 0 0 0 0 0 0 0 1 4 2 9 6 3 5 3 5 10 13 14 39 31 32 37 42 35 39 55 34 20 12 15 9 9 11 15 4 11 9 9 6 13 9 14 9 8 15 7 11 14 16 12 10 12 13 13 11 25 22 21 23 40 52 47 58 68 84 108 122 160 140 160 157 185 196 173 227 253 283 265 229 263 304 348 414 525 662 825 968 1079 1242 1495 1727 2250 2559 3059 3351 3707 3954 4099 4405 5140 5741 5923 6062 6092 6039 5936 6322 6935 7240 7673 7836 7983 7866 7400 6785 6787 6791 7099 7276 7154 6833 6471 5938 5855 5325 5346 5359 5232 5151 4654 4330 3998 3555 3644 3830 4180 4260 4459 4491 4503 4292 4340 4554 4968 5651 6111 6238 6597 6637 6208 6109 5997 6438 6941 7797 7567 7775 7531 7519 7031 7223 7651 7779 8039 7896 7640 7534 6956 6405 6498 6514 6688 6934 6586 6483 5612 5471 5501 5688 5856 6185 6157 5808 5508 5245 5062 5553 5485 5457 5592 5075 4406 4226 4073 3855 4028 3963 3936 4033 3829 3573 3032 3016 3093 3006 3068 2983 2722 2422 2143 2133 2010 1991 1758 1675 1543 1445 1234 1291 1203 1191 1031 897 827 701 581 599 620 685 721 677 680 686 643 712 669 634 467 379 261 201 135 108 76 27 7 11 12 11 34 1621 
24 0 0 0 0 0 0 0 0 0 0 0 0 0 0 0 0 0 0 2 1 5 7 5 5 2 4 2 6 1 4 8 11 12 10 12 6 17 31 67 53 43 29 30 23 21 18 17 12 17 11 15 9 15 12 12 9 8 19 14 17 11 13 15 9 8 11 10 13 10 10 20 9 23 30 28 30 50 61 92 127 133 137 148 150 146 161 156 156 138 153 153 169 154 171 162 190 191 191 240 240 264 254 290 422 466 547 612 688 777 830 1054 1306 1523 1921 2157 2568 2994 3236 3645 4250 4967 5498 6083 6448 6741 6733 6331 6689 6581 6945 7463 8192 8782 8983 8549 7779 7029 6869 7507 8054 8143 7933 7393 6960 6361 5500 5342 5600 5900 6197 6160 6111 5597 5264 5140 4936 5496 5824 6744 6894 7119 7103 7044 6832 7204 8160 8834 9454 9962 9600 9191 8502 7675 7998 8572 9165 9284 9164 8373 7807 7403 7576 8119 8255 8271 7944 7334 7040 6040 6119 7131 7083 7285 7209 6787 6289 5450 5275 5538 6168 6237 6163 5756 5346 4528 4036 3868 4149 4238 4205 4372 4067 3484 2907 2770 2818 2693 2460 2278 1831 1584 1324 1304 1273 1338 1171 997 991 860 668 657 589 530 391 350 281 238 194 158 98 68 32 10 17 14 29 17 13 14 10 8 14 14 34 1622 
24 0 0 0 0 0 0 0 0 0 0 0 0 0 0 0 0 0 0 0 0 1 1 0 0 0 0 0 0 0 0 0 0 0 1 1 0 0 0 0 0 0 0 0 0 1 0 0 0 0 0 0 0 1 2 0 1 4 3 1 0 4 1 2 3 7 4 3 7 6 5 7 6 4 10 10 14 12 13 19 30 70 85 93 92 117 143 147 149 161 142 106 98 93 103 119 105 99 98 120 116 136 163 168 173 187 175 187 198 235 216 211 261 239 225 269 287 338 350 427 477 674 835 898 1025 1204 1317 1450 1729 1926 2108 2621 3084 3449 4071 4512 4502 4704 5037 5837 6348 6721 7169 7441 7084 6748 6376 6401 7039 7808 8264 8100 8157 7841 7160 6758 6436 7075 7527 8533 7678 7419 6835 6623 6228 6606 7039 7525 8031 8147 8571 8383 8169 8046 8504 9423 9960 10555 10787 10133 9641 9491 9744 10559 10886 10917 11002 10610 9982 8856 8507 9294 8703 8533 8138 7438 6721 6035 5597 5651 5896 6174 6215 6309 6284 6049 5568 5664 6218 6155 6083 6332 6373 5969 5491 5217 5305 5505 5439 5283 4490 3767 3031 3016 2533 2592 2439 2319 2020 1527 1282 1259 1165 1052 834 771 639 462 387 276 179 134 112 97 59 55 62 53 57 47 62 80 68 68 69 1650 


