1
0 0 1 16 79 74 107 265 158 217 273 194 203 243 319 461 540 674 657 625 618 625 587 581 604 650 688 628 723 765 939 1188 1947 3121 4620 6350 7400 8477 9254 10626 11144 11124 11310 11217 10419 9564 8258 7119 5952 5034 4485 3800 3015 2328 1735 1575 1128 880 741 620 545 665 788 881 1091 1265 1381 1627 1709 1939 2195 2235 2167 2557 2736 2475 2269 2237 2223 2127 2012 1594 1587 1491 1610 1314 1304 1281 1282 1295 987 813 842 807 673 606 682 686 641 631 599 628 570 487 432 457 339 352 254 197 197 149 138 156 151 186 145 107 72 92 66 45 45 53 36 36 22 40 28 34 35 24 26 28 20 23 14 24 18 16 13 16 14 10 7 16 13 13 8 6 3 3 2 6 5 6 3 5 6 4 3 4 3 3 2 1 3 1 0 2 2 4 0 1 0 1 0 3 0 2 0 1 0 0 0 1 0 0 0 1 0 0 0 0 1 0 0 1 0 0 0 0 0 1 0 0 0 0 0 0 0 0 0 0 0 0 1 0 0 0 2 0 0 0 0 0 0 0 0 0 0 0 0 0 0 0 0 0 0 0 0 0 0 0 0 0 0 0 0 0 0 0 0 0 0 0 
0 0 0 0 0 0 7 36 38 47 70 101 80 118 126 182 249 138 107 105 108 172 200 251 318 456 442 465 454 448 477 458 408 449 441 410 472 446 441 463 510 620 780 880 969 1461 1899 2695 3483 4393 5414 6453 7017 7710 8321 9024 9380 9390 9793 9912 9448 8677 7454 6962 5997 4940 4390 3773 3315 2887 2699 2437 2120 1923 1845 1652 1592 1579 1792 1927 2087 1937 2278 2595 3002 2444 2180 2430 2415 2212 1684 1627 1867 1643 1455 1253 1569 1576 1378 1204 1162 1231 1054 768 673 634 548 574 581 571 703 698 696 602 605 541 350 262 228 240 232 210 203 158 132 87 77 63 86 55 65 50 55 42 49 49 49 45 45 44 50 41 34 37 33 24 26 22 29 27 25 15 20 16 22 13 13 14 18 14 11 18 14 8 10 4 13 11 9 7 3 4 3 1 7 5 5 7 3 1 1 3 1 1 1 1 4 6 3 0 2 6 1 0 2 0 1 1 0 1 0 3 3 0 0 1 1 0 0 1 0 0 1 1 0 0 0 0 1 1 0 1 0 0 0 0 1 0 0 0 0 0 0 0 0 1 1 0 0 1 0 0 0 0 0 0 0 0 0 0 0 0 0 0 0 0 
0 0 0 0 0 0 0 0 0 0 0 0 0 0 0 0 0 0 0 0 0 0 6 16 20 14 15 13 5 6 12 12 18 21 17 30 64 54 49 49 45 47 72 75 59 73 76 99 91 49 36 39 34 44 45 43 63 73 71 65 60 100 98 124 145 114 141 171 231 236 246 232 244 275 276 312 337 364 515 551 657 650 736 946 1152 1138 1159 1320 1572 1826 1652 1925 2576 2636 2501 2334 2766 2793 2694 2538 2469 2925 2690 2144 1891 2138 1832 1863 1538 1425 1656 1598 1725 1773 2107 2119 2297 2448 2766 3218 3609 4080 4717 5014 5577 6072 6685 7137 8134 7850 8032 8046 8006 7875 7768 7624 6880 6366 5799 4840 4332 3468 2786 2436 2010 1591 1258 958 713 536 407 311 207 185 157 150 157 125 129 126 132 127 109 109 99 104 102 94 80 104 89 94 79 80 98 84 96 81 85 81 83 67 80 80 63 66 63 63 49 60 43 48 55 29 49 50 39 46 37 44 39 45 39 35 41 37 35 38 40 26 21 35 27 28 17 30 25 25 15 19 28 15 15 12 14 12 17 17 15 19 13 14 18 17 11 5 10 5 11 5 6 5 4 6 5 4 7 4 3 3 5 5 4 4 2 3 


24 0 0 0 0 0 0 0 0 0 0 2 10 5 3 5 10 8 3 6 4 8 3 13 12 20 26 17 16 22 27 28 25 13 17 18 9 8 12 9 10 7 9 13 9 15 14 15 17 10 20 20 22 35 40 31 36 56 50 48 53 83 105 135 147 168 200 198 220 261 275 317 376 494 569 708 814 985 1229 1563 2098 2573 2972 3482 3962 4675 5440 6280 6774 6929 6872 7061 7621 8389 9901 10176 10384 10077 10546 11236 12149 12437 12478 11664 11031 11051 11441 11537 10897 9803 8902 8377 8283 8223 8161 8228 7869 7594 7336 7373 7664 7821 7698 7266 6882 6743 6940 7193 7957 7224 6538 6121 5675 5296 5409 5261 5314 5149 4874 4581 4499 4591 4710 4798 4689 4316 4143 4014 4014 3938 4006 3939 3658 3273 3310 3355 3321 3537 3216 3270 2839 2726 2697 2831 2738 2708 2426 2332 2320 2394 2538 2707 2733 2500 2434 2612 2825 3055 3021 2763 2506 2510 2621 2607 2795 2732 2699 2409 2567 2853 3258 3600 3066 2779 2732 2940 3191 3221 3367 3301 3213 2964 2942 2868 2562 2329 1985 1608 1492 1509 1696 1638 1437 1229 1050 1069 1185 1205 1352 1400 1292 1327 1471 1587 1459 1316 1196 1361 1575 1627 1506 1382 1320 1531 1807 1965 1848 1883 1855 1946 2227 2076 1794 1657 1836 1989 2021 1754 1377 1407 1253 1038 910 903 1538 8296 
24 0 0 0 0 0 0 0 0 0 0 0 0 0 0 0 0 0 1 3 4 6 5 7 4 4 3 6 4 6 4 6 4 5 6 10 9 8 9 3 26 27 15 19 17 24 14 17 11 22 10 11 12 11 14 14 11 13 10 15 18 17 16 22 31 26 45 39 59 69 65 62 62 95 91 115 124 136 154 181 189 202 169 212 224 232 244 253 299 265 318 317 403 438 573 602 722 763 972 1175 1609 2107 2590 2984 3284 3851 4767 5696 6550 6710 6198 6544 7275 8320 9393 9995 9728 9575 10212 10874 12086 12793 13080 12182 11080 10487 11371 12246 14353 12842 12023 10762 9318 8778 8954 9350 9697 9520 8742 7990 7598 7973 8617 8657 8438 7832 7106 7209 7282 7632 7608 7015 6197 6058 5710 5946 6248 6157 5944 5835 4734 4847 5045 5485 5554 5034 4530 4095 4091 4508 4472 4417 4216 3531 3277 3503 3988 4152 4113 3773 3504 3488 3799 4155 4307 4093 3722 3309 3439 3911 4374 4921 4308 3746 3514 4047 4453 4805 4742 4456 4204 3668 3660 3953 4468 4327 3731 2919 2492 2553 2986 2946 2746 2115 2073 2110 2462 2697 2638 2314 2184 2342 2635 2923 2511 2111 1615 1711 1756 1517 1139 955 813 788 711 678 584 458 434 492 450 323 261 259 302 220 164 79 44 46 56 37 26 29 29 1628 
24 0 0 0 0 0 0 0 0 0 0 0 0 0 0 0 0 0 0 0 2 0 0 0 0 1 0 0 0 0 0 0 1 4 3 2 3 6 5 3 5 9 1 5 3 9 10 7 9 10 11 17 15 14 18 9 15 21 22 30 30 23 25 38 30 40 43 42 55 56 50 75 72 86 76 69 91 79 126 104 152 131 159 198 200 235 249 244 243 231 251 258 264 284 370 363 301 369 356 433 391 412 429 501 487 569 599 730 728 783 797 930 1123 1364 1698 1807 2083 2447 2867 3097 3752 4369 5157 5520 5770 5836 6713 7676 8923 9159 9378 9673 9930 10194 11202 12586 13722 13570 13359 12794 12503 13679 14289 14331 13936 12209 10988 10760 11061 11304 11344 10720 9842 9262 9004 9143 9072 9514 9030 8708 7602 7408 7628 7772 7654 7306 6728 6286 6258 6817 6737 6230 5747 5051 4915 4948 5344 5581 5455 5008 4569 4532 4909 5533 5342 5161 4815 4127 4075 4211 4167 4340 3594 3293 3109 3089 3241 3548 3740 3465 3449 3125 2951 3136 3319 3279 3135 2988 2883 3143 3205 3268 3226 3197 3047 3441 3750 4341 4109 3824 3425 3593 4036 4093 3411 2760 2652 2856 3079 3194 2631 1984 1823 1776 1787 1474 1047 808 723 660 593 554 517 380 273 210 188 126 66 45 27 24 14 15 25 1622 


