1
0 0 68 337 682 1029 1068 952 883 888 927 879 770 774 750 711 669 661 658 639 718 703 655 633 563 497 462 415 413 405 418 368 402 473 416 407 433 546 594 578 605 593 552 516 509 485 453 410 335 273 286 287 304 322 306 257 170 137 118 108 90 117 99 119 127 127 144 110 91 66 80 73 78 70 53 52 55 47 55 31 32 27 26 15 11 15 10 13 20 14 12 20 19 21 23 20 14 17 15 17 11 22 11 9 9 7 6 6 6 5 12 6 6 5 6 6 5 4 4 2 7 7 4 4 5 5 2 2 4 6 2 1 3 1 2 4 2 0 0 0 0 0 0 0 0 0 0 0 0 0 0 0 0 0 0 0 0 0 0 0 0 0 0 0 0 0 0 0 0 0 0 0 0 0 0 0 0 0 0 0 0 0 0 0 0 0 0 0 0 0 0 0 0 0 0 0 0 0 0 0 0 0 0 0 0 0 0 0 0 0 0 0 0 0 0 0 0 0 0 0 0 0 0 0 0 0 0 0 0 0 0 0 0 0 0 0 0 0 0 0 0 0 0 0 0 0 0 0 0 0 0 0 0 0 0 0 
0 0 0 0 60 205 437 652 508 518 513 461 348 286 273 262 287 245 191 241 264 284 262 282 258 273 327 331 351 385 352 390 366 408 367 326 332 335 362 365 361 345 347 385 372 426 412 423 368 324 303 305 298 256 237 275 236 224 214 221 229 229 207 201 199 205 183 254 223 193 220 226 255 242 220 210 230 275 293 341 294 308 323 373 337 342 332 304 325 261 289 276 332 330 253 257 224 215 199 193 176 178 158 160 137 119 98 138 115 117 136 144 162 125 121 117 100 80 62 66 59 72 87 67 81 87 53 62 41 47 50 43 49 48 36 27 31 16 18 13 9 19 14 13 15 19 12 20 18 14 13 12 19 13 10 11 12 10 7 7 8 5 6 5 6 6 2 7 5 3 5 4 7 4 5 6 1 4 5 0 5 3 3 3 2 1 2 2 2 2 1 0 0 0 0 0 0 0 0 0 0 0 0 0 0 0 0 0 0 0 0 0 0 0 0 0 0 0 0 0 0 0 0 0 0 0 0 0 0 0 0 0 0 0 0 0 0 0 0 0 0 0 0 0 0 0 0 0 0 0 0 0 0 0 0 0 
0 0 0 0 0 0 55 155 180 309 416 374 340 295 362 363 269 235 217 183 162 148 151 189 169 130 99 74 74 76 87 85 90 77 70 75 65 67 59 78 64 71 58 54 67 62 77 56 70 89 83 72 70 62 77 62 87 73 59 67 82 72 98 118 124 123 117 149 153 148 205 215 290 395 338 269 294 359 337 321 358 388 373 358 318 370 351 338 259 277 258 233 236 230 207 229 186 184 175 167 185 169 181 157 146 153 171 153 137 160 161 152 154 198 173 160 161 164 163 158 169 133 152 203 152 127 153 172 146 156 161 167 176 163 174 159 154 166 144 130 135 137 151 147 208 203 203 195 214 240 282 266 277 248 249 251 262 236 231 226 280 259 259 249 256 261 189 146 130 119 130 83 86 80 94 83 89 107 133 126 139 135 122 126 141 152 151 123 95 70 59 63 36 40 26 21 13 12 12 16 11 12 16 12 13 13 16 8 14 8 12 9 15 12 14 17 14 11 11 12 9 6 6 8 4 13 2 8 2 7 5 7 4 6 5 3 2 4 4 3 3 6 1 3 2 3 1 2 0 0 0 0 0 0 0 0 


0 20 2581 6291 12951 10973 11948 14412 18758 23288 26328 30027 32738 34124 35830 36504 35632 33819 32476 30755 29194 27215 25716 24272 22396 20974 19224 17737 16518 15228 14129 13126 11909 11075 10084 9457 8786 8085 7578 6971 6483 6013 5475 5118 4650 4261 3965 3687 3466 3172 3001 2866 2611 2479 2261 2153 2159 1974 1870 1888 1654 1669 1497 1476 1340 1375 1273 1320 1209 1147 1113 1127 1079 1046 1007 1026 933 927 934 854 912 858 855 822 798 740 736 713 751 729 707 626 669 617 592 598 605 540 599 503 560 529 485 513 506 522 511 528 467 499 550 478 492 510 517 502 568 510 491 537 516 477 465 508 524 521 554 489 494 500 500 491 463 508 522 495 532 509 511 458 534 525 530 541 517 472 463 475 458 418 440 428 447 454 446 437 412 412 456 425 462 418 408 458 435 476 444 464 435 434 425 465 442 442 441 439 443 454 436 424 421 426 403 271 290 288 304 278 275 247 251 207 221 234 241 213 229 236 228 236 252 241 257 236 241 224 207 254 240 244 251 268 268 285 232 260 247 254 250 249 294 231 263 234 243 274 267 293 273 268 295 283 303 306 305 352 324 300 345 359 337 356 385 371 440 412 461 475 526 591 646 728 891 1034 1322 46926 
0 0 42 835 1937 3497 5985 10389 11214 9610 9998 9319 10322 11956 13658 15888 17477 18690 20474 21595 22612 22934 22793 22201 21704 21290 20762 19953 19671 19197 19006 18715 17831 17208 16930 16446 15527 14964 14317 13546 12991 12438 11648 11244 10788 10358 9731 9226 8869 8500 7776 7399 7133 6651 6381 6098 5849 5547 5307 5006 4700 4511 4471 4109 4072 3921 3602 3572 3259 3214 3002 2852 2891 2743 2482 2413 2342 2152 2081 1986 1916 1891 1854 1743 1686 1673 1579 1525 1521 1368 1479 1391 1392 1299 1324 1221 1193 1134 1047 1043 997 1032 910 908 912 865 856 885 810 817 774 753 758 718 706 655 680 674 649 647 646 579 627 577 533 528 595 528 536 492 486 469 465 448 471 450 447 416 443 483 424 416 416 409 435 409 390 395 406 436 374 397 414 344 389 401 351 414 372 364 375 428 368 367 358 352 334 371 333 335 365 344 367 321 351 340 330 331 310 357 361 337 340 343 350 387 407 432 422 442 430 387 430 461 434 435 418 387 352 382 400 415 366 375 393 381 429 398 375 393 365 367 376 340 398 381 367 396 378 404 399 447 406 378 412 408 405 445 422 403 444 455 432 416 434 432 447 463 513 516 474 505 522 530 535 577 646 656 703 734 884 948 1114 1304 1880 56648 
0 0 0 0 21 273 414 917 1734 5150 10652 9847 5957 4867 4990 5649 5811 6168 6359 7109 8480 9301 10682 11292 12254 12948 13614 14025 14715 15040 15974 15987 16117 16165 16117 15988 15895 15615 15649 15416 15287 14965 14219 13797 13333 13014 12526 12256 12069 11573 11171 10786 10456 10283 9882 9615 9147 9071 8632 8428 8395 7890 7829 7637 7464 7334 7308 6822 6697 6369 6330 6088 5918 5726 5483 5524 5240 5129 4875 4738 4572 4486 4383 4174 3958 3854 3678 3650 3479 3305 3230 3077 2921 2787 2779 2675 2574 2506 2439 2426 2308 2257 2160 2100 2021 1931 1965 1860 1772 1766 1725 1665 1567 1512 1410 1408 1369 1353 1291 1263 1325 1201 1220 1198 1170 1184 1145 1127 1152 1055 1102 1084 1010 996 994 997 980 932 961 956 891 872 887 851 871 810 824 840 801 783 713 722 688 669 643 648 669 682 631 633 628 632 633 604 602 595 551 555 544 528 504 567 477 474 467 447 476 470 457 430 374 394 402 368 352 350 375 388 360 377 387 385 346 355 322 333 307 322 337 326 301 332 337 308 347 354 306 375 312 312 313 329 365 334 348 372 352 346 327 330 359 343 349 334 381 340 362 384 356 383 362 429 422 403 398 360 432 426 392 449 450 490 484 517 536 545 601 627 713 791 851 936 1101 1341 1658 68399 


