1
0 0 0 0 0 0 6 16 40 14 94 113 135 162 193 270 386 474 515 504 535 527 548 513 509 556 539 559 564 575 567 538 559 617 733 803 910 1324 2113 2920 3950 4839 5816 6652 6978 7608 7933 8598 8904 8853 9023 9296 9183 9432 9807 10347 11375 11179 11004 9958 8647 7921 6309 5745 4730 3686 3006 2337 1908 1481 1255 1095 856 676 608 404 311 216 176 141 120 102 84 90 82 66 62 61 50 76 66 71 86 75 64 66 68 71 65 59 47 39 59 44 41 38 34 46 32 33 33 30 30 37 30 32 26 21 37 20 21 20 22 16 16 23 17 24 21 20 18 23 15 17 19 6 9 14 15 19 13 6 13 10 10 8 2 7 9 10 6 5 3 8 6 2 4 1 8 6 1 10 1 2 6 4 2 4 4 2 0 0 2 0 1 3 2 0 0 0 1 0 3 5 2 3 2 2 4 4 3 5 1 0 0 0 0 0 0 0 0 0 0 2 0 2 0 2 0 0 0 0 0 0 0 0 0 0 2 7 3 0 2 1 0 0 0 0 0 0 0 0 2 0 10 6 0 0 0 0 1 1 0 0 2 0 0 0 0 2 2 1 0 3 3 358 
0 0 0 0 0 0 0 0 0 0 0 0 5 26 15 29 38 58 43 57 95 114 131 175 163 281 324 313 381 367 392 385 397 412 415 427 419 401 383 444 429 446 418 468 545 589 534 568 621 686 848 1115 1578 2112 2851 3662 4255 4715 5164 5960 6448 7007 7137 7952 8105 8266 8166 8482 8607 9222 9532 9625 9724 10138 9889 9393 8704 8002 6829 5947 5302 4259 3741 3138 2540 2150 1734 1606 1412 1197 968 655 502 368 291 207 164 132 87 89 87 86 83 82 91 86 100 57 68 77 58 63 63 63 54 62 47 51 54 37 37 39 38 32 50 32 33 34 32 36 32 33 25 24 25 23 22 30 19 28 18 20 20 21 19 10 15 16 18 12 15 11 5 13 12 8 16 9 15 8 11 6 10 10 10 5 12 3 10 5 12 3 3 4 9 1 7 2 4 4 0 1 6 3 2 1 1 2 5 3 4 3 2 7 2 2 10 1 1 1 1 0 0 0 0 1 0 2 0 3 1 1 0 1 0 1 0 0 0 0 0 7 5 0 2 1 0 0 0 0 0 0 0 0 2 5 11 0 0 0 0 1 1 0 0 2 0 0 0 0 2 3 0 2 4 358 
0 0 0 0 0 0 0 0 0 0 0 0 0 0 0 0 0 0 0 0 0 0 0 0 0 0 0 0 0 0 0 0 0 0 0 0 0 0 0 0 0 0 10 10 17 13 15 21 7 6 3 5 13 12 16 25 71 72 66 71 95 97 118 151 162 154 172 202 254 331 459 567 624 679 755 732 808 874 939 1051 1310 1289 1511 1815 2291 2459 2493 2364 1891 1655 1422 1020 838 639 452 362 323 327 344 396 427 450 364 377 322 355 331 344 328 370 419 398 414 439 487 542 602 628 747 873 999 1143 1327 1599 1886 2134 2540 2893 3608 3863 4144 4565 4855 5398 5853 6488 7059 7261 7593 7648 7593 7605 7583 7321 7622 7294 7188 7155 6849 6576 6282 5566 5080 4432 3708 3342 2922 2482 2075 1733 1152 915 750 626 483 332 268 188 107 98 93 78 72 82 62 54 60 59 72 63 69 66 51 49 47 58 39 40 38 32 46 31 28 30 45 35 34 28 36 33 27 32 25 33 25 19 26 27 30 18 19 17 11 18 18 11 16 17 9 14 14 10 11 19 15 7 12 12 6 5 11 9 7 7 8 7 10 20 3 7 7 2 5 7 3 4 3 3 3 5 3 8 4 5 8 360 


60 153 271 236 234 279 280 217 280 375 404 512 626 694 730 611 563 454 405 440 478 525 604 540 478 521 611 603 545 572 496 391 416 358 391 372 289 341 292 291 299 317 307 340 397 436 516 467 492 485 498 474 414 439 479 679 715 727 907 980 1264 1475 1874 2513 3393 4055 4910 5739 6467 6997 7230 7545 8028 8320 8566 8973 9124 9357 9557 9555 9616 8569 8826 8489 8785 9158 9887 9867 10244 10688 10664 10749 11062 10978 11325 11085 11667 11264 11470 10870 10373 9668 9011 8342 8340 8411 9108 9264 9229 8979 8467 8318 8271 7828 7510 7191 6802 6276 5762 5308 4968 4805 4426 4038 3485 3234 3317 3557 4056 3868 4046 4143 4264 4453 4345 4272 4393 4224 4162 4167 3978 3757 3563 3480 3257 3024 2751 2625 2617 2654 2912 2922 2881 2997 2827 2820 2792 2942 2897 3064 2943 2681 2517 2457 2238 2171 2003 1759 1553 1459 1632 1552 1513 1454 1460 1467 1394 1385 1270 1310 1307 1281 1175 1167 1161 1147 1131 1089 1167 1275 1183 1084 1176 1247 1244 1293 1298 1320 1340 1323 1356 1329 1290 1174 1114 1076 1129 1009 972 846 823 774 769 820 876 814 766 775 877 909 874 787 749 718 724 647 632 622 538 520 456 433 388 391 343 264 239 234 179 154 97 93 98 84 69 70 61 56 54 35 42 40 23 36 31 1293 
41 136 243 212 125 140 102 70 89 99 89 93 89 140 246 319 350 355 414 447 475 551 552 469 373 308 346 398 392 461 642 564 593 504 445 570 672 513 468 388 353 290 295 295 332 356 357 308 310 341 382 354 361 347 346 415 409 397 376 347 318 371 342 379 451 424 392 396 420 435 511 530 535 627 680 705 824 833 771 770 777 835 795 858 989 1118 1290 1675 2087 2697 3345 4275 4778 5649 6616 6919 7734 7708 7551 7924 8257 7990 7600 7574 7693 8533 9878 10595 11003 11422 11144 11101 12181 12272 12784 13529 13605 13883 14034 13861 13636 13187 12663 11435 9949 8930 9022 9825 11325 10651 10091 10096 9724 9685 9086 8860 8335 8296 7715 7526 6983 6832 6459 5945 5716 5333 4950 4183 4464 4685 5060 4858 4726 4694 4500 4478 4471 4503 4547 4868 4539 4306 4184 4063 3710 3698 3775 3757 3504 3412 3604 4051 4090 4069 4015 4020 3883 3438 3264 2936 2680 2392 2123 2118 2141 2140 2103 1888 1874 1671 1517 1382 1298 1293 1383 1480 1422 1361 1412 1368 1388 1328 1279 1020 901 863 910 770 714 580 450 425 419 404 413 390 372 353 267 212 199 178 154 131 71 44 19 20 24 18 15 14 13 5 3 6 8 8 19 2 8 4 6 7 4 3 3 1 3 5 6 8 8 17 12 1263 
116 104 143 196 146 97 88 70 89 64 91 57 88 79 65 87 97 109 148 192 256 291 297 344 433 501 518 588 617 599 650 556 556 618 686 918 855 760 683 657 688 675 713 736 660 625 632 590 570 574 658 610 682 678 649 696 677 724 733 703 813 773 741 868 937 913 928 933 1075 1006 990 924 982 1058 992 1114 1133 1100 1242 1191 1229 1150 1153 1166 1211 1322 1437 1374 1389 1375 1379 1412 1363 1340 1364 1379 1526 1530 1792 1995 2321 2526 2658 2819 3098 3801 4681 5197 5625 6490 7221 8186 9310 9706 10333 11165 11240 12154 12991 13511 13618 13914 13560 13119 11849 11189 11712 12874 14764 13860 13309 12898 12671 12318 12572 12492 12250 11507 10980 10423 9776 9294 9142 8822 8295 7651 7038 6567 6329 6239 6757 6256 6008 5720 5322 5014 4682 4516 4353 4332 3808 3463 3297 3215 3063 2900 2724 2615 2504 2422 2450 2664 2876 3274 3393 3565 3718 3674 3680 3633 3783 3835 3621 3643 3576 3758 3609 3466 3580 3319 2985 2818 2685 2939 3321 3138 2894 2667 2341 2079 1972 1873 1799 1630 1453 1391 1357 1237 1140 1008 940 770 645 660 747 771 668 486 377 343 309 285 281 318 191 142 112 90 80 46 36 29 31 28 9 7 10 12 16 17 18 9 11 9 14 7 6 10 4 8 11 13 12 15 20 1266 


