1
0 0 0 0 1 28 37 60 51 71 141 246 301 380 342 349 357 569 668 685 651 632 688 628 485 438 393 523 681 754 734 860 1181 1375 1436 1657 2062 1787 1532 1303 1162 836 417 330 257 222 195 171 177 181 179 207 249 231 183 185 155 161 146 155 171 167 150 155 158 133 132 114 129 113 87 112 101 96 73 100 97 75 77 79 69 81 73 70 64 63 67 82 61 70 62 58 59 52 88 58 51 48 44 47 26 34 30 30 32 28 27 29 22 28 24 26 28 26 18 19 19 16 15 17 12 11 9 13 5 7 7 5 5 4 1 10 1 3 10 6 4 5 3 1 7 4 4 2 2 3 5 4 3 6 0 2 2 3 2 0 1 0 1 3 1 0 0 0 0 0 0 0 0 0 0 0 0 0 0 0 0 0 0 0 0 0 0 0 0 0 0 0 0 0 0 0 0 0 0 0 0 0 0 0 0 0 0 0 0 0 0 0 0 0 0 0 0 0 0 0 0 0 0 0 0 0 0 0 0 0 0 0 0 0 0 0 0 0 0 0 0 0 0 0 0 0 0 0 0 0 0 0 0 0 0 0 0 0 0 0 
0 0 0 0 0 0 0 0 0 0 2 13 22 23 30 36 27 28 27 32 30 44 66 113 175 213 202 222 226 202 215 286 350 509 657 640 797 1027 1216 1343 1520 1755 1898 1692 1391 1351 1219 1034 686 504 388 328 336 323 300 242 203 217 192 204 178 157 169 167 113 134 130 115 122 101 144 113 128 141 116 129 131 115 125 90 108 107 103 94 97 94 103 112 95 94 104 101 105 116 147 140 123 107 108 107 117 124 107 111 123 129 93 94 86 96 112 71 71 71 75 62 76 76 99 72 83 76 77 86 67 68 76 69 72 60 73 58 52 63 84 80 74 63 72 61 75 60 41 53 42 43 31 37 36 33 27 36 31 40 38 36 45 21 30 26 36 20 29 20 24 18 19 26 20 20 20 16 13 27 11 27 27 16 18 29 25 24 22 14 13 17 11 9 8 12 13 8 7 9 5 4 7 5 7 5 4 11 6 8 3 4 3 4 5 5 3 2 6 3 3 4 0 2 0 1 1 3 1 0 0 0 0 0 0 0 0 0 0 0 0 0 0 0 0 0 0 0 0 0 0 0 0 0 0 0 0 0 0 0 0 0 
0 0 0 0 0 0 0 0 0 0 0 0 0 0 0 0 0 0 0 0 1 2 14 12 18 11 23 17 25 21 35 24 27 37 88 127 209 235 253 326 469 702 894 907 1053 1314 1199 1098 1019 983 1039 896 829 676 476 429 330 315 324 356 374 372 478 419 408 364 337 408 419 297 294 280 240 233 252 267 302 269 195 139 125 129 108 116 104 103 103 104 96 104 110 139 118 108 121 107 99 90 106 105 101 90 86 89 88 87 83 80 85 86 95 76 96 94 79 87 78 81 91 83 92 70 96 91 98 73 82 90 96 100 84 104 93 94 79 100 82 83 73 82 59 66 79 80 60 57 77 53 64 59 70 69 51 58 68 48 60 55 44 53 63 57 40 65 49 53 61 38 59 55 59 43 52 62 53 49 58 53 53 48 82 59 76 58 77 78 59 87 81 58 72 62 72 62 60 50 42 52 48 62 45 47 36 50 40 40 39 55 37 48 45 41 46 38 41 38 28 37 25 54 33 42 25 23 28 32 19 36 31 28 20 22 22 19 18 32 17 18 19 21 14 23 16 22 20 10 21 18 29 20 24 29 21 27 30 34 


0 0 0 0 0 0 0 0 0 0 0 0 1 1 4 9 9 20 24 37 46 60 81 76 80 147 278 278 310 390 451 582 846 1356 2069 3414 5630 8875 13421 18541 22771 26304 29314 32133 33419 34442 35962 37528 36858 35374 33882 33667 32374 29783 25862 22270 22030 23032 22742 19967 12682 9422 7135 5661 5765 8966 7754 4981 3582 2995 2661 2371 1920 1840 1634 1482 1200 980 764 744 745 668 716 733 653 729 720 766 790 787 809 840 838 803 770 859 740 814 797 783 829 806 851 795 824 881 930 929 978 1001 962 950 979 978 1042 935 913 929 829 848 814 786 830 786 741 723 687 692 707 576 563 587 551 519 480 480 430 424 474 440 444 475 474 471 466 473 506 507 568 553 569 588 693 787 844 954 1140 1232 1386 1385 1580 1710 1957 1987 2023 1983 2025 2032 2081 2130 2493 2755 3007 3083 3029 2845 3158 3396 3347 3833 3477 3602 3777 3725 4026 3186 3403 3676 3094 3041 2661 2752 3178 2804 2802 2708 3022 2893 2616 2853 2451 2639 2854 2435 2707 2740 2484 2870 3252 3139 2636 2984 3391 3218 2872 3432 4382 4341 2903 1318 329 31 8 6 6 10 8 8 3 5 8 8 10 7 13 12 6 9 7 21 11 7 14 8 11 13 14 14 15 11 13 22 15 24 37 673 
0 0 0 0 0 0 0 0 0 0 0 0 0 0 0 0 0 0 1 2 8 13 11 24 28 51 93 143 164 174 196 203 217 296 406 589 803 1107 1774 2608 3932 5682 7711 10491 13427 16281 18899 20663 22338 23780 24740 25800 25263 25993 28230 31032 32112 31187 32145 33578 32777 30583 25201 22088 21221 21330 21409 17563 11806 7482 4409 3071 2798 2817 2734 2729 3183 4263 4751 4140 3495 2951 2910 2787 2422 2184 2001 1868 1979 1854 1916 1848 1988 1760 1584 1570 1457 1461 1376 1364 1267 1047 873 809 747 664 651 618 632 609 664 658 631 640 647 673 715 686 625 633 566 537 496 477 508 446 490 521 497 489 560 514 539 610 570 652 624 651 643 617 599 641 596 610 611 607 615 608 605 646 625 646 633 671 677 718 671 653 742 764 781 848 912 1033 1235 1452 1635 1858 1955 2085 2345 2565 2741 2711 3031 2621 2991 3321 3666 4112 3046 3893 4477 4278 4510 4220 4375 4956 4514 5381 4523 5341 6247 6503 7071 6668 9929 13024 12182 11464 8627 6718 4886 1942 439 204 187 182 174 180 153 163 151 151 146 141 150 148 116 101 100 89 74 77 79 57 54 64 48 54 57 46 36 36 31 34 37 24 38 30 38 42 38 37 21 26 43 35 29 35 49 50 46 65 71 950 
0 0 0 0 0 0 0 0 0 0 0 0 0 0 0 0 0 0 0 0 0 1 3 13 11 17 37 59 101 157 146 170 171 170 203 259 350 394 505 769 1001 1349 1801 2494 3481 4654 6395 8140 10539 12882 14861 16908 18522 20336 22142 22961 24412 25106 27007 31012 34390 34448 34339 35187 33689 28175 23745 19533 17198 15302 14592 14846 14513 14125 12908 10609 8615 6614 4732 3563 2733 2391 2296 2142 2165 2219 2262 2552 3223 3622 3943 3449 2797 2539 2539 2490 2224 2104 1892 1881 1900 1900 1981 1837 1990 1696 1575 1389 1383 1427 1274 1166 1052 977 967 866 849 830 693 665 555 572 474 474 449 458 435 445 395 394 408 400 384 434 361 406 396 364 376 371 404 412 460 436 427 435 426 398 409 378 419 423 436 458 464 453 432 469 478 475 478 507 542 588 620 694 865 1056 1208 1407 1724 2084 2486 2812 2856 2705 3148 3802 3772 4803 4465 5897 7178 8533 8271 8228 9406 11323 13283 17528 15298 13719 10869 7179 5996 3506 1321 364 302 312 285 278 299 276 295 312 267 261 266 280 310 259 278 271 261 279 277 268 268 303 277 249 260 292 311 290 292 286 313 322 295 299 272 263 273 260 255 272 230 264 271 272 240 264 251 236 275 257 269 286 310 336 392 397 547 3167 


