1
0 0 0 0 0 0 0 0 0 0 0 0 0 0 0 0 0 0 0 0 0 0 0 0 0 0 0 0 0 4 6 6 8 7 16 25 61 65 115 149 258 407 504 554 615 784 903 926 909 968 1053 962 1035 2019 5626 3062 2585 3209 8187 157096 32915 2673 2130 2071 1829 1735 1550 1435 1480 1420 1452 1374 1267 1267 1277 1299 1229 1156 1141 998 1004 880 825 789 699 646 600 634 553 493 494 478 434 387 346 311 270 293 250 251 233 219 200 178 156 169 161 141 165 151 103 127 132 125 111 110 122 94 95 78 84 66 71 73 75 90 105 108 96 119 97 116 87 99 87 85 90 86 85 74 76 57 55 55 57 71 55 70 43 44 39 29 24 34 28 24 32 21 33 26 24 20 23 23 24 22 11 11 16 9 7 6 1 3 9 2 3 1 0 0 0 0 0 0 0 0 0 0 0 0 0 0 0 0 0 0 0 0 0 0 0 0 0 0 0 0 0 0 0 0 0 0 0 0 0 0 0 0 0 0 0 0 0 0 0 0 0 0 0 0 0 0 0 0 0 0 0 0 0 0 0 0 0 0 0 0 0 0 0 0 0 0 0 0 0 0 
0 0 0 0 0 0 0 0 0 0 0 0 0 0 0 0 0 0 0 0 0 0 0 0 0 0 0 0 0 0 0 0 0 0 0 0 0 1 1 0 1 2 9 5 11 14 42 65 101 137 195 281 536 2624 4069 2272 3527 31607 161072 3140 2480 2136 2099 2053 2064 1668 1661 1583 1512 1397 1254 1201 1155 1116 1090 1062 1053 1064 1037 989 951 892 935 917 908 858 826 832 770 782 797 860 920 975 1012 1000 937 940 971 913 856 820 694 609 577 527 546 521 519 472 423 409 428 364 290 243 190 192 165 162 142 119 112 113 112 107 111 120 137 121 112 111 89 77 83 75 96 111 123 112 95 91 101 92 87 61 76 60 48 54 76 76 58 52 58 46 37 43 37 33 27 26 26 26 18 27 25 23 24 21 15 19 17 6 12 7 5 6 5 3 3 3 8 3 2 0 0 0 0 0 0 0 0 0 0 0 0 0 0 0 0 0 0 0 0 0 0 0 0 0 0 0 0 0 0 0 0 0 0 0 0 0 0 0 0 0 0 0 0 0 0 0 0 0 0 0 0 0 0 0 0 0 0 0 0 0 0 0 0 0 0 0 0 0 0 0 
0 0 0 0 0 0 0 0 0 0 0 0 0 0 0 0 0 0 0 0 0 0 0 0 0 0 0 0 0 0 0 0 0 0 0 0 0 0 0 0 0 0 0 1 0 0 0 0 0 1 7 4 9 11 28 47 56 81 146 214 303 394 684 702 677 835 982 1079 1057 1090 1061 1241 1116 1062 1002 867 847 860 781 830 878 747 734 722 729 735 612 619 576 611 718 716 675 703 659 733 659 677 659 638 641 642 713 687 712 672 724 713 662 668 696 709 764 710 772 713 662 770 823 842 739 579 595 542 521 464 445 381 372 360 353 372 368 321 290 300 296 359 376 832 2341 3731 1929 1302 2121 4180 3538 3283 4351 170040 14267 1214 431 361 261 224 218 173 157 158 125 105 87 71 56 56 54 36 32 34 26 29 30 29 24 17 16 11 6 8 8 4 1 8 13 6 3 0 0 0 0 0 0 0 0 0 0 0 0 0 0 0 0 0 0 0 0 0 0 0 0 0 0 0 0 0 0 0 0 0 0 0 0 0 0 0 0 0 0 0 0 0 0 0 0 0 0 0 0 0 0 0 0 0 0 0 0 0 0 0 0 0 0 0 0 0 


319 521 493 440 399 353 334 451 531 610 857 956 1357 1670 1797 1615 1400 1130 782 656 669 653 745 793 809 762 700 730 791 851 945 1008 1077 998 1080 999 1038 1003 1034 1169 1142 1085 986 1064 1136 1313 1602 1608 1379 1016 989 1011 1087 1222 1694 1561 1464 1727 1996 2371 2700 2740 3091 3303 3567 3972 4599 5029 5810 6285 6796 7039 7518 7910 8400 8946 9245 9516 9936 10348 10945 11167 11763 12087 12911 13121 12997 12570 12594 12495 12773 12862 13615 13145 13178 12682 12427 11554 10909 10120 9262 8273 7968 7680 7288 6733 6057 5551 5283 4839 4435 4126 3767 3545 3471 3335 3219 2965 2941 2801 2746 2735 2542 2364 2135 2060 1985 1926 1962 1865 1961 1985 1950 1817 1781 1697 1557 1673 1549 1545 1484 1553 1516 1602 1614 1498 1434 1500 1472 1472 1352 1391 1438 1493 1456 1621 1755 1823 2006 2064 2078 2140 2144 1877 1903 1722 1812 1866 1953 2102 2340 2717 2918 2970 2978 2972 3023 3075 3396 3525 3464 3656 4065 4178 3564 3048 2278 1787 1452 1357 1342 1296 1357 1435 1666 1833 1950 2153 2272 2179 2021 2190 2140 1923 1710 1474 1121 927 812 751 669 681 650 706 666 584 596 439 462 373 338 271 248 214 196 183 170 168 132 135 119 115 120 109 126 109 101 94 82 76 69 56 48 25 28 29 28 26 27 25 17 4 3 0 0 0 
14 67 116 144 175 203 158 160 165 143 172 231 255 254 278 206 149 113 251 488 737 735 627 499 526 776 903 870 1267 1313 1337 1211 837 595 552 594 487 444 486 465 585 569 657 701 591 541 564 528 558 627 619 583 573 650 1085 950 1175 1232 1312 1203 1227 1276 1625 1659 1802 1838 1632 1280 951 868 754 662 698 615 688 780 776 806 832 776 758 763 750 819 902 962 1115 1343 1499 1757 2063 2305 2692 2732 2924 3110 3240 3241 3501 3811 4095 4299 4540 4831 5253 5610 6223 6512 6605 6497 6839 7508 8422 9601 10002 9837 10546 10806 11652 10585 10179 9628 9672 10113 10940 11884 12572 13265 14258 13834 13058 12736 11842 10759 9913 9147 9334 9270 9370 8993 8827 8309 7791 6895 6027 5476 5333 4622 4134 4019 3955 3728 3572 3526 3080 2975 2614 2456 2369 2223 2217 2239 2359 2377 2299 2282 2244 2124 2241 2212 2254 2172 2081 1882 1984 1998 2043 2185 2257 2280 2278 2288 2333 2488 2388 2285 2321 2615 2880 3296 3621 4025 4571 4180 3977 3687 3647 3396 3159 3173 2889 2467 1982 1837 1894 1908 1998 2071 1953 1921 1810 1687 1660 1526 1532 1342 1372 1878 2642 3065 3030 2626 2423 2570 2552 2343 1741 1363 1050 836 686 471 314 262 216 201 188 175 161 166 125 141 143 139 126 115 134 113 110 101 70 60 41 50 42 35 
0 0 13 15 30 26 53 82 76 54 36 51 44 58 59 63 118 212 320 453 604 599 534 411 303 260 263 205 225 225 237 326 289 372 362 342 312 407 384 483 668 1083 1154 1455 1201 805 622 517 469 449 448 468 505 541 603 553 473 460 402 384 355 410 421 503 488 524 525 492 539 605 535 670 885 974 1064 1180 1335 1590 1219 1194 1165 1089 1009 840 745 760 710 618 661 718 631 601 639 618 700 724 677 649 610 568 594 554 624 621 686 653 723 865 1038 1122 1320 1560 1797 1954 2047 2201 2226 2469 2572 2918 3228 3240 3452 3525 3567 3772 3845 3824 4110 3829 4183 4711 5201 5660 6021 6445 6830 6980 7000 7395 7639 7817 8346 8666 9611 10425 10969 11145 11363 11585 11872 11649 11526 11552 11728 11858 13480 13112 13127 12524 12421 12161 11795 11149 10837 9707 9206 8124 8045 7780 7795 7660 7626 7221 6863 6475 5811 5154 4778 4270 4157 3850 3718 3479 3456 3252 3225 3215 3198 3260 3393 3055 2675 2553 2639 2667 2704 3136 3708 4324 4373 4693 4005 4037 3867 3516 3254 3015 2574 2239 2033 1788 1645 1571 1519 1508 1560 1497 1449 1469 1581 1592 1765 1715 1834 2261 2741 2908 2919 3167 3027 2873 2508 2504 2380 2784 2659 2090 1343 904 648 478 408 331 290 211 202 203 146 162 169 187 252 226 236 170 


