1
0 0 0 0 0 0 0 0 0 0 0 0 0 0 0 0 0 0 1 0 0 1 8 34 147 273 400 560 865 1005 1453 1779 2296 2537 2513 2551 2471 2500 2283 2005 1949 1971 1726 1701 1706 1652 1738 1788 1939 2477 4986 22359 6651 4107 4904 4030 3132 2689 7135 17643 19247 16539 15082 12677 3670 1214 1167 1047 998 897 798 728 650 595 501 461 384 324 307 326 343 334 298 260 292 341 340 248 288 268 231 193 148 119 69 65 41 28 26 18 6 1 3 0 1 1 2 2 0 2 1 3 0 4 0 1 3 1 0 1 4 0 1 5 5 5 3 3 3 0 0 1 2 0 0 4 1 1 0 1 1 1 1 0 1 1 0 0 0 1 1 0 1 2 0 0 2 0 1 3 0 0 1 0 0 1 3 1 0 0 0 0 0 0 1 0 1 2 0 0 0 0 1 0 0 0 0 0 1 1 0 0 0 0 0 0 0 0 0 0 0 0 0 0 0 0 0 0 0 0 0 0 0 0 0 0 0 0 0 0 0 0 0 0 0 0 0 0 0 0 0 0 0 0 0 0 0 0 0 0 0 0 0 0 0 0 0 0 0 0 0 0 0 0 0 0 
0 0 0 0 0 0 0 0 0 0 0 0 0 0 0 0 0 0 0 0 0 0 0 0 0 0 0 0 0 0 0 0 0 0 1 0 0 0 4 11 71 246 446 694 764 802 1075 1408 2440 8837 20046 6314 5354 4943 3621 3077 3612 11306 17458 15187 26589 10777 6937 2553 1268 1168 1156 1106 1166 1200 1151 1279 1192 1180 1219 1251 1184 1193 1107 1091 1092 1098 1101 1086 1084 1063 1051 1000 969 977 861 723 794 736 696 705 758 765 755 772 785 705 649 566 508 496 550 468 440 406 378 326 285 275 264 229 179 197 190 170 172 148 168 140 137 201 204 195 228 223 212 197 184 145 150 153 180 201 209 159 100 69 57 50 25 31 15 4 0 0 1 2 2 1 0 1 0 0 1 0 1 0 1 0 0 0 0 0 1 2 2 0 0 0 3 1 1 1 0 1 0 0 0 0 1 0 3 0 0 0 0 0 1 0 1 0 0 0 0 1 1 0 0 0 1 0 1 0 0 0 0 0 0 1 0 1 0 0 0 0 0 0 0 0 0 0 0 0 0 0 0 0 0 0 0 0 0 0 0 0 0 0 0 0 0 0 0 0 0 0 0 0 0 0 0 0 
0 0 0 0 0 0 0 0 0 0 0 0 0 0 0 0 0 0 0 0 0 0 0 0 0 0 0 0 0 0 0 0 0 0 0 0 0 0 0 0 0 0 0 0 0 0 0 0 0 1 1 8 50 160 378 548 633 580 633 730 1005 1528 1622 1675 1932 2034 2013 1613 1350 1275 1254 1086 957 840 834 847 866 992 996 1015 941 807 819 803 765 825 817 732 780 794 809 841 829 896 843 808 832 794 781 785 760 817 832 837 728 732 686 720 782 818 900 902 879 697 643 625 603 610 618 619 657 644 689 733 737 748 793 926 990 1284 3298 5009 3937 12562 8918 3378 2879 2611 2100 6542 27466 33426 13754 3022 376 356 257 249 268 210 183 170 135 152 133 137 178 174 141 176 138 143 153 159 170 153 153 132 135 169 159 149 122 100 103 124 105 96 75 54 22 3 7 8 5 1 2 0 2 0 3 1 1 0 1 0 2 0 2 0 0 0 0 1 0 0 0 1 0 2 0 1 0 0 0 0 0 0 1 1 0 0 1 1 0 0 0 1 0 0 1 1 0 0 0 0 0 0 0 0 0 0 0 0 0 0 0 0 0 0 0 0 0 0 0 0 


490 915 904 741 567 475 427 415 478 551 579 634 709 711 709 781 832 897 1012 1170 1343 1334 1332 1390 1424 1443 1458 1505 1344 1403 1539 1666 1934 2222 2408 2252 2265 2070 1776 1746 1677 1654 1775 1984 2065 2218 2251 2464 2614 2861 3254 4200 4424 4735 5421 5945 6841 7506 8188 8439 8957 9212 9588 9476 9309 9757 10020 10356 10876 11633 12359 12639 13660 14370 14989 16043 16417 16007 16436 16082 16738 17077 17182 17225 16878 16437 16221 15352 14101 12936 12074 10885 9846 9101 8388 7850 7938 7728 7330 6962 6453 5910 5417 4924 4496 4064 3711 3415 3185 3118 2834 2759 2510 2510 2500 2339 2063 1952 1930 2159 2047 2002 1785 1647 1430 1210 1202 1023 1040 930 968 907 925 851 839 813 771 744 692 661 663 614 579 526 550 554 542 572 598 572 588 599 669 713 721 738 759 815 1004 1122 1216 1371 1434 1417 1467 1600 1979 2294 2671 3052 3228 3542 3386 3514 3322 3227 3035 2992 2568 2174 1810 1480 1153 907 1004 991 1247 1518 1425 1142 903 532 420 303 296 221 198 175 129 110 115 92 83 73 65 75 70 71 68 66 63 62 54 63 70 53 46 47 48 41 33 30 31 30 21 23 18 31 20 20 17 16 20 5 12 7 7 9 6 9 5 18 10 10 17 10 13 12 11 16 14 21 22 12 3 0 
18 92 151 193 196 171 194 256 359 456 515 375 378 364 373 342 342 296 279 249 274 324 350 349 315 385 373 443 547 670 728 793 766 858 918 956 930 931 887 879 922 1006 1078 1079 1096 1116 1102 1087 1081 1317 1897 1649 1632 1642 1587 1491 1402 1415 1378 1382 1526 1773 2280 2629 2690 2646 2415 2228 2108 1927 1872 1931 2112 2290 2393 2504 2788 2604 2626 2716 2886 3035 3418 3671 3820 4073 4246 4314 4185 4322 4823 5790 6019 6253 6331 6340 6547 6714 6840 6889 6909 6564 6155 5924 5798 6114 6693 7244 8045 8545 9143 10110 11098 12039 12110 12571 12375 11765 11675 11263 12045 12413 13435 13654 13724 13532 13530 13347 13620 12592 12264 10776 9870 8644 8340 8196 8600 8302 8095 7814 7488 6988 6455 5904 5378 4590 4127 3445 3072 2672 2685 2487 2462 2349 1970 1829 1678 1582 1511 1390 1316 1264 1227 1329 1283 1431 1542 1679 1618 1805 1805 1803 1820 1725 1686 1562 1550 1550 1780 1851 2048 2157 2279 2422 2577 2716 3002 3377 3390 3993 3849 4068 3704 3547 3971 4695 5229 5297 5002 4391 3668 2471 1597 1207 979 809 689 713 669 534 561 520 648 932 1200 1480 1468 1270 884 572 523 488 525 465 409 310 269 208 139 55 44 26 29 21 24 19 24 21 22 14 7 14 14 7 15 10 15 11 10 13 11 14 18 21 36 108 
0 0 0 0 1 10 10 24 73 57 78 100 107 144 150 156 178 200 197 264 364 404 427 436 467 502 459 475 463 415 397 410 374 460 426 487 535 500 556 604 726 790 833 886 909 912 1014 940 915 843 825 882 961 1024 992 967 930 932 1001 952 1013 1082 1024 993 944 952 1040 1017 984 991 991 1025 976 1137 1132 1268 1160 1190 1255 1482 1648 1630 1622 1613 1807 2020 2132 2631 2683 2523 2355 2147 2045 1906 1837 1704 1707 1797 1728 1781 1890 2010 2121 2175 2135 2107 2052 2115 2167 2183 2176 2368 2426 2514 2780 2982 3180 3409 3768 4099 4612 5201 5460 5697 5446 5208 5129 5410 6188 6226 6652 6833 6829 6714 6998 7133 7018 7132 7065 6750 6841 6818 7815 8777 9717 10388 11080 10858 11117 11622 11832 11882 12060 11823 11353 10870 11124 12102 12634 12379 12206 12140 11714 11493 11328 10420 9943 8956 8228 7537 7287 7716 8056 7897 7965 7558 7263 6482 6065 5456 5070 4689 4309 3915 3697 3439 3411 3376 3269 2938 2826 2722 2822 3187 3395 3625 3528 3365 3390 3468 3454 3360 3354 3256 3436 3876 4374 4215 4224 4232 4358 4515 3937 3026 1704 986 609 606 573 599 548 504 477 465 466 424 448 637 973 1102 1289 1103 674 464 573 475 397 413 354 361 276 219 177 189 203 141 124 112 82 23 20 22 14 22 27 164 


