0
725 370 360 380 378 404 385 473 524 586 606 664 669 791 879 1020 1303 1660 1914 2406 2982 3649 4312 4977 6386 8736 9360 13306 10084 11082 8295 8526 8287 8442 7442 8258 6231 5422 4476 3713 2819 2680 2170 1775 1408 1206 1031 958 786 823 741 651 569 562 468 473 422 428 403 381 365 324 287 291 274 247 255 268 273 272 227 234 208 226 187 200 189 200 176 180 195 182 189 157 166 167 172 147 170 171 193 163 170 169 154 131 176 179 158 162 167 186 147 134 173 145 176 170 139 159 134 159 136 155 143 124 172 136 139 197 187 187 265 161 157 172 326 180 143 140 119 126 108 101 118 136 124 115 114 110 107 101 94 84 92 90 69 104 92 85 79 86 68 85 76 78 63 69 78 69 81 71 77 77 70 86 79 71 71 67 71 63 57 81 72 75 71 100 87 83 83 74 85 92 91 67 86 79 92 78 66 81 53 58 52 39 45 53 37 41 38 32 27 36 32 38 38 36 23 19 20 19 19 22 15 11 13 16 18 12 21 14 19 25 16 11 20 20 21 17 23 12 13 16 27 29 31 43 47 46 37 43 32 41 33 46 26 48 31 46 57 62 64 67 64 190 
64 80 94 86 96 119 145 191 227 256 287 293 329 379 426 561 539 543 662 619 643 743 707 804 961 947 1034 1156 1496 1495 1544 1471 1386 1237 1197 1043 1004 934 935 975 976 1113 1065 1218 1253 1194 1227 1304 1449 1423 1428 1423 1150 1011 892 751 726 607 534 509 504 488 391 474 405 369 376 375 384 363 324 297 299 288 274 256 225 278 239 315 304 313 340 395 460 443 517 542 603 650 596 814 842 802 812 752 794 843 928 1135 1192 1011 1402 1638 1825 1555 1852 2714 3142 3060 4883 6633 7620 5108 6976 4336 2667 1892 2140 2427 1981 1985 2231 2657 2697 2183 3553 3205 2784 2566 2722 2620 2656 2275 2575 2326 1745 1664 1643 1512 1149 870 914 739 734 754 776 697 567 680 470 429 269 275 158 139 121 97 113 99 115 98 104 100 94 108 90 87 95 97 104 93 118 122 91 109 112 116 118 111 100 86 102 89 91 112 98 106 95 111 97 105 107 102 104 122 73 99 73 81 69 73 67 54 70 60 63 67 66 67 71 51 67 62 69 73 76 69 56 69 67 60 47 73 59 63 58 46 58 74 56 64 76 98 87 99 122 97 103 110 100 109 122 119 109 110 123 156 160 181 204 225 312 570 741 1339 
8 12 6 10 15 27 29 59 77 113 121 184 220 237 213 237 277 271 255 301 247 345 327 248 237 173 115 124 110 78 91 86 96 80 82 68 99 71 81 87 82 83 74 88 87 87 110 109 120 107 113 136 137 158 183 170 177 146 164 147 156 152 140 152 131 156 160 185 236 244 229 306 284 279 299 291 316 355 468 528 656 807 850 909 820 876 812 763 824 893 861 920 1064 984 852 801 677 673 578 563 584 545 531 552 549 493 506 545 518 614 543 639 553 491 422 429 444 414 479 554 508 591 655 711 777 942 903 932 1105 1045 1035 1012 1063 1135 1142 1412 1274 1342 1523 1541 1306 1651 2104 2415 1825 2806 3322 2494 4289 4601 5496 5785 7520 5220 6640 4581 3320 2673 2579 2992 2224 2859 3185 3093 2369 3700 3353 2921 2218 2783 3034 2062 2817 2737 2020 1824 1911 1607 1203 1244 1193 1084 752 889 799 694 794 824 748 606 633 532 468 341 258 196 141 100 104 116 93 117 85 74 98 75 65 76 76 81 87 85 83 82 85 68 66 79 67 73 76 95 100 107 125 127 106 116 93 100 92 78 88 83 91 85 91 99 100 109 123 109 127 112 132 159 150 153 184 233 240 363 520 352 548 590 


89 52 40 47 67 49 58 62 77 66 106 133 130 181 204 195 215 176 202 171 167 146 153 185 164 202 229 241 269 494 1079 2610 7215 15822 23739 42653 40812 45788 35241 29116 20911 20557 19586 17318 16720 20729 17169 18065 19775 18568 15599 16741 18845 12447 17787 15668 16768 16139 17226 18893 21508 18732 16083 13750 13994 14320 13203 14359 8552 11029 7700 6403 3528 2435 1529 1096 914 913 1120 1202 1254 1450 1486 1374 1199 1186 953 803 661 410 271 204 92 53 35 23 15 15 18 29 23 22 32 22 20 37 22 25 31 29 37 27 46 38 37 44 35 35 45 40 47 64 74 94 95 136 185 261 231 338 328 349 413 465 394 311 288 220 198 172 233 124 95 93 56 51 40 22 22 22 6 17 10 14 10 11 17 10 10 12 12 15 11 12 17 15 22 8 8 15 18 10 14 8 10 15 15 9 14 15 9 13 19 15 17 14 20 15 22 22 26 23 23 23 19 29 26 31 28 30 29 28 25 37 28 27 22 37 27 27 20 17 20 22 33 17 20 31 24 40 61 128 204 134 382 316 237 211 139 293 121 203 40 34 11 1 0 0 1 0 0 0 0 0 0 0 0 0 0 0 0 0 0 0 0 0 
1 0 0 0 1 0 2 3 3 4 6 8 10 12 9 8 13 11 27 31 58 74 119 136 192 254 276 248 237 202 172 131 126 128 75 65 74 49 39 41 34 32 41 35 35 47 43 45 31 40 34 39 41 43 46 60 79 98 118 182 223 373 568 941 1239 1798 2345 2214 2229 2059 1757 1691 1702 1689 1666 1431 1300 1077 721 609 376 262 128 109 74 56 46 53 47 62 35 57 46 54 69 57 63 66 68 75 72 72 98 100 90 101 102 132 145 136 135 151 139 176 231 380 571 887 1449 2502 3159 5099 8003 11665 13598 13236 16930 14541 12999 9177 12320 12035 11632 11254 13484 13961 11868 10603 10207 9204 5933 6395 5436 5519 5643 7630 8623 8224 6659 9409 10491 11517 8056 10679 11011 8409 9727 11467 12263 10865 10296 13198 10270 9853 6469 8173 9339 6712 10588 11437 9839 8469 10967 10501 8942 8172 9430 9010 10831 10055 11954 12021 10723 8212 10846 10955 8896 7924 9839 7164 7533 10071 10547 9116 10407 6993 5160 1914 1301 353 225 63 32 32 21 28 25 23 25 32 23 24 24 42 35 19 28 18 31 28 28 21 24 16 26 31 21 48 67 87 142 235 275 515 336 157 133 211 269 48 19 4 1 1 0 0 0 0 0 0 0 0 0 0 0 0 
0 0 0 1 0 2 1 4 1 2 7 8 4 4 6 6 7 6 6 9 18 25 30 45 62 99 129 149 228 202 247 212 174 142 107 86 57 42 32 37 39 35 24 34 34 37 39 30 38 30 43 38 53 44 70 74 106 130 189 260 401 684 1091 1518 2132 2769 2685 2587 2521 2216 1975 1542 1338 1084 706 599 569 432 391 281 117 102 60 46 37 46 39 46 37 40 46 28 39 44 36 46 45 45 44 50 53 57 46 36 54 39 55 46 53 61 71 66 60 67 81 69 65 60 73 72 86 87 95 105 116 125 154 216 218 275 285 339 340 406 467 482 344 366 353 373 304 244 208 151 166 139 143 108 99 107 143 170 244 363 611 893 1467 2374 3252 5394 8793 12164 10192 15443 11202 11830 10847 11655 7935 11005 11935 7546 11147 11537 10299 8613 10873 8907 6157 7379 6317 6613 4292 5883 6136 5236 6716 7841 7842 6139 7654 8859 10074 9498 9639 11624 8691 8122 9543 10205 11450 7508 14067 11547 10524 6758 9156 9666 6321 9095 10637 9714 7172 11762 11609 10418 8987 12322 12967 8259 11617 13279 10402 9018 12301 11258 9259 7724 9434 10003 5547 10249 12145 9389 6620 9637 6875 3115 5054 4562 2097 536 363 75 27 13 1 0 0 0 0 0 0 0 0 0 


