1
0 0 0 0 0 0 0 0 0 0 0 0 0 0 0 0 0 0 0 0 0 21 61 185 403 633 937 1352 1785 2440 3236 3362 3222 3126 2954 2658 2343 2090 2032 2034 1977 2104 2128 1998 2052 2152 2259 2303 2390 2570 2570 6723 22450 6801 4402 5119 4501 3260 12810 26903 26408 19838 14664 10997 2491 1112 901 790 683 576 542 448 419 348 317 255 237 159 129 126 106 84 55 42 43 26 21 26 16 11 15 8 13 8 7 12 5 0 0 0 1 3 0 0 0 1 0 0 0 0 0 0 0 0 0 0 0 0 0 0 0 0 0 0 0 0 0 0 0 0 0 0 0 0 0 0 0 0 0 0 0 0 0 0 0 0 0 0 0 0 0 0 0 0 0 0 0 0 0 0 0 0 0 0 0 0 0 0 0 0 0 0 0 0 0 0 0 0 0 0 0 0 0 0 0 0 0 0 0 0 0 0 0 0 0 0 0 0 0 0 0 0 0 0 0 0 0 0 0 0 0 0 0 0 0 0 0 0 0 0 0 0 0 0 0 0 0 0 0 0 0 0 0 0 0 0 0 0 0 0 0 0 0 0 0 0 0 0 0 0 0 0 0 0 0 0 
0 0 0 0 0 0 0 0 0 0 0 0 0 0 0 0 0 0 0 0 0 0 0 0 0 0 0 0 0 0 0 0 0 0 10 82 169 272 495 673 839 1301 1458 1985 2706 2766 2600 2696 2847 3099 7890 20092 7249 4685 5153 3707 10098 22282 25169 18910 15055 13447 10230 1719 1570 1865 1879 1822 1604 1623 1715 1677 1583 1587 1680 1804 1779 1737 1609 1579 1460 1204 1148 1177 1053 1044 1058 1015 957 849 747 643 560 539 440 402 446 393 356 300 234 205 181 127 124 109 90 102 76 73 86 69 52 51 49 40 21 7 5 0 0 0 0 0 0 0 0 0 0 0 0 0 0 0 0 0 0 0 0 0 0 0 0 0 0 0 0 0 0 0 0 0 0 0 0 0 0 0 0 0 0 0 0 0 0 0 0 0 0 0 0 0 0 0 0 0 0 0 0 0 0 0 0 0 0 0 0 0 0 0 0 0 0 0 0 0 0 0 0 0 0 0 0 0 0 0 0 0 0 0 0 0 0 0 0 0 0 0 0 0 0 0 0 0 0 0 0 0 0 0 0 0 0 0 0 0 0 0 0 0 0 0 0 0 0 0 0 0 0 0 0 0 0 0 0 0 
0 0 0 0 0 0 0 0 0 0 0 0 0 0 0 0 0 0 0 0 0 0 0 0 0 0 0 0 0 0 0 0 0 0 0 0 0 0 0 0 0 0 0 0 7 19 51 188 305 337 506 535 828 1203 1444 1802 2477 2445 2412 2309 2405 2206 2020 1679 1362 1017 905 886 900 1049 1062 1044 1014 940 953 930 914 865 837 1012 1028 1100 1125 1189 1075 1097 1138 1164 1040 1164 1359 1389 1411 1334 1287 1230 1309 1415 1198 1124 1161 1234 1228 1048 1020 983 946 875 789 778 666 595 504 507 467 479 428 456 444 408 367 353 296 298 271 307 299 329 347 325 411 475 1187 4787 4398 6251 15926 3675 2789 2396 2118 4769 44181 43079 12892 1075 147 89 69 56 62 37 45 34 30 15 19 11 5 1 2 2 1 0 0 1 0 1 1 0 0 0 0 0 0 0 0 0 0 0 0 0 0 0 0 0 0 0 0 0 0 0 0 0 0 0 0 0 0 0 0 0 0 0 0 0 0 0 0 0 0 0 0 0 0 0 0 0 0 0 0 0 0 0 0 0 0 0 0 0 0 0 0 0 0 0 0 0 0 0 0 0 0 0 0 0 0 0 0 0 0 0 0 0 0 0 


411 614 934 999 956 877 926 994 1138 1348 1608 2133 2244 1698 1258 1078 900 832 819 775 787 914 1039 1121 1055 1130 1183 1495 1488 1334 1152 1312 1531 1474 1528 1414 1303 1162 1119 1113 1122 1131 1297 1411 1617 1681 1976 2181 2377 2573 2841 3648 4814 5224 5653 6429 7393 7886 8790 9453 10457 11251 11864 11657 11965 12278 12981 13734 15224 16548 17576 17237 17346 17502 17654 17575 17262 16768 15760 15062 14557 13812 12839 11935 11921 11287 10751 10210 9698 9152 8499 7549 7000 6080 5454 4733 4113 3525 3043 2704 2491 2287 2209 2054 1937 1817 1718 1477 1416 1327 1340 1314 1302 1190 1236 1256 1224 1213 1229 1294 1251 1192 1275 1277 1278 1270 1307 1241 1210 1232 1238 1116 1084 1082 1080 1109 1150 1141 1114 1141 1195 1157 1132 1146 1213 1240 1326 1383 1391 1432 1349 1378 1550 1561 1759 2342 2605 3193 3704 3955 4393 5336 5646 5642 5004 4385 3570 3181 2974 2300 1731 1223 853 778 803 846 791 788 828 722 744 793 769 792 717 728 736 738 732 690 710 766 725 770 763 789 812 810 804 783 715 643 658 610 612 627 549 538 491 469 436 412 375 314 322 288 221 202 162 141 130 144 152 131 138 142 137 150 114 114 113 105 110 109 97 102 91 77 87 113 109 116 171 157 222 285 353 276 330 359 331 243 146 68 53 0 
30 134 203 243 251 346 604 719 763 1059 971 853 818 694 623 576 688 980 1421 1754 1575 995 558 475 429 489 587 637 570 506 534 603 663 634 699 716 757 721 656 766 816 936 864 787 758 801 763 816 905 1097 1416 2213 1843 1905 1866 1786 1791 1760 1423 1231 1077 1059 1126 1193 1229 1251 1426 1417 1331 1177 1265 1318 1187 1187 1362 1497 1633 1742 1861 2207 2603 3002 3130 3281 3757 4209 4558 5134 5742 6363 7142 7746 8005 8153 8098 8169 8723 9391 10037 11057 11954 12340 12740 13474 13211 13020 13663 13533 13635 13512 13391 12962 11799 11401 11336 11589 12409 12998 13991 13361 12588 11806 11943 11596 11041 10427 9385 9013 8699 7493 6708 6064 5666 5075 4795 4477 4312 3810 3442 3109 2828 2536 2417 2141 1988 1926 1920 1728 1714 1593 1554 1512 1577 1446 1391 1395 1424 1377 1461 1428 1437 1446 1426 1389 1426 1435 1241 1281 1298 1403 1404 1620 1592 1687 1740 2096 2323 2969 3571 4078 4010 4499 5494 6288 5694 4532 4302 4453 4613 3737 2850 2068 1631 1321 1211 1217 1080 1056 912 776 704 695 617 585 566 685 772 885 671 560 458 420 401 394 387 347 296 288 224 243 201 207 225 211 156 155 124 131 138 145 121 130 132 118 128 169 289 302 436 589 367 199 118 52 16 2 0 0 0 0 0 0 0 0 0 0 
0 4 10 84 96 122 254 261 391 485 597 691 718 617 540 528 801 1028 1062 1281 1535 1224 737 589 528 464 412 393 320 324 337 324 288 266 270 293 311 370 426 488 501 549 608 611 672 681 701 671 685 708 676 691 713 669 638 611 578 574 590 610 647 670 655 704 718 735 925 920 1092 1161 1017 1001 883 916 989 1175 1208 1201 1304 1368 1282 1055 936 839 755 687 742 742 751 732 832 809 785 831 884 903 951 1162 1342 1428 1576 1812 1911 2067 2209 2259 2337 2356 2475 2448 2661 2876 2982 3261 3888 4506 4998 5711 6132 6715 7297 7889 8105 8043 7683 7669 8233 8959 10306 10793 11751 12008 12523 13198 13618 13144 13201 12594 12466 12206 11897 11486 10925 10486 10682 11322 12360 12027 12347 12567 12718 12741 12755 12323 11458 10296 9342 8538 8055 7605 6967 6788 6821 6747 6695 6114 5789 5555 5330 4985 4618 4248 3903 3443 3234 2968 2710 2467 2217 2156 2051 1981 1916 1890 1786 1832 1946 2032 2175 2250 2591 2865 3237 3742 4094 4742 5232 5169 4591 4315 4553 4691 4322 3797 3003 2472 1478 1084 859 815 870 822 780 758 590 610 632 639 659 566 503 572 549 555 641 563 572 486 525 429 471 504 624 600 493 276 147 105 63 46 34 13 6 2 1 0 0 0 0 0 0 0 0 0 0 0 


