1
0 0 0 0 0 0 0 0 0 0 0 0 0 0 0 0 0 0 0 0 0 0 0 0 0 1 14 30 90 173 281 420 609 752 931 1291 1811 2021 2351 2583 2777 2792 2754 3045 13721 11971 4540 5302 5658 50996 48651 13764 1953 1981 1918 1939 1874 1849 1813 1815 1655 1669 1568 1458 1243 1179 1043 993 924 839 727 616 458 415 393 351 336 309 221 183 159 121 104 88 63 45 35 26 21 14 9 9 3 0 0 0 0 0 0 0 0 0 0 0 0 0 0 0 0 0 0 0 0 0 0 0 0 0 0 0 0 0 0 0 0 0 0 0 0 0 0 0 0 0 0 0 0 0 0 0 0 0 0 0 0 0 0 0 0 0 0 0 0 0 0 0 0 0 0 0 0 0 0 0 0 0 0 0 0 0 0 0 0 0 0 0 0 0 0 0 0 0 0 0 0 0 0 0 0 0 0 0 0 0 0 0 0 0 0 0 0 0 0 0 0 0 0 0 0 0 0 0 0 0 0 0 0 0 0 0 0 0 0 0 0 0 0 0 0 0 0 0 0 0 0 0 0 0 0 0 0 0 0 0 0 0 0 0 0 0 0 0 0 0 0 0 
0 0 0 0 0 0 0 0 0 0 0 0 0 0 0 0 0 0 0 0 0 0 0 0 0 0 0 1 0 1 1 0 0 1 0 1 15 26 12 36 54 115 443 6422 14473 3914 4640 17385 63512 28194 6031 2082 2222 2137 2588 2814 2870 2546 2371 2142 1787 1444 1319 1132 1237 1095 1043 1079 1034 1053 1050 959 1033 955 1023 1098 1133 1293 1279 1237 1325 1301 1138 1127 1041 972 1021 1024 1165 1103 938 790 816 831 784 756 705 671 539 386 355 312 295 276 246 249 281 232 184 129 99 93 66 51 30 33 19 14 9 8 2 0 0 0 0 0 0 0 0 0 0 0 0 0 0 0 0 0 0 0 0 0 0 0 0 0 0 0 0 0 0 0 0 0 0 0 0 0 0 0 0 0 0 0 0 0 0 0 0 0 0 0 0 0 0 0 0 0 0 0 0 0 0 0 0 0 0 0 0 0 0 0 0 0 0 0 0 0 0 0 0 0 0 0 0 0 0 0 0 0 0 0 0 0 0 0 0 0 0 0 0 0 0 0 0 0 0 0 0 0 0 0 0 0 0 0 0 0 0 0 0 0 0 0 0 0 0 0 0 0 0 0 0 0 0 0 
0 0 0 0 0 0 0 0 0 0 0 0 0 0 0 0 0 0 0 0 0 0 0 0 0 0 0 0 0 0 0 0 0 0 0 0 0 0 0 0 0 0 0 0 0 0 0 0 0 0 0 0 0 0 0 7 58 183 354 402 534 709 826 1177 1582 1787 2097 2396 2308 2133 2075 1836 1524 1264 1112 1045 903 884 843 759 905 867 857 770 758 766 787 800 755 876 861 857 933 915 994 942 1047 1089 1072 950 1001 933 980 856 892 906 963 945 1041 917 963 945 793 827 776 898 2617 5212 3725 11671 6320 2924 2957 4997 72833 33352 1365 452 405 333 291 255 207 155 143 94 64 57 40 14 12 9 6 3 0 0 0 0 0 0 0 0 0 0 0 0 0 0 0 0 0 0 0 0 0 0 0 0 0 0 0 0 0 0 0 0 0 0 0 0 0 0 0 0 0 0 0 0 0 0 0 0 0 0 0 0 0 0 0 0 0 0 0 0 0 0 0 0 0 0 0 0 0 0 0 0 0 0 0 0 0 0 0 0 0 0 0 0 0 0 0 0 0 0 0 0 0 0 0 0 0 0 0 0 0 0 0 0 0 0 0 0 0 0 0 0 


593 306 154 123 125 130 141 153 173 175 203 229 278 250 243 238 252 319 352 453 591 699 727 889 1368 1658 2251 2995 3648 4123 4599 4803 5349 5327 5604 5859 5898 6271 5800 5705 5669 5504 5545 5929 7226 7692 7621 7006 6898 7092 7838 7798 8039 7745 7099 6621 6166 5892 6038 5993 6069 5671 5936 5826 6003 5934 5794 5907 6294 6710 6838 7042 7418 7326 7416 7491 7942 7927 8535 9137 9820 9811 9878 9951 10295 10515 10558 11068 11398 11611 11689 11052 10880 10362 10183 10202 10476 10526 10626 10205 9918 9565 9315 8735 9006 8989 9511 9364 8968 8717 8507 8127 7635 7079 7226 6816 6821 6571 5777 5123 4411 3709 3172 2714 2314 1768 1536 1290 1015 687 552 515 439 364 335 289 333 274 193 172 174 141 152 157 153 151 187 178 207 229 239 251 326 387 423 449 461 432 441 424 587 583 605 674 775 689 790 845 922 951 987 910 895 885 978 783 671 622 635 731 829 867 842 825 818 784 667 495 440 365 265 219 227 226 190 242 245 233 259 209 253 206 231 219 240 259 228 213 223 226 209 214 232 240 218 247 225 240 197 234 216 225 250 254 194 191 146 128 135 120 100 111 115 108 90 66 71 47 38 35 31 23 13 17 6 2 0 0 0 0 0 0 0 0 0 0 
99 167 151 130 103 94 83 78 92 74 69 64 74 72 67 95 119 114 114 147 124 147 174 194 231 251 217 210 240 236 249 294 359 436 535 527 564 616 857 1063 1297 1621 1993 2553 3161 3377 3605 4240 5256 4678 4358 4035 3623 4035 4243 4398 4570 4794 4918 4857 4821 4684 4972 4897 5135 5923 6240 6186 6084 6113 5726 5022 5161 5530 6117 5888 5670 5249 4861 4275 3675 3417 3507 3491 3710 3753 3802 3786 3420 3154 3077 3249 3880 4118 3993 4074 4320 4812 4769 4549 4717 4763 5078 5614 5816 5980 6160 5939 5550 5548 6314 6712 7206 7621 8019 8173 8769 8747 8732 7779 7634 8206 9045 10097 10725 11286 10237 9995 10335 10365 10617 10381 11427 10627 10277 10049 9756 8499 7943 7794 8576 9031 9565 9269 8303 7345 7911 7324 7243 7138 7389 7582 7791 8055 6785 6140 5348 4455 3976 3886 4125 3647 3096 2624 2306 1782 1522 1309 1370 1423 1393 1162 1074 935 769 592 649 671 727 921 862 855 865 933 831 684 702 849 1012 861 865 991 716 490 330 284 213 188 189 173 149 137 133 101 118 103 86 75 52 47 35 28 19 26 18 27 17 14 11 14 20 7 13 8 7 7 4 6 5 5 11 5 7 3 7 8 4 5 7 3 9 5 0 0 0 0 0 0 0 0 0 0 0 0 0 0 
0 0 1 3 5 4 3 6 17 35 33 52 67 72 86 76 70 81 82 88 73 95 96 90 97 91 100 116 109 118 114 134 113 117 129 176 187 220 193 193 211 210 213 247 239 266 306 368 395 420 559 677 664 806 968 1246 1444 1521 1897 1967 2360 2728 3056 3228 3292 3188 3180 3038 3134 3197 3142 3410 3667 3518 3602 3698 3682 3733 4054 4474 4715 4794 4554 4252 4235 4460 4475 4727 5073 5318 5583 5210 4886 4579 3924 3680 3779 3992 4027 3778 3663 3459 3391 2978 3132 3241 3482 3692 3878 3808 3464 3031 2741 2528 2495 2563 2880 3415 3455 3713 3851 3685 3852 4075 4349 4397 4497 4640 4752 4577 4878 4517 4741 4923 5194 5443 5817 5601 5434 6151 6247 6366 6721 6965 7281 7547 8051 8201 8411 8279 8614 8232 8457 9183 9567 9612 10251 9892 9710 9228 9063 9077 10039 10336 10533 10118 10034 9473 8999 8433 8361 8333 9233 9385 9754 9710 9466 9287 8347 7689 8072 7977 8433 8034 8138 7809 7000 6181 5358 4811 4412 4166 3632 3023 2481 2103 1954 1597 1252 1132 809 544 326 210 103 51 16 21 11 7 6 6 6 3 3 3 2 5 3 8 6 3 5 5 6 7 5 8 7 9 6 11 12 11 13 18 17 14 15 11 9 6 5 8 4 14 5 4 11 5 6 8 9 5 0 0 


