1
0 0 0 0 0 0 0 0 0 0 0 0 0 0 0 0 0 0 0 0 0 0 0 0 27 74 150 244 307 376 539 884 1472 1481 1513 1675 2088 2137 2129 1876 2224 2404 2937 13340 11867 4242 4521 4914 34541 44532 17422 2823 1570 1465 1346 1131 1097 1079 1114 1158 1137 1091 1096 1003 929 930 822 742 696 616 546 485 457 450 415 326 244 169 116 92 73 47 41 35 35 36 24 8 0 0 0 0 0 0 0 0 0 0 0 0 0 0 0 0 0 0 0 0 0 0 0 0 0 0 0 0 0 0 0 0 0 0 0 0 0 0 0 0 0 0 0 0 0 0 0 0 0 0 0 0 0 0 0 0 0 0 0 0 0 0 0 0 0 0 0 0 0 0 0 0 0 0 0 0 0 0 0 0 0 0 0 0 0 0 0 0 0 0 0 0 0 0 0 0 0 0 0 0 0 0 0 0 0 0 0 0 0 0 0 0 0 0 0 0 0 0 0 0 0 0 0 0 0 0 0 0 0 0 0 0 0 0 0 0 0 0 0 0 0 0 0 0 0 0 0 0 0 0 0 0 0 0 0 0 0 0 0 0 0 0 0 0 0 0 0 0 
0 0 0 0 0 0 0 0 0 0 0 0 0 0 0 0 0 0 0 0 0 0 0 0 0 0 0 0 0 0 0 0 0 0 3 3 13 22 48 118 303 1334 6513 15358 3824 4459 13098 37323 28360 17932 6779 2419 2200 1890 1881 1888 2042 1740 1486 1440 1347 1451 1263 1171 967 759 794 734 895 918 936 917 811 855 891 853 743 706 650 685 778 802 747 751 779 731 736 737 745 760 715 766 627 629 552 526 465 476 412 366 304 251 237 147 102 68 81 62 41 37 29 30 35 8 5 1 0 0 0 0 0 0 0 0 0 0 0 0 0 0 0 0 0 0 0 0 0 0 0 0 0 0 0 0 0 0 0 0 0 0 0 0 0 0 0 0 0 0 0 0 0 0 0 0 0 0 0 0 0 0 0 0 0 0 0 0 0 0 0 0 0 0 0 0 0 0 0 0 0 0 0 0 0 0 0 0 0 0 0 0 0 0 0 0 0 0 0 0 0 0 0 0 0 0 0 0 0 0 0 0 0 0 0 0 0 0 0 0 0 0 0 0 0 0 0 0 0 0 0 0 0 0 0 0 0 0 0 0 0 0 0 0 0 0 0 0 
0 0 0 0 0 0 0 0 0 0 0 0 0 0 0 0 0 0 0 0 0 0 0 0 0 0 0 0 0 0 0 0 0 0 0 0 0 0 0 0 0 0 0 0 0 0 0 0 0 0 8 53 218 372 382 467 770 891 1043 1124 1098 1115 1475 1818 1818 1652 1521 1529 1589 1339 1215 1140 1067 1179 1035 1002 859 751 588 557 580 599 726 668 685 676 770 735 826 715 652 695 682 676 597 563 607 710 695 667 646 638 663 668 685 639 662 735 841 741 783 768 769 1336 4063 4028 5888 11646 3683 2584 2407 2508 41456 46498 5723 304 178 136 150 110 70 61 38 15 14 10 5 4 2 1 0 4 1 0 0 0 0 0 0 0 0 0 0 0 0 0 0 0 0 0 0 0 0 0 0 0 0 0 0 0 0 0 0 0 0 0 0 0 0 0 0 0 0 0 0 0 0 0 0 0 0 0 0 0 0 0 0 0 0 0 0 0 0 0 0 0 0 0 0 0 0 0 0 0 0 0 0 0 0 0 0 0 0 0 0 0 0 0 0 0 0 0 0 0 0 0 0 0 0 0 0 0 0 0 0 0 0 0 0 0 0 0 0 0 0 0 


176 257 335 259 263 274 313 337 327 327 349 423 470 543 652 678 712 822 990 957 1176 1369 1523 1876 2692 3460 4149 4755 5603 5940 6011 6306 6735 6983 7312 7971 7826 6908 6089 5422 4865 4599 4027 4765 5052 4529 4356 4139 4079 4149 4240 4368 4679 4959 5182 5250 5565 5942 6737 7165 7560 7849 8436 7989 8341 8657 9196 9449 9309 9124 9298 9683 10180 10487 10801 10588 11068 10877 10798 10672 10733 10264 10360 10137 10346 10507 11065 11169 11052 11287 11269 11567 11537 11177 10795 10328 10068 9804 10180 9853 9684 9739 9476 9041 8655 7924 7438 6774 6005 5568 5452 5324 5423 5326 4994 4854 4527 4364 4261 3967 3553 3026 2670 2309 1977 1652 1462 1187 870 537 377 268 210 160 170 173 161 108 154 126 126 140 145 143 144 150 172 162 164 206 220 209 245 311 333 475 598 747 946 840 808 711 728 930 1029 1276 1433 1448 1374 1421 1395 1507 1218 1165 1152 1132 1060 1076 1111 1095 1160 1137 1029 829 929 701 699 674 599 599 678 883 852 919 824 806 687 595 533 339 180 106 106 93 93 99 97 83 97 82 64 78 60 66 63 51 67 61 66 67 80 108 91 88 108 95 105 131 150 192 219 225 275 339 264 235 277 251 250 309 408 567 600 324 177 53 0 0 0 0 0 0 0 0 0 0 
2 43 102 95 124 101 140 228 241 268 256 240 233 268 239 240 230 279 302 303 314 275 340 460 610 801 790 774 750 715 687 683 888 1269 1578 2305 2572 3008 3428 3564 3730 4143 4866 5685 5353 5209 5262 5387 5685 5222 4794 4348 3857 3841 4045 4028 3623 3929 3768 3740 3439 3542 3436 3421 2927 2590 2613 2755 2944 3165 3362 3700 4103 4621 4776 4768 4777 4387 4087 3930 4030 4326 4545 4331 4368 4236 4415 4407 4561 4645 4661 4355 4701 5217 6130 6062 6498 6840 6697 6528 6964 7308 7332 6977 6859 6797 7133 7650 8258 8820 8902 9108 9250 9608 9384 9163 9050 8994 8497 7951 8120 8632 9452 9887 10372 10651 10685 10571 11472 11344 10566 9554 8750 8219 8588 8873 8971 8891 8628 8322 7902 7518 7136 6692 6230 5407 4847 4678 4840 5085 5186 5001 5061 4886 4332 4010 3922 3719 3436 2829 2470 2016 1724 1775 1759 1742 1708 1653 1616 1590 1806 1677 1517 1338 1354 1597 1745 1919 1671 1719 1336 1094 1095 1024 928 848 943 779 843 926 1054 1198 963 950 1069 1088 1024 959 702 573 430 368 367 222 90 82 96 87 65 82 83 70 54 57 63 78 92 92 99 88 90 138 171 184 164 235 174 196 364 433 657 711 763 649 436 288 86 18 0 0 0 0 0 0 0 0 0 0 0 0 0 0 0 0 0 0 
0 0 0 0 0 0 0 1 10 28 25 42 99 89 147 198 181 211 218 232 267 288 296 276 237 260 243 207 252 229 323 328 419 418 379 412 423 508 559 640 780 1066 1323 1650 1787 1960 2363 2643 2672 2842 3002 3312 3930 3870 3796 3706 3521 3473 3392 3298 3133 2894 2761 2837 3325 3583 3457 3371 3365 3498 3381 3137 2791 2757 2640 2654 2730 2958 3115 2932 2977 3017 2910 2826 2705 2634 2560 2364 2712 3116 3515 4045 4588 4617 4469 4305 4156 3772 3535 3270 3201 3272 3389 3465 3318 3187 3438 3790 3793 3644 3773 3950 4275 4277 4534 5063 5335 6201 6097 5977 5937 5990 6585 6899 6966 6275 5792 5648 6043 6343 7197 7259 7464 8029 8110 8196 8077 7803 7643 7960 7707 7515 7578 7510 7688 7602 7900 7942 8040 8022 8038 8136 8106 8385 8349 8229 9620 9514 9705 9871 9823 9479 9828 9868 9519 8973 8277 7448 7027 7094 7373 7716 7706 7478 7418 6919 7000 6963 7133 6683 5989 5445 5030 5034 4807 4634 4553 4023 3555 3025 2498 2004 1696 1463 1137 894 1017 1002 851 731 766 825 957 1058 1012 947 576 374 313 147 85 84 83 77 58 77 87 98 115 120 143 154 228 303 549 658 640 463 584 812 734 401 99 5 0 0 0 0 0 0 0 0 0 0 0 0 0 0 0 0 0 0 0 0 0 0 


