1
3684 82 55 38 26 33 30 20 25 18 13 22 46 2877 66 46 61 39 42 42 65 51 9032 577 467 484 471 463 1584 577 549 601 516 671 1902 729 709 698 1444 636 595 623 1272 497 610 559 810 247 212 237 220 214 204 213 189 198 177 188 207 196 155 185 201 155 172 178 171 175 173 181 169 171 188 206 193 175 167 181 176 201 211 214 178 212 176 174 200 226 280 229 232 445 1869 657 3940 1474 8852 5931 476 1036 514 279 291 293 314 288 304 299 316 289 317 337 298 335 342 309 301 284 304 288 311 293 285 286 298 275 312 297 310 300 294 304 299 276 327 327 289 318 310 306 319 347 362 311 299 281 261 282 279 292 252 240 271 267 296 280 298 281 282 303 303 306 361 352 379 417 430 482 468 482 563 554 556 515 551 594 593 718 693 683 729 661 636 491 634 745 924 242 306 348 799 298 63 53 59 61 53 70 65 74 79 81 74 69 90 74 79 74 79 82 111 91 85 103 140 191 144 124 75 110 116 129 125 96 91 83 94 39 12 5 10 11 9 13 6 11 11 10 9 9 22 6 2 0 2 0 0 0 0 0 0 0 0 0 0 0 
3653 83 48 38 21 34 26 15 27 19 18 17 47 2828 69 41 51 44 34 34 61 53 4134 197 160 192 175 220 4263 633 610 632 486 602 1318 613 597 568 1070 574 570 584 1288 646 745 750 1436 516 469 450 552 423 440 549 341 347 444 282 286 281 192 191 198 174 199 181 170 193 168 190 193 189 169 185 193 214 176 179 190 184 238 217 202 202 194 178 191 213 263 210 243 328 613 409 2449 987 8159 9336 776 1513 663 284 255 316 297 303 322 282 314 333 306 311 372 279 340 339 319 316 296 305 310 332 307 312 284 310 307 328 323 313 334 308 324 334 290 323 326 310 303 317 302 287 282 313 276 299 275 279 268 304 271 277 247 267 270 308 284 286 294 286 293 293 309 371 339 394 386 406 457 442 491 558 501 536 541 539 540 600 712 700 717 678 736 656 522 605 774 916 542 296 367 495 776 64 71 62 67 71 73 78 93 81 91 100 68 99 93 88 87 84 108 109 106 101 127 130 171 170 82 126 106 113 115 126 107 102 86 83 77 13 17 10 7 16 10 7 12 7 10 9 13 14 16 8 4 2 0 0 0 0 0 0 0 0 0 0 
3645 83 46 39 23 25 32 16 23 23 18 19 50 2804 72 42 46 43 35 34 59 36 3877 11 7 8 5 5 15 8 7 18 5 3 3727 464 434 345 1353 481 477 419 573 399 454 442 658 495 504 566 775 680 655 886 625 607 765 549 573 805 593 685 484 510 744 636 626 402 317 217 174 139 145 154 122 140 127 144 153 129 122 111 134 150 136 122 139 130 133 124 148 142 162 140 243 244 2065 7859 1865 9405 1956 204 192 203 142 173 155 158 141 138 133 156 150 187 144 160 137 153 144 144 144 139 176 184 146 157 169 159 171 163 161 162 172 202 181 175 204 189 192 183 183 221 175 219 212 223 239 216 230 246 213 244 232 220 237 270 263 213 237 273 275 245 245 235 235 254 244 207 260 234 249 249 238 237 257 232 269 236 242 233 266 241 238 258 247 231 238 259 244 271 232 256 271 250 257 247 260 258 256 270 275 263 253 279 255 273 298 304 316 298 312 290 275 289 331 292 358 374 303 308 308 318 332 319 349 351 318 345 335 295 292 321 360 328 376 357 385 366 363 349 407 397 389 418 451 540 497 473 468 460 495 475 446 410 636 3379 


4 0 0 1 0 3 21 0 0 0 0 1 1 0 1 0 0 0 0 0 0 0 9 1 0 0 0 3 2 1 0 0 2 0 4 1 1 1 1 0 2 1 4 0 0 1 1 0 0 1 2 2 1 2 0 0 14 7 1 1 3 5 2 3 1 6 4 3 1 4 1 0 2 1 2 0 0 0 3 0 0 1 0 2 3 2 0 1 2 2 3 2 4 2 10 5 8 7 2 7 3 7 6 9 8 1 5 5 9 9 8 2 6 6 7 7 4 9 4 5 6 10 6 8 4 11 3 8 5 10 5 6 1 13 5 8 7 11 5 9 9 6 8 8 12 4 6 4 4 5 7 17 6 10 7 2 7 3 4 11 6 8 4 5 11 6 9 7 8 15 4 5 10 6 6 3 10 13 11 14 15 9 7 9 10 9 8 6 20 20 27 45 67 85 119 167 200 263 314 489 603 593 651 708 733 1100 1485 2022 2212 2977 3164 2787 2413 3097 3639 3746 3891 4221 4049 5622 6284 7655 9127 10255 11624 16610 17957 18830 17988 16499 23354 27940 31259 34418 46829 38895 38994 35709 40732 49226 59425 54660 54466 45668 41937 44405 20571 9853 5407 2696 1476 492 235 86 19 0 
4 0 0 1 0 0 24 0 0 0 0 0 1 1 1 0 0 0 0 0 0 0 0 0 1 0 0 0 7 1 0 0 1 2 1 1 1 2 0 1 3 1 2 1 0 1 2 2 2 2 1 1 0 3 1 1 0 0 0 0 3 11 12 5 1 4 7 5 1 2 3 1 1 2 0 1 0 1 1 1 1 1 2 0 1 3 2 0 1 0 3 2 3 1 3 8 9 12 1 9 3 5 3 9 8 5 5 3 5 9 9 6 8 6 8 2 8 5 5 4 6 6 11 3 4 6 13 3 7 10 8 7 2 7 8 3 5 11 10 7 9 10 6 8 9 8 8 5 5 4 1 5 12 15 4 8 4 6 5 10 5 11 5 4 8 5 10 7 6 7 12 7 8 7 5 7 8 9 10 16 9 9 10 13 11 4 10 11 5 7 9 12 6 6 16 11 15 13 17 25 49 64 117 163 216 354 465 590 615 915 1096 1245 1311 1965 2735 3421 3842 3686 3041 3963 4076 4464 4597 5372 6563 11370 13106 14777 15774 14240 20034 25919 29007 34245 46877 37323 38011 39594 48206 62761 68001 56379 52401 51537 53147 51328 25951 15159 7047 3784 1622 354 79 21 0 0 
4 0 0 1 0 0 24 0 0 0 0 0 1 1 0 1 0 0 0 0 0 0 0 0 1 0 0 0 0 0 0 0 0 0 7 2 0 0 1 3 0 1 3 0 0 3 0 1 1 1 2 1 2 4 2 1 0 0 0 0 4 1 2 7 2 4 1 13 12 1 1 5 0 0 1 2 1 1 1 0 1 3 1 0 1 1 4 2 1 0 1 2 1 0 0 0 5 9 7 4 5 6 4 5 6 2 7 6 2 9 2 9 5 5 7 5 8 4 5 5 6 4 4 6 5 6 5 10 3 6 8 6 4 7 5 7 9 5 4 5 9 8 7 10 7 2 7 5 7 6 7 5 4 4 11 7 6 3 8 6 7 7 4 8 9 6 7 8 6 10 2 9 7 5 6 4 6 4 7 8 2 11 5 7 10 12 10 8 7 4 7 11 6 5 8 9 11 8 14 13 5 10 13 23 40 45 85 106 122 223 319 419 489 648 876 1124 1558 2133 2359 3775 5102 6269 7026 7752 8011 10689 11449 13208 12837 12408 17734 23682 28239 32446 41594 33184 33403 35917 39403 42305 53984 51992 52081 41776 47149 67495 47065 37076 25780 18778 10222 1845 630 180 38 7 


