1
0 0 0 2 8 13 17 37 62 65 83 79 86 79 97 102 97 97 116 106 102 129 147 168 192 176 180 192 224 211 218 239 196 200 187 195 192 152 127 122 121 80 68 70 56 58 65 59 54 53 43 40 22 7 17 4 8 6 7 6 8 3 6 4 3 3 0 0 0 0 0 0 0 0 0 0 0 0 0 0 0 0 0 0 0 0 0 0 0 0 0 0 0 0 0 0 0 0 0 0 0 0 0 0 0 0 0 0 0 0 0 0 0 0 0 0 0 0 0 0 0 0 0 0 0 0 0 0 0 0 0 0 0 0 0 0 0 0 0 0 0 0 0 0 0 0 0 0 0 0 0 0 0 0 0 0 0 0 0 0 0 0 0 0 0 0 0 0 0 0 0 0 0 0 0 0 0 0 0 0 0 0 0 0 0 0 0 0 0 0 0 0 0 0 0 0 0 0 0 0 0 0 0 0 0 0 0 0 0 0 0 0 0 0 0 0 0 0 0 0 0 0 0 0 0 0 0 0 0 0 0 0 0 0 0 0 0 0 0 0 0 0 0 0 0 0 0 0 0 0 0 0 0 0 0 0 
0 0 0 0 0 0 0 0 0 0 1 3 8 6 2 7 8 11 7 20 20 35 31 44 47 41 54 56 48 38 56 42 63 44 49 55 44 66 59 51 56 57 54 79 81 78 96 96 90 86 97 94 98 99 109 110 105 106 121 111 126 120 95 121 111 132 137 113 111 116 96 89 87 108 118 118 91 94 105 65 54 49 54 59 40 45 27 34 29 31 30 39 30 13 7 5 8 3 7 5 4 1 0 0 0 0 0 0 0 0 0 0 0 0 0 0 0 0 0 0 0 0 0 0 0 0 0 0 0 0 0 0 0 0 0 0 0 0 0 0 0 0 0 0 0 0 0 0 0 0 0 0 0 0 0 0 0 0 0 0 0 0 0 0 0 0 0 0 0 0 0 0 0 0 0 0 0 0 0 0 0 0 0 0 0 0 0 0 0 0 0 0 0 0 0 0 0 0 0 0 0 0 0 0 0 0 0 0 0 0 0 0 0 0 0 0 0 0 0 0 0 0 0 0 0 0 0 0 0 0 0 0 0 0 0 0 0 0 0 0 0 0 0 0 0 0 0 0 0 0 0 0 0 0 0 0 
0 0 0 0 0 0 0 0 0 0 0 0 0 0 0 0 1 0 2 3 5 6 5 7 8 8 10 19 20 28 27 36 25 27 38 34 40 38 45 29 31 31 31 44 40 56 52 45 41 37 37 41 35 40 28 45 29 52 34 31 34 40 44 40 25 38 41 52 47 49 43 35 42 59 57 48 54 42 50 45 45 53 52 58 49 51 58 67 60 62 72 79 80 66 72 79 61 45 68 61 67 66 70 68 86 72 90 66 80 66 67 79 77 72 80 72 82 74 84 111 130 101 94 82 72 73 47 52 21 1 0 0 0 0 0 0 0 0 0 0 0 0 0 0 0 0 0 0 0 0 0 0 0 0 0 0 0 0 0 0 0 0 0 0 0 0 0 0 0 0 0 0 0 0 0 0 0 0 0 0 0 0 0 0 0 0 0 0 0 0 0 0 0 0 0 0 0 0 0 0 0 0 0 0 0 0 0 0 0 0 0 0 0 0 0 0 0 0 0 0 0 0 0 0 0 0 0 0 0 0 0 0 0 0 0 0 0 0 0 0 0 0 0 0 0 0 0 0 0 0 0 0 0 0 0 0 


0 0 0 0 0 6 23 60 76 212 483 1410 4380 15346 48408 79614 86004 72140 55151 41701 32039 25772 20739 16795 13906 11829 10436 10067 9994 10163 9731 9776 10360 11430 12533 13727 15425 17331 19353 22193 26208 31192 36801 42684 46771 36142 20147 6371 2602 1608 1298 1129 1028 1000 946 843 823 705 695 644 605 613 643 607 648 703 774 1037 1611 2263 2430 1801 1703 1189 851 780 885 789 632 497 403 270 200 180 128 102 115 111 106 94 91 104 107 116 118 111 128 146 122 100 126 141 98 99 106 116 116 125 109 120 111 99 116 97 91 89 82 56 73 111 151 39 0 0 0 0 0 0 0 0 0 0 0 0 0 0 0 0 0 0 0 0 0 0 0 0 0 0 0 0 0 0 0 0 0 0 0 0 0 0 0 0 0 0 0 0 0 0 0 0 0 0 0 0 0 0 0 0 0 0 0 0 0 0 0 0 0 0 0 0 0 0 0 0 0 0 0 0 0 0 0 0 0 0 0 0 0 0 0 0 0 0 0 0 0 0 0 0 0 0 0 0 0 0 0 0 0 0 0 0 0 0 0 0 0 0 0 0 0 0 0 0 0 0 0 0 0 0 0 0 0 0 0 0 0 0 
0 0 0 0 0 0 0 0 0 0 0 0 0 103 1949 9720 21529 35030 38740 32826 26625 23832 20567 19093 17727 16696 16223 15454 15221 15108 15343 15153 13815 13041 12758 12377 11865 11504 10788 10533 10338 9970 9585 9202 8705 8553 8322 7553 7028 6403 5866 5159 4514 3945 3432 3222 2838 2502 2303 2151 1929 1727 1652 1583 1525 1436 1508 1517 1751 2089 2777 4092 5813 9469 14300 19624 26636 34898 45658 54220 47697 37626 23589 14569 9788 6789 4923 4153 3388 2825 2284 2115 2027 1923 2047 2104 1903 1725 1416 1143 971 916 823 682 621 591 594 676 654 581 577 430 439 337 213 237 430 223 138 134 148 99 66 90 68 24 24 22 10 18 10 7 12 12 13 9 15 15 9 7 7 5 5 7 6 3 5 1 1 0 0 0 0 0 0 0 0 0 0 0 0 0 0 0 0 0 0 0 0 0 0 0 0 0 0 0 0 0 0 0 0 0 0 0 0 0 0 0 0 0 0 0 0 0 0 0 0 0 0 0 0 0 0 0 0 0 0 0 0 0 0 0 0 0 0 0 0 0 0 0 0 0 0 0 0 0 0 0 0 0 0 0 0 0 0 0 0 0 0 0 0 0 0 0 0 0 0 0 0 0 0 0 0 0 0 0 
0 0 0 0 0 0 0 0 0 0 0 0 0 108 1320 9576 25239 38830 39486 33700 27416 24067 21204 19375 17977 17014 16055 15440 15045 14884 14559 14214 13433 12956 12671 11943 11331 10792 10393 9953 9630 9134 8634 8210 7860 7774 7139 6852 6587 6020 5407 4722 4109 3625 3179 2980 2858 2727 2479 2275 2171 2422 2707 2865 3050 3431 3900 4470 5163 6008 7355 8946 11171 14421 18138 23866 30917 36329 39113 39416 34031 25591 17586 11837 8519 6572 5201 4189 3318 2833 2302 1770 1500 1357 1245 1087 876 838 731 652 631 634 708 667 727 714 685 810 899 998 1095 1032 1028 1037 948 788 815 771 792 792 826 845 846 824 801 826 731 624 481 351 333 252 189 158 109 113 66 43 44 40 35 27 37 30 17 19 21 10 22 5 21 6 9 9 6 5 2 0 0 0 2 2 0 0 0 0 0 0 0 0 0 0 0 0 0 0 0 0 0 0 0 0 0 0 0 0 0 0 0 0 0 0 0 0 0 0 0 0 0 0 0 0 0 0 0 0 0 0 0 0 0 0 0 0 0 0 0 0 0 0 0 0 0 0 0 0 0 0 0 0 0 0 0 0 0 0 0 0 0 0 0 0 0 0 0 0 0 0 0 0 0 0 0 0 0 0 


