0
0 0 0 1 0 0 1 1 2 3 10 7 10 13 14 22 27 40 54 66 92 117 157 178 271 317 369 477 512 547 533 573 509 501 570 672 696 803 796 778 778 771 726 649 564 478 396 383 417 379 365 372 403 496 573 593 644 669 768 742 837 872 973 980 1081 1096 1179 1304 1292 1526 1510 1624 1745 1936 2009 2062 2178 2433 2676 3289 4158 4702 5407 5524 5756 5593 5236 4657 4505 4609 4588 5123 5188 5637 6008 6265 6078 6142 6065 6300 6592 6707 6881 7428 7406 7744 7777 7950 7776 8043 7877 7743 7455 7405 7224 6941 6598 6502 6148 5872 5812 5540 5493 5433 5073 4979 4731 4471 4282 4093 3935 3674 3554 3372 3311 3251 3045 3023 3137 3214 3587 4277 5474 7064 7959 8180 7879 7034 6070 5093 4263 3894 3851 3684 3555 3153 2966 2749 2480 2543 2262 2407 2275 1975 1787 1766 1653 1533 1401 1322 1234 1299 1279 1222 1316 1296 1296 1321 1403 1383 1379 1372 1511 1538 1543 1581 1605 1640 1726 1837 1983 2367 2796 3441 3901 4511 4526 4555 4901 4894 4300 3670 3240 2806 2234 1992 1860 1640 1598 1578 1604 1497 1168 859 746 696 734 829 1061 1326 1404 1461 1579 1522 1898 2305 2052 1166 658 474 279 277 229 235 221 188 162 147 151 142 159 133 134 130 104 103 59 79 61 35 27 17 41 1 0 0 
0 0 0 0 0 1 1 1 4 2 2 2 1 4 6 8 8 8 9 10 15 24 19 26 36 24 51 64 65 67 90 106 83 103 126 138 174 202 270 340 328 306 272 314 242 162 148 100 91 89 60 58 92 91 135 177 198 237 219 210 243 235 216 242 239 226 213 254 243 316 329 290 275 264 295 352 382 376 373 394 450 479 467 480 542 508 494 506 484 527 540 517 592 562 587 509 558 627 674 816 947 1102 1324 1584 1757 2057 2217 2463 2637 2668 2774 3499 3817 4352 4840 5500 6113 6783 6556 6217 6195 5820 5046 4595 4016 3630 3220 3110 2950 2817 2904 2834 2594 2560 2486 2386 2338 2415 2460 2352 2395 2437 2493 2539 2526 2579 2715 2775 2875 2943 3025 3009 3104 3123 3164 3157 3334 3204 3254 3410 3437 3499 3671 3801 3909 3955 3947 3977 4030 4005 4142 4530 4864 5269 5715 6370 7409 8410 9806 11627 13172 14304 13701 13751 13896 13999 13397 13082 12837 12569 13022 12781 12016 11153 9961 8571 7151 6247 6001 5659 5542 5537 5136 4870 4780 4298 3698 3342 2803 2751 2738 3047 2902 2657 2036 1524 1502 1864 2454 2263 1444 770 370 313 245 233 219 201 202 200 187 181 183 133 162 141 141 136 118 129 134 119 145 116 79 74 87 65 55 47 26 18 42 10 0 0 
0 0 0 0 0 0 0 0 0 0 0 0 0 0 0 0 0 0 0 0 0 0 0 0 0 0 0 0 0 0 0 0 0 0 0 0 0 0 0 0 0 0 0 0 0 0 0 0 0 0 0 0 0 0 0 0 0 0 0 1 6 11 26 36 42 76 99 121 139 124 120 114 95 104 118 104 112 115 130 138 142 141 146 142 168 167 182 159 121 173 164 140 169 176 195 217 279 358 334 394 424 400 427 437 460 417 425 460 464 557 671 855 1066 1178 1446 1707 2059 2514 2881 2968 3064 2883 3031 3159 3112 2875 2688 2386 2100 2013 2044 2299 2348 2431 2307 1849 1555 1529 1397 1274 1271 1472 1800 2208 2903 3580 4189 4353 4494 4462 4229 4017 3535 3382 3081 2906 2714 2762 3052 2919 2935 2987 3006 2866 2839 2780 2861 2830 2806 2882 2974 3063 3051 3031 3056 2959 3094 3202 3226 3467 3515 3535 3712 3795 3619 3765 3865 3934 3956 3798 3958 4092 4137 4160 4278 4449 4549 4690 4927 5022 5058 5475 5891 6577 7407 8553 9231 9970 10752 11592 12125 13583 15485 19766 23875 27397 26217 22383 18982 16470 14690 12111 9601 7429 5691 3955 2936 2193 1613 1179 864 722 529 433 350 326 264 230 221 202 159 152 141 130 87 87 89 63 58 50 34 22 33 12 0 0 


0 0 0 0 0 0 0 0 0 0 0 0 0 0 0 0 0 0 0 0 0 0 0 0 0 0 0 0 0 0 0 0 0 0 0 0 0 0 0 0 0 0 0 0 0 0 0 0 0 0 0 0 0 0 0 0 0 0 0 0 0 0 0 0 0 0 0 0 0 0 0 0 0 0 0 0 0 0 0 0 0 0 0 0 0 0 0 0 0 0 0 0 0 0 0 0 0 0 0 0 0 0 0 0 0 0 0 0 0 0 0 0 0 0 0 0 0 0 0 0 0 0 0 0 1 0 0 0 0 0 0 0 0 1 0 0 0 0 0 0 1 1 0 0 1 4 1 2 4 5 10 15 11 15 15 15 22 19 29 36 30 32 24 46 32 35 44 40 36 35 44 46 48 45 51 45 60 57 67 72 58 78 83 75 83 97 96 108 111 106 100 111 136 149 151 177 190 166 230 225 283 344 434 460 592 741 831 978 1133 1234 1474 1746 2589 5090 13666 31094 42349 33477 22526 21689 26862 32455 32717 28555 25975 20449 12973 5506 2147 1260 766 431 307 205 122 86 62 45 32 42 25 24 30 33 28 30 18 13 15 13 6 7 1 0 0 0 
0 0 0 0 0 0 0 0 0 0 0 0 0 0 0 0 0 0 0 0 0 0 0 0 0 0 0 0 0 0 0 0 0 0 0 0 0 0 0 0 0 0 0 0 0 0 0 0 0 0 0 0 0 0 0 0 0 0 0 0 0 0 0 0 0 0 0 0 0 0 0 0 0 0 0 0 0 0 0 0 0 0 0 0 0 0 0 0 0 0 0 0 0 0 0 0 0 0 0 0 0 0 0 0 0 0 0 0 0 0 0 0 0 0 0 0 0 0 0 1 0 0 0 0 0 0 0 0 1 0 0 0 0 0 0 1 1 0 0 1 0 0 0 0 0 2 0 0 0 1 0 3 1 3 0 1 1 4 6 7 7 7 9 10 14 18 9 11 16 9 16 21 20 21 27 28 33 42 52 68 66 85 87 116 98 123 120 149 127 127 160 177 177 216 235 235 323 344 428 593 741 852 889 1119 1163 1401 1704 2253 4031 11258 27981 41009 35246 24017 21111 25025 31501 30827 29176 27494 21838 16353 8632 3204 1358 895 630 394 303 171 103 67 44 17 24 19 22 27 20 23 19 21 23 26 21 17 13 20 14 11 9 3 0 0 0 0 
0 0 0 0 0 0 0 0 0 0 0 0 0 0 0 0 0 0 0 0 0 0 0 0 0 0 0 0 0 0 0 0 0 0 0 0 0 0 0 0 0 0 0 0 0 0 0 0 0 0 0 0 0 0 0 0 0 0 0 0 0 0 0 0 0 0 0 0 0 0 0 0 0 0 0 0 0 0 0 0 0 0 0 0 0 0 0 0 0 0 0 0 0 0 0 0 0 0 0 0 0 0 0 0 0 0 0 0 0 0 0 0 0 0 0 0 0 0 0 0 0 1 0 0 0 0 0 0 0 0 1 0 0 0 0 0 1 0 0 1 0 1 0 0 0 0 0 2 0 0 1 0 1 0 1 0 0 0 0 0 1 0 2 1 4 4 2 1 10 2 10 10 7 8 16 14 12 25 18 32 38 37 38 49 61 60 68 84 95 109 106 154 143 155 182 171 221 282 274 422 569 743 921 1084 1275 1451 1955 2768 5272 10973 21439 36207 38567 27001 21889 24166 29136 32955 29256 25824 23599 19319 11249 3345 882 592 500 406 328 228 168 128 87 51 46 28 26 26 25 26 17 12 20 28 12 11 16 11 10 6 6 0 0 0 0 0 


