1
0 0 0 6 55 139 328 877 1348 1604 1510 596 471 364 381 443 514 558 565 609 623 660 715 826 847 1013 1014 907 886 841 792 807 902 1049 1484 2154 3207 3830 4962 5784 6947 7623 7696 8391 8644 8672 8605 8801 8710 8357 7873 7198 7169 6950 6728 6276 5803 5522 5157 4546 4194 3863 3371 3243 2942 2644 2388 2071 1913 1766 1748 1672 1759 1848 1825 1932 1838 1761 1778 1719 2188 2199 2562 2788 3333 3555 3456 3662 3676 3652 3176 3325 3466 2791 2610 2316 2394 1848 1537 1461 1357 1229 889 752 661 668 553 511 515 533 439 414 446 311 244 191 174 142 116 110 106 82 79 72 65 68 66 53 43 52 47 48 35 37 23 23 28 28 15 25 11 20 18 12 10 8 4 9 4 8 6 3 3 3 1 2 2 4 0 1 0 0 0 0 0 0 0 0 0 0 0 0 0 0 0 0 0 0 0 0 0 0 0 0 0 0 0 0 0 0 0 0 0 0 0 0 0 0 0 0 0 0 0 0 0 0 0 0 0 0 0 0 0 0 0 0 0 0 0 0 0 0 0 0 0 0 0 0 0 0 0 0 0 0 0 0 0 0 0 0 0 0 0 0 0 0 0 0 0 0 0 0 0 0 0 0 
0 0 0 0 0 0 2 22 54 59 143 251 363 637 1054 1276 1250 874 440 364 325 300 311 348 363 429 464 405 475 450 459 497 486 503 597 710 790 818 786 776 814 763 848 818 919 1131 1382 1824 2342 2854 3346 4284 5239 6096 6514 7089 7373 7519 7780 8126 8239 8273 7750 8069 7775 7009 6795 6484 6046 5878 5469 5244 5047 4734 4297 3951 3694 3466 3181 3063 2989 2881 2761 2742 2983 2636 2427 2498 2555 2649 2577 3001 3925 3919 3979 3738 4872 4038 3645 3659 3569 3417 2640 2212 2075 1908 1575 1447 1225 1090 908 775 739 633 517 551 506 517 381 395 365 250 203 162 140 146 106 94 85 87 84 89 91 67 74 70 65 46 61 56 43 50 43 39 23 31 25 20 19 30 18 20 11 15 17 5 13 10 9 9 6 4 5 3 4 3 1 2 3 3 2 0 0 1 0 0 0 0 0 0 0 0 0 0 0 0 0 0 0 0 0 0 0 0 0 0 0 0 0 0 0 0 0 0 0 0 0 0 0 0 0 0 0 0 0 0 0 0 0 0 0 0 0 0 0 0 0 0 0 0 0 0 0 0 0 0 0 0 0 0 0 0 0 0 0 0 0 0 0 0 0 0 0 0 0 0 
0 0 0 0 0 0 0 0 0 0 0 0 0 0 0 0 0 0 1 1 13 7 12 25 20 21 17 17 25 36 40 64 75 135 140 174 283 491 825 866 673 431 238 160 182 199 215 204 236 223 195 199 212 194 178 192 193 175 195 173 209 238 215 247 238 265 242 256 236 229 245 268 265 262 249 253 338 308 335 367 384 434 433 473 411 513 553 689 792 867 1000 1137 1407 1567 1823 1801 2077 1810 1878 2251 2535 2899 3060 3399 4151 4962 4878 5452 6159 6626 6792 6981 7856 7553 7590 7970 8178 8310 8219 8539 8775 8755 8669 8663 8396 8310 7836 7453 7691 6742 5857 5536 5023 4513 3972 3578 3291 2916 2772 2513 2288 2283 2016 1857 1700 1649 1627 1474 1264 1114 899 756 680 534 409 339 271 222 205 170 145 119 119 99 90 88 78 73 76 73 58 46 58 53 41 45 50 41 42 37 34 51 28 47 25 30 34 42 37 33 44 31 28 36 35 27 28 23 24 20 17 30 20 26 20 18 15 14 14 10 6 7 12 8 2 6 4 6 3 3 3 2 1 2 0 0 0 0 1 1 0 1 1 0 0 0 0 0 0 0 0 0 0 0 0 0 0 0 0 0 0 0 0 0 0 0 


24 0 0 0 0 0 0 0 0 0 2 6 12 11 7 6 2 3 4 10 7 9 12 17 20 30 32 34 25 26 39 26 20 19 23 12 22 8 16 15 11 10 20 13 5 11 14 14 14 20 17 13 33 13 10 10 15 11 18 19 18 16 13 23 23 24 20 20 34 30 26 24 33 32 44 54 60 77 109 103 103 107 118 191 162 236 254 277 386 424 523 594 723 840 931 1041 1261 1404 1647 1879 2074 2332 2496 2785 3266 3898 4182 4405 4494 4964 5610 5969 6563 6636 6690 6840 7226 7822 8167 8025 8108 8206 8477 9129 9301 9658 9355 9448 10129 10085 10601 10469 10208 9953 10034 10573 10629 10637 10443 10216 10644 11119 11306 11374 11177 10620 10418 10673 10853 10764 10244 9814 9456 9502 9607 9514 8793 8464 8033 8378 7819 7565 7322 6928 6585 6339 6351 6436 6181 5663 5566 5205 5385 5387 5106 4762 4387 4085 4022 3810 3509 3470 3169 2919 2702 2568 2426 2222 2152 2015 2007 2279 2069 1812 1625 1361 1311 1346 1230 1160 1046 986 967 887 757 605 575 479 455 448 418 323 253 213 188 150 126 84 75 70 57 54 64 76 62 54 48 49 79 67 73 73 77 70 84 75 78 68 80 99 88 107 116 107 128 159 190 226 247 272 349 395 534 799 1344 7673 
24 0 0 0 0 0 0 0 0 0 0 0 0 0 0 0 0 2 5 12 13 7 4 3 7 6 4 5 8 9 5 12 8 8 16 15 18 21 20 32 36 38 26 27 30 22 23 24 18 14 20 27 21 9 19 17 13 25 22 16 16 25 21 27 30 25 29 25 19 16 22 17 26 32 34 27 31 27 34 33 40 36 36 50 43 45 39 62 66 70 82 78 98 76 126 148 153 161 205 229 257 306 345 387 471 545 655 720 797 972 1133 1483 1842 1835 1960 2020 2396 2906 3250 3715 4021 4265 4846 5687 6235 6987 7094 7166 8107 8736 9342 9493 9069 8854 8980 9774 10663 10483 10110 10079 10842 11714 12420 12621 11923 11349 11075 11482 12520 12559 12075 11237 11172 11710 12379 12680 11988 11227 10472 10669 10168 10340 10112 9276 8929 8800 8998 9277 8783 8020 7102 6873 7074 7125 7078 6892 6402 6232 6436 6393 6347 5994 5260 4928 4842 5042 4987 4416 4398 3944 4012 4133 3499 3108 2778 2548 2416 2326 2335 2086 1920 1864 2000 2088 1901 1798 1511 1367 1287 1251 1161 961 829 843 803 706 627 596 551 523 505 436 402 348 305 275 247 218 242 214 215 218 196 181 183 155 132 133 116 106 124 91 113 90 75 78 76 69 72 55 45 59 34 39 49 1650 
24 1 1 1 2 0 0 1 1 1 1 2 1 2 2 2 1 2 5 5 0 3 9 7 6 10 14 8 16 21 13 21 34 14 26 33 33 40 34 42 26 40 36 51 51 50 70 65 64 59 65 77 69 74 80 97 94 114 117 105 100 105 105 131 125 143 124 165 136 140 140 150 154 178 176 190 179 185 183 177 171 174 178 210 172 185 191 198 190 217 191 214 216 226 245 274 252 272 281 301 281 281 300 281 289 253 288 292 281 278 309 366 351 344 354 402 416 487 497 516 615 683 823 982 1198 1331 1441 1699 2101 2359 2660 2679 2993 3021 3341 4045 4523 4838 4961 5309 6233 7380 8443 9170 9731 9726 9897 10676 11307 11645 11679 10894 11057 11669 12478 12662 12395 12291 11972 12587 12126 12570 12186 11682 11497 11800 12098 12349 12571 11928 11322 10755 10880 11024 10585 9713 9091 8651 8798 8411 8413 7760 7130 6750 6688 6613 6376 6035 5496 5300 5324 5580 5283 4779 4634 4362 4224 4275 4275 4071 3764 3790 3811 3913 3830 3701 3395 3235 3295 3232 2920 2568 2419 2248 2273 2227 1923 1791 1758 1848 1909 1792 1663 1721 1584 1717 1619 1384 1182 1074 1019 883 838 704 662 535 498 432 344 250 179 132 88 60 37 32 30 15 22 8 16 8 12 14 29 1627 


