0
0 0 0 0 0 0 0 0 0 0 0 0 0 0 0 1 0 0 0 1 0 1 1 0 1 3 6 2 10 11 27 33 36 37 40 45 46 31 42 43 43 62 55 38 44 39 48 41 65 63 70 78 84 96 74 99 103 87 97 107 81 84 94 105 89 107 85 105 97 74 88 74 80 90 79 77 75 76 63 72 54 58 60 52 70 50 45 68 68 57 68 87 97 104 106 103 106 91 98 99 83 84 83 91 69 59 83 86 76 86 83 99 97 89 95 94 106 127 110 127 153 131 146 118 123 117 116 107 113 112 112 103 108 118 101 120 120 118 107 132 108 118 101 133 123 125 126 129 105 117 128 115 112 114 145 138 153 164 201 197 194 207 225 204 231 182 187 182 153 129 132 129 73 76 66 63 66 45 41 43 33 37 34 36 55 48 41 48 32 44 46 55 79 68 85 149 169 187 218 249 268 304 305 352 465 534 682 619 654 570 405 402 338 259 239 193 184 194 224 217 211 161 114 64 35 26 18 17 19 19 11 19 11 13 13 8 12 7 9 5 5 4 6 8 5 6 5 6 6 3 8 9 8 13 10 41 
0 0 0 0 0 0 0 0 0 0 0 0 0 0 0 0 0 0 0 0 0 0 0 0 0 0 0 0 0 0 0 0 0 0 0 0 0 0 0 0 0 0 0 0 0 0 0 0 0 0 0 0 0 0 0 0 0 0 0 0 1 0 0 0 1 0 0 1 2 0 1 3 3 2 6 6 8 9 21 24 23 38 25 24 48 28 34 34 28 47 47 36 48 34 41 33 36 44 62 42 44 53 62 48 73 82 63 86 82 84 103 100 93 88 88 84 104 98 107 121 136 145 116 131 137 124 125 137 113 105 124 118 115 113 107 135 109 101 103 90 99 113 90 118 111 128 126 133 137 166 158 158 150 163 159 192 191 175 184 159 171 182 166 172 151 161 164 127 133 146 119 150 110 131 127 128 132 144 176 165 217 250 283 283 332 297 345 349 358 468 613 758 645 475 459 464 450 400 384 398 362 331 323 322 337 359 353 351 329 280 218 222 200 230 209 214 158 118 86 64 43 26 29 21 22 23 22 25 24 19 12 11 20 17 12 8 8 9 11 15 11 6 8 10 7 6 7 7 2 9 12 4 7 9 15 41 
262 356 306 254 231 199 171 170 153 118 112 113 98 99 92 114 102 99 116 78 118 117 105 102 102 86 94 97 97 97 93 84 95 78 87 83 108 90 89 89 92 86 87 85 99 77 107 89 100 100 97 106 103 88 85 93 69 65 75 61 38 45 43 24 33 27 23 20 25 17 32 23 17 9 11 25 12 21 17 18 20 14 15 19 23 17 22 18 17 17 14 11 13 15 17 7 11 16 12 9 7 15 15 9 9 14 16 18 14 17 15 10 14 19 17 14 15 15 12 11 17 12 14 20 14 10 18 7 20 24 17 13 15 12 15 20 17 15 16 13 15 13 12 7 15 14 15 20 22 18 9 16 20 20 22 17 18 19 21 19 20 19 17 26 23 22 19 22 31 47 49 36 39 41 28 41 47 50 46 45 58 70 94 107 107 153 148 222 367 455 627 664 574 462 435 493 532 381 273 265 208 219 246 224 244 310 379 411 509 542 602 730 783 720 624 505 364 269 213 168 127 94 58 54 33 24 26 23 13 10 11 12 7 6 5 4 6 2 4 0 2 4 2 1 0 2 1 0 2 0 2 0 2 0 0 0 


1783 2151 1916 1512 1271 1107 967 932 829 744 735 650 670 730 880 1068 1249 1520 1825 2038 2607 2780 3184 3450 3575 3724 3680 3560 3217 2929 2731 2261 2006 1730 1555 1364 1281 1079 971 918 816 718 719 689 652 665 615 643 628 625 619 610 588 565 564 497 553 564 498 466 474 462 433 485 420 450 409 423 432 357 429 405 379 374 388 369 384 397 376 384 395 407 462 481 469 482 551 497 551 489 530 538 522 580 564 566 614 626 611 608 697 741 769 787 782 780 746 811 837 868 907 870 950 955 1002 1026 1173 1246 1335 1456 1658 1713 1872 2018 2377 2393 2747 2955 3458 3888 4349 5095 5748 6699 7563 8306 9368 10002 10712 11043 11232 11912 12635 12910 12471 12163 11655 11889 12229 12445 12553 12557 12576 12661 12467 12680 12428 12925 12745 12785 12218 11847 11568 10875 10967 10865 10473 10128 10111 10026 10161 10580 10670 10272 9854 9665 9378 9231 8592 8449 8374 8153 8179 7855 7728 7190 6700 6306 6207 6095 5806 5693 5518 5450 5579 5623 5769 5856 5785 5712 5918 5642 5130 5014 4906 4916 4991 5022 5027 5075 4862 5034 5057 5023 4753 4808 5070 5164 5202 4888 4776 4742 4703 4626 4595 4644 4719 4805 4166 3647 2827 2279 1921 1588 1317 1137 981 815 775 663 575 511 396 326 292 232 238 192 168 143 131 117 103 106 138 146 
0 9 9 2 8 13 17 25 39 53 100 119 210 261 444 571 854 1205 1535 2040 2557 3161 3538 3909 3906 3715 3389 2831 2399 1896 1580 1357 1171 980 956 896 853 790 809 691 687 656 668 697 729 778 917 951 1111 1240 1328 1267 1161 1097 871 718 632 501 450 436 414 392 351 372 374 359 380 344 338 348 362 356 388 312 339 357 384 476 470 465 502 485 497 496 480 435 464 505 448 437 426 355 424 372 436 396 429 436 473 490 525 547 583 595 669 697 689 728 800 860 924 877 923 991 988 991 1110 1073 1172 1203 1129 1196 1290 1312 1273 1407 1496 1545 1603 1676 1769 1772 1800 1886 1859 2073 2063 2102 2065 2167 2223 2169 2261 2245 2285 2246 2270 2222 2365 2308 2441 2555 2510 2614 2752 2904 2961 3025 3238 3408 3434 3729 3938 4313 4767 5323 6170 7154 8553 9626 11353 12928 14421 15221 16118 17021 17590 18077 18854 19094 20455 21090 21066 20986 21010 20685 20236 19750 19943 19895 19715 19244 18411 17532 16899 15845 14067 13031 12034 11165 9795 8935 8343 7701 7518 7582 7716 7674 7676 7635 7603 7152 7087 6847 6787 6779 6818 6827 6861 6437 5919 5538 5248 5242 5215 5187 5051 4804 3789 2965 2107 1654 1219 1028 937 735 633 536 467 423 343 312 246 246 172 172 135 131 109 99 85 89 95 80 65 34 
6 9 11 10 17 27 37 56 49 120 158 240 371 502 677 907 1223 1535 1983 2341 2821 3192 3487 3567 3548 3387 2961 2546 1949 1600 1251 1089 947 894 850 842 757 714 632 570 597 559 506 454 485 455 417 343 373 318 312 343 314 267 290 302 322 315 323 335 328 380 354 348 340 350 361 360 354 366 356 383 369 319 307 289 262 213 217 204 216 236 275 264 273 309 328 386 402 453 520 561 580 614 678 741 766 826 903 931 863 987 1013 1031 1061 1091 1176 1201 1216 1322 1338 1364 1446 1547 1534 1593 1720 1707 1790 1782 1890 1861 1939 1936 1950 1983 1987 2026 1924 2006 2009 2185 2050 1977 2035 1957 1985 2052 1915 1935 1973 1946 1858 1797 1780 1726 1788 1691 1628 1650 1513 1526 1523 1519 1441 1346 1291 1322 1258 1198 1177 1221 1215 1162 1072 1202 1130 1082 1086 1181 1131 1267 1237 1273 1311 1305 1325 1469 1648 1732 1804 1762 1689 1602 1415 1384 1385 1268 1451 1542 1757 1964 2256 2902 3397 4113 4778 5562 6273 7481 8962 10660 12538 14383 17070 21172 25889 31360 36475 38869 40397 40769 40189 39337 38343 36900 34197 30144 25208 21136 17344 14875 13618 12418 11378 10367 9725 8932 8027 7921 7355 6728 6266 5524 4200 3072 2074 1603 1233 1002 859 761 635 587 503 481 382 335 300 250 245 208 195 193 208 210 


