1
0 0 7 19 38 43 54 53 98 103 103 152 154 156 202 210 306 315 363 391 353 377 413 425 548 566 515 493 481 524 472 489 459 435 441 442 484 477 465 451 463 494 521 552 559 609 625 661 754 653 748 687 710 702 742 669 714 745 730 773 812 777 789 845 938 979 1046 1189 1141 1220 1248 1284 1327 1395 1415 1563 1642 1425 1324 1241 1231 1116 1123 1075 1059 1000 1080 1094 927 861 790 703 686 542 528 498 429 431 443 354 384 347 316 282 309 279 269 266 256 275 266 233 219 212 225 173 192 227 190 215 210 241 195 186 180 148 187 189 160 139 140 139 131 127 132 103 104 111 113 113 102 95 89 98 95 96 98 81 97 83 79 97 79 86 86 76 101 94 82 83 58 78 68 58 71 69 70 70 66 49 62 52 56 54 58 60 58 66 41 48 34 54 44 38 46 39 51 29 29 40 27 28 29 27 20 20 23 31 21 19 17 23 20 14 16 16 18 17 11 9 13 7 16 15 4 11 5 4 6 12 6 5 6 13 5 6 10 2 6 9 9 3 6 4 0 10 3 7 7 4 4 4 0 2 2 2 0 0 3 0 3 3 3 2 3 0 
0 0 0 0 0 11 14 17 10 19 20 19 26 17 33 19 28 44 49 63 58 69 73 71 90 104 88 90 124 132 182 221 196 191 172 193 239 213 274 256 246 218 228 245 266 243 229 241 244 227 212 250 231 264 258 297 322 310 307 351 356 339 344 337 350 317 310 319 329 358 413 426 478 553 548 557 597 745 878 970 1107 1041 1290 1242 1279 1172 1372 1460 1255 1254 1270 1275 1183 1094 1192 1121 1271 1165 934 872 843 765 725 686 613 544 509 472 501 486 445 485 431 413 366 351 338 324 338 330 319 300 300 296 304 304 302 331 377 344 349 328 341 291 293 299 270 268 281 296 306 296 271 273 256 254 238 236 221 256 258 233 231 211 226 235 249 243 245 239 236 230 236 227 232 217 227 216 208 241 204 182 218 160 175 219 215 181 193 178 176 169 182 177 174 186 169 171 165 179 155 179 190 174 162 197 158 162 162 162 160 176 139 133 144 128 128 147 131 145 141 119 118 117 109 116 103 81 128 107 100 101 100 104 102 94 85 85 93 82 69 87 78 71 58 80 58 66 59 56 58 62 42 59 62 49 46 58 70 72 58 64 73 67 112 1089 
0 0 0 0 0 0 7 13 13 18 7 18 29 27 28 36 69 71 55 71 74 98 138 136 207 176 184 230 239 253 259 271 305 304 288 352 415 449 370 367 382 385 389 415 362 375 391 414 398 405 380 411 352 383 406 486 462 496 476 490 480 544 514 469 482 528 495 496 483 536 511 565 565 481 497 556 596 577 557 572 586 594 650 644 722 721 774 862 936 1026 1095 1125 1330 1209 1268 1252 1400 1382 1344 1263 1214 1199 1084 1111 1020 1052 909 938 797 745 711 643 518 499 459 407 387 357 359 380 348 341 314 313 311 306 309 280 263 256 255 223 229 252 236 244 246 206 214 197 201 215 202 205 187 213 205 200 202 197 192 207 201 180 179 207 201 208 170 191 163 171 153 163 132 153 168 162 155 133 141 137 166 138 140 140 165 131 126 130 144 136 131 109 141 132 113 91 101 121 106 111 100 94 113 96 81 95 85 73 83 83 87 96 83 69 68 93 76 67 75 79 57 78 75 56 57 56 62 58 40 55 73 56 57 43 58 47 40 44 36 53 44 48 43 44 39 45 36 26 35 29 34 32 36 20 28 36 34 23 26 26 25 35 52 392 


24 0 0 0 2 0 2 5 3 2 1 3 3 1 4 3 6 16 19 36 32 12 13 15 17 8 5 6 5 8 12 10 9 12 14 29 20 19 21 24 42 16 20 18 17 18 19 13 25 14 17 13 17 20 29 20 25 33 24 21 32 35 40 37 32 37 63 62 77 74 78 79 68 100 123 117 107 114 133 142 183 203 249 307 367 441 489 544 665 777 974 1168 1411 1634 2192 2456 3184 3435 3804 3925 4449 5074 5346 5526 6161 6774 7625 7989 7987 8363 8792 9379 10309 9417 9245 9365 9864 10801 10872 10609 10371 10263 10225 10423 10330 10500 10332 10719 11543 10396 9803 9532 9809 10141 10286 10150 10006 10051 10533 11102 11389 10909 10565 10578 10898 10606 10523 10519 10657 10922 10920 10443 9747 9651 9805 9792 9788 9723 9377 9788 9464 9666 9432 9070 8724 8766 9222 9259 8967 9013 9228 9411 9412 8799 8435 8497 8474 8314 8029 7243 7088 6672 6633 6275 5711 5415 5049 4807 4753 4349 4388 4636 4193 3744 3401 3131 2990 3028 2854 2690 2486 2150 2247 1961 1776 1580 1373 1474 1396 1258 1346 1367 1333 1203 1113 1043 1031 1066 1126 1054 1034 1060 1113 1225 962 878 795 792 750 669 676 632 573 468 434 460 384 351 305 272 239 199 123 115 78 72 50 32 33 22 16 9 18 14 38 1627 
24 0 0 0 0 0 0 1 0 1 0 2 1 1 0 0 1 0 1 1 1 4 3 5 0 2 6 4 6 3 9 4 10 5 11 4 5 11 5 4 1 3 1 3 2 5 6 8 3 6 5 7 12 19 16 11 9 19 14 10 13 11 13 9 12 9 12 15 19 10 10 16 12 19 16 29 24 29 48 42 64 67 70 71 85 81 92 109 100 130 119 147 154 145 193 228 269 268 292 333 403 417 467 502 609 674 806 999 1185 1390 1613 2005 2468 2756 3002 3335 3818 4896 5543 6108 6205 6386 7150 7328 7441 7684 8141 9078 10910 10553 9900 10183 10897 12185 12300 11791 10947 10753 11754 12136 12406 11420 10690 10448 11500 11749 10784 10526 11020 11938 12756 12140 11809 11961 12607 13661 13326 13133 12594 13411 13212 14122 13264 12418 11539 11987 12576 12147 11302 11479 12072 12755 12823 11716 10646 11030 11524 11488 11024 9958 9409 9781 9920 9604 8855 7990 7553 7671 7517 6708 6750 7215 7022 6736 5813 5178 5017 5253 5040 4454 3853 3694 3796 3781 3244 2784 2572 2494 2446 2147 1936 2006 1966 1770 1563 1439 1402 1363 1393 1268 1069 1089 1047 1155 868 807 710 697 538 482 452 460 396 295 289 242 190 131 105 85 77 73 37 47 44 27 25 34 20 24 17 8 18 16 35 1624 
24 0 0 0 0 0 0 0 1 0 0 1 0 2 2 1 1 1 2 1 2 3 7 5 14 9 8 6 2 3 4 9 6 5 4 9 16 17 15 11 10 22 9 9 5 4 5 3 2 4 6 8 8 4 11 7 9 14 19 19 22 18 22 25 16 15 10 18 21 22 24 15 26 20 19 16 18 15 18 22 21 17 19 17 23 13 31 29 37 36 33 43 37 41 48 48 76 61 95 77 95 105 118 124 146 167 164 197 263 279 329 320 347 414 461 528 543 626 735 862 990 1172 1388 1582 1667 1991 2306 2705 3314 3525 3525 3812 4697 5433 5684 5912 5954 6100 6817 7305 7797 7966 7964 8559 9094 9440 9301 9567 10310 11270 11643 11463 11083 11202 12031 12728 12990 13167 12843 13833 13999 14396 14142 13935 13419 14054 14370 14238 14209 14222 14896 15335 15333 14789 13973 14219 14726 14946 14304 13232 12558 12968 13091 12761 11916 11318 10989 10704 11053 10323 10104 10906 10567 9966 9442 8671 8739 8915 8711 7692 7010 6488 6518 6331 5783 5040 4661 4518 4393 4009 3740 3713 3834 3733 3312 3253 3210 3175 2914 2754 2540 2544 2584 2714 2195 1921 1854 1788 1567 1400 1446 1598 1435 1247 1060 1082 994 787 635 623 588 566 422 367 340 324 277 263 254 242 164 122 132 78 85 1731 


