1
0 0 0 0 0 0 24 40 52 91 150 141 166 158 192 217 198 185 219 230 275 354 416 467 570 534 716 925 936 1072 1117 1071 1003 948 914 887 884 806 613 516 444 344 282 220 186 135 124 94 80 55 48 36 36 35 42 36 40 24 36 43 64 175 378 514 507 371 281 242 166 159 120 138 106 86 59 69 60 60 45 56 56 45 137 1252 1987 1709 1231 951 922 1022 440 142 76 41 37 20 12 0 0 1 0 0 0 0 0 0 0 0 0 0 0 0 0 0 0 0 0 0 0 0 0 0 0 0 0 0 0 0 0 0 0 0 0 0 0 0 0 0 0 0 0 0 0 0 0 0 0 0 0 0 0 0 0 0 0 0 0 0 0 0 0 0 0 0 0 0 0 0 0 0 0 0 0 0 0 0 0 0 0 0 0 0 0 0 0 0 0 0 0 0 0 0 0 0 0 0 0 0 0 0 0 0 0 0 0 0 0 0 0 0 0 0 0 0 0 0 0 0 0 0 0 0 0 0 0 0 0 0 0 0 0 0 0 0 0 0 0 0 0 0 0 0 0 0 0 0 0 0 0 0 0 0 0 0 0 0 
0 0 0 0 0 0 0 0 0 0 0 0 0 0 0 0 0 2 18 21 16 38 49 64 89 87 145 126 146 207 226 314 459 466 435 398 591 677 585 574 697 712 598 718 1086 1468 1424 1391 1460 1436 1123 653 368 366 463 450 482 434 370 292 244 220 150 128 148 117 95 78 80 71 68 93 108 179 333 712 1333 1805 1552 1854 1003 687 276 77 24 4 0 0 0 1 0 0 0 0 0 0 0 0 0 0 0 0 0 0 0 0 0 0 0 0 0 0 0 0 0 0 0 0 0 0 0 0 0 0 0 0 0 0 0 0 0 0 0 0 0 0 0 0 0 0 0 0 0 0 0 0 0 0 0 0 0 0 0 0 0 0 0 0 0 0 0 0 0 0 0 0 0 0 0 0 0 0 0 0 0 0 0 0 0 0 0 0 0 0 0 0 0 0 0 0 0 0 0 0 0 0 0 0 0 0 0 0 0 0 0 0 0 0 0 0 0 0 0 0 0 0 0 0 0 0 0 0 0 0 0 0 0 0 0 0 0 0 0 0 0 0 0 0 0 0 0 0 0 0 0 0 0 0 0 0 0 0 0 0 0 0 
0 0 0 0 0 0 0 0 0 0 0 0 0 0 0 0 0 0 0 0 0 0 0 0 0 0 15 24 26 26 31 43 78 158 286 339 376 459 390 499 644 654 706 683 541 529 615 745 828 880 819 863 1007 1218 1205 1370 1543 1362 1126 759 492 347 265 183 161 124 120 120 131 132 120 105 123 157 299 579 1031 1524 1645 1675 1205 770 575 329 87 14 1 2 1 0 0 0 0 0 0 0 0 0 0 0 0 0 0 0 0 0 0 0 0 0 0 0 0 0 0 0 0 0 0 0 0 0 0 0 0 0 0 0 0 0 0 0 0 0 0 0 0 0 0 0 0 0 0 0 0 0 0 0 0 0 0 0 0 0 0 0 0 0 0 0 0 0 0 0 0 0 0 0 0 0 0 0 0 0 0 0 0 0 0 0 0 0 0 0 0 0 0 0 0 0 0 0 0 0 0 0 0 0 0 0 0 0 0 0 0 0 0 0 0 0 0 0 0 0 0 0 0 0 0 0 0 0 0 0 0 0 0 0 0 0 0 0 0 0 0 0 0 0 0 0 0 0 0 0 0 0 0 0 0 0 0 0 0 0 0 0 


0 0 0 0 0 132 3995 12979 14008 11839 11466 11320 16293 16913 14314 11002 10660 7694 6746 7104 7449 7781 7595 7216 6981 8807 11032 10082 7726 6698 6636 8586 10849 10315 9026 8110 8857 10094 10352 11419 12649 15143 17231 7808 5122 4300 3869 3729 3761 4237 4276 4614 5351 5530 6320 5317 4180 3740 3906 3736 3590 3502 3426 3626 3777 4353 5679 6562 7310 8298 9769 10110 9947 9088 9028 9507 10602 11239 10058 9049 9179 9281 8769 9355 9976 10182 10299 10700 12004 15032 15829 15538 13663 12023 10948 9463 9150 7486 6142 4896 4211 3715 3457 3454 3655 3532 3344 3152 3136 2976 2736 2393 2381 2166 1979 1754 1593 1498 1392 1216 1162 1098 1112 974 960 996 970 961 868 794 829 756 716 737 747 721 681 675 599 611 671 669 633 625 639 580 625 604 592 556 569 569 574 550 568 542 540 624 662 670 681 757 775 771 767 901 919 938 967 932 922 1034 1144 1229 1286 1267 1359 1257 1236 1220 1156 1162 1140 1123 1154 1036 952 861 874 721 651 603 557 491 483 452 412 338 351 303 329 283 288 304 256 227 246 249 256 252 247 186 205 204 203 167 167 184 212 207 210 195 193 176 207 199 176 208 189 189 178 206 202 213 227 209 213 195 203 201 210 232 238 204 223 227 286 261 363 343 326 411 447 545 697 19881 
0 0 0 0 0 0 0 0 0 73 193 1945 8771 14237 10432 6662 5459 6104 5364 5302 5331 4897 5154 6221 7091 8486 9267 9081 7377 6874 7175 6715 6010 5359 6191 6406 7354 8166 9157 10658 10371 10271 11609 8940 7911 7236 8464 9977 11343 11212 10242 10368 11106 10831 9460 9038 8507 10199 8898 6632 6641 7436 8100 8974 8977 9451 10400 11132 11096 10273 10250 10711 10709 9607 9593 9912 10483 10872 10591 11001 11980 13219 12905 13101 13750 13902 14324 13539 13079 12174 12132 11402 9818 8834 6951 6096 5692 5441 4939 4707 4717 4169 3859 3647 3585 3432 3072 3209 3010 2897 2875 3013 2771 2549 2287 2035 1971 1948 2076 2084 2016 2005 1933 1971 2019 1965 1897 1952 1914 2005 2013 1871 1969 1899 1942 1788 1840 1799 1719 1610 1538 1466 1449 1429 1416 1342 1216 1315 1315 1229 1189 1414 1368 1349 1243 1226 1374 1258 1201 1155 1243 1256 1258 1187 1035 1025 995 943 871 765 701 654 604 569 544 491 452 435 405 402 440 424 432 418 387 375 350 319 349 369 332 337 341 283 296 293 315 335 266 312 278 278 271 277 284 276 229 229 208 210 206 184 188 152 137 163 147 126 114 93 100 106 117 106 86 79 93 99 92 91 98 94 98 91 92 104 85 104 80 102 108 95 102 102 113 109 118 117 143 142 145 168 197 194 238 7824 
0 0 0 0 0 0 0 0 0 0 0 0 397 4287 10197 9712 9260 5804 3905 3567 3764 3826 3364 4082 4863 4631 5201 5169 4611 4748 5376 5380 5875 6183 6406 6290 6221 6212 6121 6266 6879 9766 13362 9931 10117 9397 8675 8013 7901 8200 9410 9178 8874 8512 8130 7285 7948 9202 10224 11998 10647 8672 8358 8211 8088 8365 9366 10382 10406 9977 9759 10475 10572 10185 9888 9964 10224 11162 10602 10734 10185 10130 9796 10373 11881 13301 13769 14212 13164 13000 12792 13880 12778 12123 12321 11996 10982 9913 10598 9690 8828 8955 9565 10424 10313 10053 8976 7291 6154 5352 4208 4037 3880 3558 3133 3036 3088 2849 2725 2346 2105 2013 1834 1815 1881 1887 1929 1873 1744 1522 1445 1443 1367 1345 1351 1306 1268 1098 988 998 983 931 915 870 879 831 859 801 834 811 785 725 639 591 530 525 492 426 429 459 443 414 407 446 359 389 376 347 321 296 297 300 343 324 364 356 336 326 318 318 284 287 290 318 322 342 308 350 341 312 353 316 315 338 309 282 303 299 299 312 312 292 300 318 322 311 296 282 239 271 234 283 243 260 239 279 276 289 283 298 265 291 293 302 262 277 293 237 250 216 201 188 169 180 160 159 153 132 155 162 121 146 126 115 115 124 134 115 165 177 214 191 228 258 328 9008 


