0
0 0 0 0 0 0 0 0 0 0 0 0 0 0 0 0 0 0 0 0 0 0 0 0 0 0 0 0 0 0 0 1 0 0 0 0 0 1 2 4 3 7 6 11 17 21 26 25 23 18 45 26 35 44 53 50 53 53 48 44 39 55 46 62 58 68 76 79 61 105 81 101 104 100 109 76 113 84 91 69 84 72 79 75 84 81 70 78 92 92 111 84 84 86 83 78 100 88 79 82 96 78 87 81 106 90 120 137 129 108 108 70 84 97 87 94 72 85 79 83 76 100 90 116 105 90 114 114 137 160 162 155 211 210 239 196 210 209 222 187 198 207 190 181 165 179 182 152 168 179 195 197 199 256 219 185 162 150 175 177 166 149 137 128 122 105 98 99 102 109 97 92 98 106 92 108 103 100 89 83 89 131 99 77 83 72 83 50 63 82 78 61 72 66 67 59 60 81 76 87 75 79 81 100 102 129 204 318 450 438 410 535 684 864 833 849 778 478 277 192 152 174 225 215 251 235 171 108 67 51 16 22 19 12 16 9 7 12 10 7 8 10 9 11 3 4 9 5 3 2 5 2 2 4 9 9 
0 0 0 0 0 0 0 0 0 0 0 0 0 0 0 0 0 0 0 0 0 0 0 0 0 0 0 0 0 0 0 0 0 0 0 0 0 0 0 0 0 0 0 0 0 0 0 0 0 0 0 0 0 0 0 0 0 0 0 0 0 0 0 0 0 0 0 0 0 0 0 0 0 0 0 0 0 0 1 0 0 0 0 0 0 0 1 1 0 2 0 2 3 3 7 7 13 11 22 16 22 30 27 22 19 34 42 37 35 38 43 25 30 40 37 41 47 44 39 43 50 52 58 64 71 79 92 90 88 70 98 91 134 134 154 181 172 113 131 136 138 140 134 128 134 151 144 147 137 131 159 158 167 155 190 204 261 244 279 265 293 268 266 312 260 274 245 244 249 250 261 229 248 228 265 250 230 204 183 192 190 180 169 173 182 183 210 152 162 192 198 216 223 248 268 450 649 592 442 454 475 509 558 562 652 736 754 687 662 558 402 277 242 256 207 229 206 217 197 161 115 102 70 55 42 29 27 28 17 13 24 17 12 12 10 14 12 13 15 13 6 2 5 6 4 4 4 5 3 3 7 2 3 5 6 10 
1081 1020 614 367 183 173 132 135 103 100 112 107 92 104 97 96 85 94 90 104 93 70 84 81 98 61 85 85 90 71 76 77 64 54 70 61 74 68 75 89 70 72 72 76 69 66 46 74 65 49 37 42 35 38 27 25 30 30 21 18 22 13 14 17 21 21 17 19 19 19 15 18 22 20 18 19 15 13 10 15 15 16 18 16 12 13 11 10 15 8 11 12 18 14 7 12 14 10 4 23 10 11 12 15 13 9 9 12 11 8 8 8 13 11 17 11 7 12 9 8 9 6 11 15 13 12 15 15 15 8 15 24 10 17 13 12 10 12 12 13 10 13 8 20 17 7 12 16 13 16 12 17 13 20 10 17 19 18 18 12 20 17 23 25 27 19 26 23 20 32 14 18 25 19 26 29 30 39 54 50 48 43 60 60 72 90 91 117 150 282 417 500 515 521 551 589 575 611 545 446 425 398 461 397 386 456 593 678 657 671 713 770 722 615 564 396 325 195 148 129 108 80 72 84 65 59 31 28 30 25 20 27 21 12 14 19 13 8 7 8 7 9 2 3 8 6 5 3 3 4 3 1 1 2 5 1 


1054 1393 1161 977 733 573 468 398 354 356 363 429 579 681 976 1389 1670 1837 1936 2030 2052 2077 2104 2202 2292 2417 2333 2099 1815 1596 1513 1301 1141 1012 823 799 742 656 601 535 533 551 536 494 511 508 511 507 519 504 494 481 493 518 506 477 448 441 451 458 434 464 460 469 419 478 443 534 504 516 589 592 624 714 702 701 688 620 614 573 632 605 591 644 628 628 691 702 734 757 798 846 898 877 952 984 1042 1012 1147 1161 1288 1276 1379 1489 1560 1543 1596 1748 1884 1957 2116 2110 2193 2344 2484 2504 2484 2615 2698 2616 2781 2908 3005 2916 2989 3127 3326 3274 3412 3701 3759 4030 4160 4433 4928 5684 6645 7545 8399 9728 10775 12119 13682 14609 15120 14877 14499 14047 13522 13240 13154 13004 12977 12744 12443 12543 13117 14103 14097 13958 13578 13364 12571 12337 12249 12821 13035 12885 12752 12612 12102 11608 10645 9168 8419 7858 7720 7193 6526 6131 6121 5883 5724 5583 5444 5285 4894 4878 4725 4527 4466 4253 4076 3821 3718 3612 3570 3523 3543 3666 3813 3893 4317 4568 4903 5371 5292 5288 5472 5173 5131 5178 5144 5304 5452 5937 6348 6639 6654 6937 7081 7340 6709 5531 4641 4334 3822 3479 3269 2960 2550 2424 2202 1937 1780 1565 1419 1289 1127 966 851 797 720 654 605 549 429 408 393 335 299 321 299 311 310 401 
2 5 16 25 17 29 32 33 54 60 81 113 168 292 483 915 1307 1706 1882 1840 1593 1263 907 690 527 415 364 319 296 271 260 287 281 278 275 300 314 331 346 380 418 461 493 498 524 636 648 741 878 920 1121 1298 1529 1742 1991 2247 2236 2108 1884 1542 1257 1046 781 592 539 491 436 444 416 453 420 412 413 464 472 465 545 533 560 595 565 629 650 705 758 781 779 852 839 986 1031 1085 1080 1223 1269 1348 1491 1439 1602 1633 1739 1816 1923 2017 2045 2047 2219 2185 2237 2344 2410 2414 2451 2452 2382 2405 2437 2298 2297 2304 2187 2227 2180 2072 2050 2036 1921 2012 1771 1784 1696 1626 1654 1587 1465 1457 1403 1362 1400 1302 1317 1231 1225 1210 1274 1188 1217 1183 1233 1184 1207 1149 1134 1152 1145 1159 1236 1209 1345 1524 1816 2146 2490 3123 3779 4606 5414 6208 6923 8073 10073 12251 14373 15722 15982 16426 16748 17273 17670 17933 18245 18668 18998 20102 20695 21377 21064 21783 22269 23057 24346 24745 23948 21504 18549 16096 14109 12691 11744 11060 10320 9641 9927 9852 10022 10196 10516 10045 8932 8087 7939 7608 7368 7205 7076 6569 6450 6581 6044 5521 5045 4356 3873 3366 3082 2723 2336 2247 1944 1748 1568 1423 1251 1185 1004 907 850 737 708 610 567 472 429 376 325 286 275 249 207 208 181 158 150 126 79 30 
10 12 13 16 20 23 25 35 35 39 54 71 90 100 152 220 359 547 824 1288 1577 1879 1949 1786 1471 1042 799 570 462 383 346 286 279 286 266 277 265 320 289 280 310 357 402 456 508 466 444 384 352 325 305 314 293 296 281 260 290 276 269 273 300 329 349 376 387 424 499 494 548 556 597 680 720 750 805 839 1021 1003 1139 1181 1217 1324 1444 1576 1608 1711 1809 1771 1834 1907 2038 2053 2164 2147 2102 2087 2063 1996 2128 2090 1955 1937 1800 1825 1835 1689 1615 1583 1547 1458 1370 1351 1270 1220 1165 1123 1013 992 1054 930 931 902 882 833 775 737 736 656 674 675 646 615 632 600 553 581 563 531 523 488 463 457 478 467 457 455 430 459 441 503 460 509 633 641 779 784 787 816 852 863 805 737 680 568 523 449 455 431 494 451 484 522 575 657 707 721 713 728 788 874 896 1021 1052 1122 1211 1266 1363 1549 1727 2084 2719 3373 4202 5373 6511 7529 8718 9820 10740 11338 13037 16183 19194 21395 24406 26794 29107 30966 32208 32600 33761 34728 35756 37223 38902 41751 43898 42075 36913 30464 23605 18323 14219 10679 8408 6709 5380 4538 3978 3424 3031 2686 2333 2162 1865 1602 1412 1364 1174 1045 995 893 801 754 645 620 540 533 447 476 404 367 368 368 414 376 


