0
0 0 0 0 0 0 0 0 0 0 0 0 0 0 0 0 0 0 0 0 0 0 0 0 0 0 0 0 0 0 0 0 0 0 0 0 0 0 0 0 0 0 0 0 0 0 0 0 0 0 0 0 0 0 0 0 0 0 1 0 0 2 1 1 1 6 3 3 13 19 18 38 27 49 50 68 67 76 73 78 103 84 92 96 135 125 113 111 128 117 117 106 92 108 105 126 135 107 117 128 122 137 112 99 96 89 79 87 78 80 83 77 57 64 67 65 63 62 83 64 72 81 79 111 134 140 190 230 269 288 318 330 340 307 266 277 254 221 210 199 216 173 201 179 162 183 168 209 219 213 227 167 165 171 185 172 139 128 141 150 162 152 159 123 101 124 102 90 75 83 75 79 86 106 74 69 42 40 42 40 38 23 41 32 34 22 45 28 47 37 33 31 32 24 30 32 30 33 36 54 47 37 48 56 60 60 61 72 82 126 190 350 606 736 770 797 851 871 722 421 301 209 191 192 208 255 243 219 166 98 54 42 31 19 20 10 12 12 12 7 9 5 6 5 4 3 6 5 3 8 6 6 3 6 8 24 
0 0 0 0 0 0 0 0 0 0 0 0 0 0 0 0 0 0 0 0 0 0 0 0 0 0 0 0 0 0 0 0 0 0 0 0 0 0 0 0 0 0 0 0 0 0 0 0 0 0 0 0 0 0 0 0 0 0 0 0 0 0 0 0 0 0 0 0 0 0 0 0 0 0 0 0 0 0 0 0 0 0 0 0 0 0 0 0 0 0 0 0 0 0 0 0 0 0 0 0 0 0 0 0 0 0 0 0 0 0 0 0 1 0 1 1 1 0 1 1 0 0 5 2 7 15 11 15 29 28 29 33 42 57 67 67 75 100 83 81 105 110 123 134 155 158 174 183 171 169 180 128 177 193 201 292 321 344 369 383 405 397 363 375 341 332 335 337 330 334 292 300 294 302 256 285 271 249 218 261 208 220 192 183 203 177 136 130 112 123 90 110 105 108 111 114 149 206 373 676 715 583 511 528 589 692 677 594 531 408 315 305 264 291 271 291 257 250 300 216 139 110 73 80 63 43 37 24 33 22 11 11 11 16 15 8 16 13 5 8 9 7 3 9 6 4 7 7 6 5 9 4 6 10 9 12 
1026 949 623 341 223 180 154 144 146 121 109 124 138 118 93 101 111 116 108 96 111 106 92 108 105 103 88 77 61 60 57 59 50 70 58 59 57 58 59 45 56 52 35 30 34 25 24 36 28 26 16 29 29 25 22 30 28 26 24 20 19 21 18 12 19 10 18 12 23 13 21 23 18 18 20 15 29 19 11 16 18 14 20 15 14 12 10 16 18 19 12 5 19 10 9 10 8 7 14 10 8 7 9 16 12 15 10 8 8 12 16 10 16 21 16 11 12 17 5 11 14 10 16 9 11 13 6 6 11 15 7 16 7 15 9 19 18 11 14 14 15 14 18 18 12 13 17 21 18 13 6 20 11 17 19 13 18 14 25 17 12 15 27 25 10 31 35 30 12 26 32 38 39 41 56 48 74 56 82 62 92 68 103 115 160 223 385 502 587 653 835 750 657 518 514 481 414 434 376 413 363 359 324 425 418 670 671 717 655 588 471 326 217 137 85 43 41 32 21 28 20 22 14 12 9 14 8 7 2 0 2 0 1 0 2 3 1 2 1 1 0 1 0 1 0 0 2 0 0 0 0 0 0 2 1 0 


606 862 768 727 636 594 579 552 551 558 564 534 622 687 915 1109 1446 1775 2005 1935 1883 1504 1380 1216 1124 1250 1412 1596 1883 2046 2071 1834 1569 1291 1105 876 793 709 583 546 544 515 544 546 583 606 601 613 623 592 596 631 636 573 543 619 644 613 585 586 606 611 598 657 698 707 705 797 753 713 802 836 795 776 791 799 828 842 888 1002 968 1053 1003 1117 1085 1166 1142 1138 1057 1100 1171 1171 1160 1261 1317 1390 1412 1550 1609 1712 1709 1670 1591 1400 1298 1187 1172 1110 1099 1084 1070 1033 1046 1143 1198 1218 1286 1364 1452 1542 1643 1605 1565 1556 1443 1454 1283 1278 1275 1289 1365 1484 1525 1770 1946 1952 2029 2196 2393 2744 2986 3416 3987 4747 5758 7021 8444 9992 11617 12790 14507 15811 16853 17714 18401 18649 19078 19886 20406 20428 20193 19253 18309 17298 15717 14927 14628 14231 13227 12985 13033 13666 13682 13060 12229 11771 10680 9686 8695 8389 8265 8467 8431 8468 8179 7871 7552 7174 6741 6375 6279 6435 6168 6007 5913 5529 5350 5071 4745 4481 4124 3953 3908 3999 4134 4357 5156 5699 6569 7109 6860 6480 5731 4875 4143 3695 3268 2846 2560 2447 2280 2308 2469 2699 3313 3943 4603 4588 4290 3948 3306 3011 2917 2956 3230 3294 3353 3147 2529 1649 890 486 292 157 110 87 57 52 41 41 56 45 34 36 61 152 
5 7 14 23 14 24 32 47 36 59 71 81 157 243 387 661 1052 1437 1698 1765 1623 1303 1012 683 502 363 235 192 160 164 160 159 122 150 155 136 144 189 214 256 255 306 339 328 387 416 444 522 522 616 656 738 875 907 954 989 1063 1097 1236 1413 1603 1966 2028 1937 1831 1458 1209 963 773 659 644 606 582 597 567 592 592 626 688 761 737 723 840 886 853 970 918 1005 997 1094 1098 1191 1102 1167 1206 1302 1286 1313 1435 1502 1439 1562 1676 1670 1632 1473 1354 1222 1098 1057 950 934 862 888 842 851 816 854 788 835 937 958 982 1066 974 893 760 631 561 507 534 525 562 592 576 627 676 660 658 630 669 693 683 734 740 756 706 768 803 759 773 811 867 937 979 1093 1109 1197 1235 1357 1414 1625 1712 1943 2071 2316 2763 3159 3766 4485 5329 6263 7223 8312 9713 11264 13036 15189 17037 19768 21860 25182 27287 28779 28773 27894 26691 26141 25522 24851 24993 24265 22719 21203 19933 19511 19151 17596 16612 15470 14263 13673 13393 13834 15101 16341 16382 15643 14417 13468 11822 9934 7948 6011 4756 4030 3727 3577 3590 3364 3706 3697 4240 4329 4313 4156 3750 3047 2530 1765 1127 755 547 441 441 328 293 231 176 127 111 81 94 40 35 33 29 16 17 23 13 21 23 25 68 127 
0 1 1 0 3 6 14 14 13 22 18 40 46 68 102 175 292 494 755 1116 1355 1662 1707 1647 1354 950 677 486 335 250 185 168 152 175 176 192 225 247 200 208 173 163 166 161 143 139 156 179 194 217 242 264 303 314 352 345 361 352 350 312 310 296 295 269 280 294 305 339 306 324 387 367 376 386 423 397 391 416 426 444 422 433 421 389 393 428 402 392 367 421 428 435 421 483 471 511 540 536 569 612 674 654 687 681 797 820 865 981 1051 1022 1073 1040 924 773 710 635 578 485 488 423 386 383 474 476 472 544 616 659 649 598 538 515 410 384 348 313 284 281 280 278 241 256 281 306 320 347 385 397 397 368 377 361 310 335 353 365 394 434 414 442 505 538 598 557 575 591 610 597 591 646 643 693 757 769 838 901 1003 1072 1286 1354 1512 1608 1709 1875 1880 1932 2104 2255 2432 2602 3050 3485 4055 4879 6072 8071 10272 12382 14531 16420 19085 22559 26980 32705 39944 49077 56637 58543 55051 47510 41274 34806 30216 26703 25669 25990 27356 28752 28732 28211 25346 19758 13661 7886 4586 2735 1884 1395 1081 927 789 672 632 560 398 321 233 158 127 92 69 57 57 41 32 29 18 26 14 15 29 27 30 28 52 67 


