1
0 0 0 0 12 21 25 57 65 86 96 123 108 153 150 172 168 196 245 287 302 296 321 414 431 407 469 531 551 516 467 438 484 428 488 470 509 441 419 412 459 508 372 444 520 559 541 521 521 521 520 607 583 596 552 529 569 608 600 640 762 811 716 855 882 952 1053 1117 1083 1109 1096 1010 975 1125 1012 1035 1064 944 869 880 924 806 748 757 782 703 674 605 549 482 399 326 339 310 294 299 290 286 276 211 207 204 171 147 164 182 165 192 151 113 143 107 117 109 98 81 87 95 90 89 87 89 82 86 83 65 63 61 73 63 45 69 52 57 51 35 49 42 40 41 36 40 39 45 34 36 42 45 25 44 33 38 35 28 33 38 35 34 30 38 29 31 34 28 29 33 30 27 24 38 30 30 34 16 21 20 26 14 16 16 18 14 24 22 15 19 14 15 12 24 13 8 15 9 9 14 12 12 10 10 8 2 12 6 4 8 6 4 9 2 7 6 3 2 1 5 7 3 2 1 3 2 5 3 2 3 1 3 2 2 1 4 1 5 1 3 1 1 1 1 2 1 2 0 0 1 1 0 1 4 1 1 0 1 2 5 
0 0 0 0 0 0 1 3 4 11 4 12 14 21 19 20 18 24 39 32 41 59 58 70 67 84 85 101 83 96 98 111 129 152 142 164 171 155 185 238 209 246 269 274 264 258 266 229 207 213 218 199 208 221 244 230 298 292 287 308 275 279 271 251 250 237 224 201 246 277 250 247 298 387 398 446 490 646 691 683 940 887 893 872 909 950 1012 1006 1026 1162 1053 937 880 889 879 870 905 828 676 587 514 511 527 452 468 472 467 457 460 462 422 434 376 355 321 307 289 307 325 273 304 314 252 283 229 261 226 251 252 265 231 211 227 162 192 180 191 178 155 167 192 184 176 183 183 174 166 165 193 174 186 208 214 196 209 211 229 209 220 235 210 198 184 187 191 197 140 153 139 142 145 124 126 139 147 130 118 117 97 129 134 89 144 91 91 84 107 112 106 87 91 92 65 63 65 86 65 61 54 53 53 54 53 53 43 50 48 72 55 47 44 44 45 52 43 48 39 48 45 44 26 45 39 44 39 37 30 42 32 27 31 30 44 31 29 28 26 24 21 35 36 24 25 36 31 30 25 36 23 35 25 31 36 52 55 402 
0 0 0 0 0 0 5 6 6 9 11 3 10 18 21 26 29 39 48 49 50 93 99 106 110 133 144 154 165 182 215 237 247 251 256 289 308 341 355 346 374 346 335 373 342 356 368 366 374 387 381 414 472 456 453 438 444 449 391 460 413 394 438 401 395 416 388 396 439 435 376 403 427 449 443 456 427 452 444 446 425 408 403 410 435 504 546 548 618 639 720 791 850 855 905 917 954 884 873 900 828 959 1006 924 856 821 653 685 604 537 509 542 437 409 331 307 371 323 322 323 272 261 238 236 210 231 217 178 201 191 193 165 210 181 182 178 183 168 175 149 172 166 159 137 152 153 107 110 125 125 137 121 97 91 117 109 121 118 114 83 111 95 95 104 74 80 98 83 87 89 69 94 63 77 53 42 71 58 55 67 40 43 40 53 66 32 39 44 47 46 45 51 37 46 52 51 47 32 37 41 38 32 30 29 30 34 35 36 32 28 37 45 23 16 40 36 29 25 42 26 21 26 31 26 29 30 26 31 24 34 25 22 13 22 22 17 24 21 15 13 15 17 16 20 13 15 9 11 18 19 14 14 23 22 21 132 


24 0 1 1 3 7 3 3 2 8 10 7 9 4 5 5 3 8 14 13 19 11 13 14 14 16 23 32 26 40 26 31 24 29 19 16 28 23 31 32 26 19 15 17 16 32 23 24 14 25 20 25 21 22 28 31 34 35 40 28 47 51 42 62 70 63 76 86 107 119 119 146 162 191 238 265 315 383 460 556 684 826 1022 1268 1475 1812 2216 2339 2647 2977 3326 3874 4405 4762 5116 5493 6243 6866 7778 8218 8500 8843 8942 9767 10988 11941 12370 12483 11813 11774 11947 12377 12321 11112 10679 10345 10590 10869 10734 10117 9832 9354 9583 9822 10087 9957 10085 10112 10699 10508 11064 11329 11497 10763 10324 9794 9872 10108 10474 9863 9272 8389 7852 7753 8018 7593 7658 7131 7101 7206 7587 7943 7888 7447 7242 6970 7098 7364 7451 7805 6855 6551 6485 6523 6857 6677 6386 5848 5651 5772 5760 5920 5760 5546 5302 5272 5264 5182 5261 5149 4860 4766 4903 5055 4691 4493 3913 3646 3734 3870 4031 4251 3456 3292 3083 3375 3508 3510 3395 3013 2846 2815 2926 2950 2804 2491 2283 2034 1978 1950 2132 1907 1676 1652 1725 1727 1738 1527 1406 1552 1572 1758 1746 1847 1554 1635 1705 1757 1651 1563 1575 1578 1698 1509 1326 1178 1125 1101 1230 1401 1209 1128 1434 1609 1392 1285 1236 1399 1315 993 858 736 724 599 599 2995 
24 0 0 0 0 0 2 3 2 2 2 1 0 1 1 1 3 1 2 0 1 1 0 0 0 0 4 1 2 2 1 1 1 2 4 3 5 4 4 9 13 7 16 18 13 16 15 7 7 11 9 15 10 13 12 10 12 17 15 20 27 22 15 19 18 19 20 21 22 33 32 24 33 41 33 38 41 35 78 78 76 68 78 75 102 135 145 118 150 161 156 186 199 268 326 361 418 534 627 726 818 928 1031 1375 1638 2086 2523 2643 2708 2956 3327 3933 4365 4495 4924 5179 5882 6752 7611 8119 8338 8485 9183 10348 11517 12635 13090 12609 12779 12329 13013 13800 13493 12509 11622 10893 11032 11646 11959 11527 11146 10600 9947 10517 11074 11570 11509 10947 11285 11828 12815 13321 13093 12156 11271 10765 11131 11885 11906 11775 9855 8867 8893 9262 9771 9889 9494 8570 8171 8265 8964 9519 9590 9024 8390 8069 8192 8766 8896 8229 7526 7432 7851 8171 8468 8155 7363 6350 6482 6766 7019 7269 6190 5356 5267 5109 5425 5586 4963 4487 4145 4220 4651 4715 4498 4129 3351 3057 3198 3326 3315 2994 2525 2443 2505 2633 2574 2039 1819 1923 1964 1863 1895 1693 1459 1750 1896 2047 1929 1504 1280 1130 994 858 724 521 419 311 276 217 140 104 98 59 31 18 9 6 4 2 8 7 19 14 22 1622 
24 0 0 0 0 0 0 1 2 0 3 2 3 0 1 4 1 4 1 2 2 3 5 4 9 11 15 7 4 8 8 18 15 13 7 15 18 15 23 20 25 25 23 27 25 17 19 19 18 25 27 20 22 24 23 24 19 17 13 25 14 16 15 12 19 13 13 5 14 10 31 19 17 15 23 17 20 21 23 29 24 33 29 31 32 36 38 44 56 47 72 66 49 66 72 80 52 59 89 106 108 125 137 163 163 225 230 240 304 321 402 454 536 636 671 781 918 1147 1399 1601 1847 2020 2493 2819 3406 3764 4074 4383 4808 5030 5602 6065 6558 6924 7042 7455 8166 9261 10530 11356 11263 11041 11170 11818 12701 12916 12824 12436 12613 13458 14181 14649 13819 13115 12273 12142 12754 13772 14020 14685 12929 12093 11955 12691 13292 13483 13236 12807 12236 12467 13005 13507 13364 12545 11574 11300 10939 11359 10919 10335 9851 9211 9361 9649 9508 9346 8492 7961 8251 8569 9162 9624 8243 7220 6889 6948 7077 7050 6374 5752 5696 5399 5668 5931 5687 5308 4726 4484 4771 4994 5180 4798 4475 4246 4406 4548 4274 3893 3616 3880 3840 3905 3847 3626 2977 3009 2974 2829 2704 2424 2205 2174 2238 2166 1765 1510 1315 1262 1061 866 587 434 367 310 242 205 107 107 64 45 17 33 25 17 29 1623 


