0
0 0 0 0 0 0 0 0 0 0 0 0 0 0 0 0 0 0 0 0 0 0 0 0 0 0 0 0 0 0 0 1 0 0 1 0 0 1 1 1 4 1 0 12 10 22 20 27 31 33 35 40 30 35 33 35 46 40 56 48 72 64 68 93 96 103 101 116 122 118 123 141 159 166 174 206 179 203 156 144 140 133 129 114 112 99 94 75 79 59 55 46 57 49 46 32 47 57 69 74 83 102 94 78 87 81 72 97 68 72 69 70 51 68 66 46 56 76 65 61 66 56 76 75 67 83 82 82 80 81 110 91 103 112 118 113 137 153 159 172 212 212 217 183 235 218 225 242 228 250 270 282 285 264 267 282 249 266 212 221 208 195 186 192 168 165 164 139 169 146 177 163 177 178 181 181 178 141 121 122 119 110 63 68 58 40 41 50 44 40 58 54 49 49 62 78 100 125 143 220 286 408 477 608 646 746 845 773 735 559 347 204 153 127 106 129 116 148 187 214 157 108 87 52 36 17 19 12 13 2 9 4 2 8 6 7 7 5 5 1 4 4 4 5 2 4 6 4 4 5 2 3 3 5 9 8 
0 0 0 0 0 0 0 0 0 0 0 0 0 0 0 0 0 0 0 0 0 0 0 0 0 0 0 0 0 0 0 0 0 0 0 0 0 0 0 0 0 0 0 0 0 0 0 0 0 0 0 0 0 0 0 0 0 0 0 0 0 0 0 0 0 0 0 0 0 0 0 0 0 0 0 0 0 0 0 0 0 1 0 0 1 0 1 2 1 1 2 3 7 9 18 11 22 21 23 31 24 33 32 34 18 38 36 38 41 35 57 49 61 55 58 59 84 94 101 107 125 149 158 153 146 170 178 192 212 206 233 221 216 212 196 179 186 186 168 196 163 173 167 152 140 150 125 118 115 97 125 127 138 132 172 189 218 197 213 219 224 208 203 163 173 170 163 150 192 171 182 170 199 216 224 228 283 276 315 341 310 365 347 431 418 491 566 655 745 732 783 755 746 755 688 632 604 551 480 391 295 261 172 147 164 145 137 155 168 166 123 99 83 93 86 61 55 30 23 23 16 9 9 13 9 10 5 9 8 2 5 8 6 8 3 2 7 2 5 5 3 3 2 2 3 2 2 5 1 3 5 1 2 4 6 9 
755 822 614 346 226 172 128 169 151 136 162 168 167 194 203 192 180 171 181 157 150 139 107 99 83 56 57 66 55 52 59 46 45 61 53 70 60 56 61 40 51 51 57 35 39 48 40 30 21 33 31 34 28 33 29 27 23 19 22 20 32 14 13 10 20 15 12 10 22 18 24 11 18 17 14 16 18 24 12 21 12 13 13 11 10 16 11 13 16 13 10 15 9 10 7 12 14 16 18 9 11 18 18 17 14 10 21 12 14 15 17 15 9 15 14 15 18 11 6 14 15 13 9 8 15 14 10 19 14 15 13 10 16 16 10 14 15 9 8 9 12 14 18 12 17 16 11 14 17 25 18 23 24 40 28 35 25 22 37 42 30 29 37 48 35 65 53 59 69 79 75 102 103 116 162 166 198 243 285 435 540 592 517 488 448 391 343 259 273 267 269 249 267 282 303 280 306 329 396 449 633 648 587 597 537 569 574 549 507 406 393 394 366 296 246 177 110 63 46 21 22 14 9 6 4 8 2 5 3 1 1 2 0 3 3 0 0 0 0 0 0 0 0 1 0 0 0 0 0 0 0 0 1 0 0 0 


920 1262 1207 1117 922 823 714 617 506 488 456 446 433 401 397 397 407 435 478 566 578 675 821 1018 1277 1501 1725 1802 1735 1594 1526 1318 1153 1129 1027 979 971 884 885 871 864 794 837 791 742 737 697 767 646 685 691 689 701 742 807 799 805 928 968 995 1017 986 1071 1093 1066 1074 1227 1201 1294 1193 1388 1309 1260 1198 1217 1149 1182 1198 1152 1295 1225 1230 1309 1320 1358 1381 1404 1414 1368 1439 1453 1405 1490 1475 1480 1440 1450 1493 1575 1510 1598 1574 1538 1581 1649 1614 1628 1596 1636 1609 1484 1615 1525 1529 1501 1563 1646 1580 1735 1775 1882 1903 2039 2225 2244 2491 2595 2657 2993 3156 3340 3596 3760 4207 4510 4999 5283 5960 6602 7396 7989 8813 9950 11189 11897 12753 13837 14935 16031 17277 18722 19026 19335 19200 19622 19818 18883 18400 17024 16162 14996 14585 13898 13264 11333 10232 9514 9175 9238 9419 10061 9914 9266 8668 8086 7317 6669 6350 6176 5884 5745 5636 5594 5473 5423 5366 5008 4790 4859 4447 4627 4587 4498 4501 4256 4177 4033 3884 3752 3710 3683 3769 3747 3816 4071 4249 4475 4791 4853 5019 5133 5253 5966 6396 6578 7270 7858 8223 7718 6905 5937 4675 3607 2738 2285 2036 2000 2019 1847 1935 1877 1932 2031 2126 2289 2204 2189 2054 1942 1682 1319 1023 728 526 374 257 193 164 149 138 117 88 69 81 91 86 
4 8 14 12 14 15 20 22 30 37 32 52 63 77 119 131 155 202 273 300 403 474 484 547 627 666 739 806 769 793 808 776 726 733 621 567 534 530 526 450 484 472 487 500 617 682 855 1051 1262 1350 1583 1640 1544 1377 1353 1366 1378 1335 1300 1194 1089 1026 952 886 845 883 818 787 813 800 843 870 894 917 921 1009 1025 1154 1173 1169 1345 1323 1305 1412 1325 1310 1389 1307 1292 1311 1311 1323 1319 1363 1229 1265 1283 1262 1158 1204 1135 1200 1163 1163 1142 1111 1172 1166 1056 1106 1085 1064 1064 988 1062 982 984 958 942 918 861 847 900 892 942 966 1043 1053 1218 1217 1240 1165 1157 1093 1037 1025 1031 974 967 981 937 1050 1072 1137 1181 1203 1300 1286 1240 1309 1428 1410 1592 1635 1806 2014 2330 2663 2865 3114 3339 3505 3757 4011 4308 4839 5697 6746 8219 10184 12294 14717 17359 18930 20189 21476 23788 25475 27744 29045 30208 30091 29133 26980 24916 24091 23313 21916 20126 19144 18497 18462 16612 14619 12966 11674 10638 9577 8802 8064 7791 7297 6987 6629 6379 6265 6384 6470 6466 6637 7090 8278 8928 9128 8799 7816 6897 5575 4876 4143 3668 3434 3126 3017 2823 2646 2499 2293 1893 1472 1170 891 787 733 678 540 426 301 223 190 117 121 97 87 80 58 57 54 56 42 30 26 24 34 32 52 
213 208 173 133 92 70 63 56 68 78 99 78 115 144 193 290 297 401 436 480 574 589 679 731 792 837 852 896 832 785 634 496 423 405 303 305 262 271 266 267 285 341 400 529 531 623 613 704 653 616 562 546 470 463 451 429 440 475 470 545 583 576 636 695 717 789 829 929 883 958 874 922 907 884 914 873 863 813 764 794 659 646 651 592 527 531 444 481 409 343 365 362 331 323 352 285 319 323 325 320 293 303 345 342 402 435 446 488 579 638 688 718 732 778 855 888 866 858 854 814 815 788 739 773 703 694 637 625 610 614 539 521 514 524 542 591 610 539 576 586 590 762 820 824 873 912 784 814 741 718 654 652 709 666 694 666 703 736 741 778 765 815 823 857 852 925 943 979 1008 1091 1163 1215 1382 1364 1421 1535 1689 1731 1991 2413 2632 3325 3574 4037 4128 4295 4419 4221 4569 5087 6000 7024 7814 8603 9476 10490 12511 15192 19566 24662 29637 33660 37439 40186 42983 45946 47934 48428 48765 47386 44144 39302 32725 25486 19511 15231 13534 12307 11050 10448 9406 8542 7354 6087 4717 3475 2413 1892 1373 1015 767 700 536 437 375 322 278 238 211 180 167 135 112 99 90 79 62 61 50 45 38 27 29 30 41 10 


