0
3155 1139 771 598 515 524 458 400 411 376 391 377 373 388 403 405 445 439 458 525 539 583 582 611 603 640 660 631 687 718 754 692 757 678 654 638 620 650 619 628 594 604 581 596 674 721 801 819 774 910 960 962 941 924 985 973 898 871 840 809 833 751 738 773 718 708 654 569 512 488 445 436 426 365 337 316 282 271 244 266 244 240 179 203 148 148 112 77 86 56 62 41 46 31 34 24 23 14 17 13 11 11 11 5 8 10 8 4 8 5 7 5 8 7 6 3 2 4 2 4 7 5 0 3 3 2 1 2 0 0 1 1 6 1 1 1 1 0 2 0 2 3 2 2 3 2 1 2 0 3 1 0 2 0 1 2 2 1 2 0 1 2 0 0 3 1 3 4 1 2 0 1 1 1 1 0 1 2 0 0 1 0 0 1 0 1 2 1 3 1 1 0 0 0 0 0 0 0 1 1 0 0 0 0 0 1 0 0 0 0 0 0 1 0 0 0 0 0 0 0 0 0 0 0 0 0 0 0 0 0 0 0 0 0 0 0 0 0 0 0 0 0 0 0 0 0 0 0 0 0 0 0 0 0 0 0 
3787 1304 901 669 633 594 614 576 563 612 623 722 709 765 787 718 753 783 804 758 727 737 727 719 681 723 661 627 664 668 623 636 613 671 636 617 668 637 836 880 824 941 1018 1078 1079 1194 1173 1235 1204 1223 1023 825 914 820 788 744 667 580 572 491 448 357 308 291 272 237 229 174 173 145 133 120 83 112 114 87 65 79 73 54 37 37 34 25 16 23 17 22 9 10 19 16 9 14 10 12 9 5 12 10 1 7 7 4 4 9 3 3 5 5 2 8 3 7 6 3 2 6 4 1 3 4 2 0 0 1 2 1 0 1 2 1 3 1 3 3 1 2 2 2 1 1 2 0 0 1 1 4 0 2 4 1 2 2 1 1 2 2 2 1 1 1 0 1 1 0 1 0 0 1 1 2 1 2 0 0 0 2 0 1 1 0 1 0 1 0 0 0 1 2 1 0 0 0 0 0 0 0 0 1 0 0 0 0 1 0 0 0 0 1 0 0 0 0 0 0 0 0 0 0 0 0 0 0 0 0 0 0 0 0 0 0 0 0 0 0 0 0 0 0 0 0 0 0 0 0 0 0 0 0 0 0 0 0 0 0 
4249 1492 1179 994 1016 993 988 985 952 869 905 944 886 844 987 852 846 941 811 770 851 878 876 884 848 949 878 857 821 840 802 816 851 840 890 925 953 924 966 1071 964 1008 956 987 946 854 751 634 664 571 469 508 398 413 369 358 248 210 169 183 164 122 108 126 127 102 95 94 98 92 85 56 57 54 60 36 40 28 25 27 30 17 23 17 10 21 17 12 13 11 14 13 9 8 11 5 4 4 10 9 9 3 6 3 3 3 5 1 5 4 3 5 3 2 3 2 5 6 5 4 2 3 3 2 2 5 1 0 3 1 0 1 0 2 1 3 1 3 1 1 4 2 1 1 2 0 0 1 2 1 2 0 3 1 0 1 1 2 0 1 1 1 2 0 2 0 0 1 0 0 3 0 1 0 1 0 0 0 1 0 1 0 0 0 0 0 0 0 0 2 2 0 0 0 0 0 0 0 0 1 0 0 0 0 1 0 0 0 0 1 0 0 0 0 0 0 0 0 0 0 0 0 0 0 0 0 0 0 0 0 0 0 0 0 0 0 0 0 0 0 0 0 0 0 0 0 0 0 0 0 0 0 0 0 0 0 


1 2 2 4 6 15 16 18 11 10 13 17 17 14 28 22 24 21 35 31 36 43 53 48 44 45 45 46 33 43 57 52 61 57 49 57 50 55 77 55 65 55 71 71 72 85 82 87 92 86 99 86 75 90 100 83 132 121 132 130 110 144 166 156 151 169 200 237 224 266 268 327 391 396 426 509 570 565 665 717 760 826 893 999 1110 1106 1239 1286 1315 1472 1456 1565 1626 1656 1771 1813 1990 2083 2136 2239 2367 2419 2596 2737 2762 2916 3123 3152 3178 3431 3478 3701 3778 3948 4125 4143 4388 4371 4450 4468 4606 4550 4610 4659 4749 4836 4792 4802 4860 4737 4711 4862 4785 4707 4910 4715 4916 4998 4803 5010 5077 5174 5205 5395 5606 5645 5807 6171 6487 6844 7152 7438 7957 8582 8961 9613 10243 10995 11677 12472 13315 14441 15410 16099 17471 18368 19452 20491 21199 22248 23116 23595 24295 24571 24558 24523 24078 23800 22795 21934 20924 19240 17634 15991 14500 12776 11224 9710 8388 7085 6061 5045 4401 3667 2990 2496 2028 1597 1373 1136 897 749 646 497 395 353 272 232 183 178 171 131 74 81 66 73 48 42 38 19 27 21 15 12 5 6 11 8 7 4 7 4 4 4 1 1 2 2 4 3 0 3 1 1 0 1 0 2 1 0 0 0 0 0 0 0 
1 3 0 10 11 23 25 31 20 30 21 21 21 32 36 34 20 26 47 49 49 54 56 50 59 53 48 58 56 48 56 55 63 65 81 63 63 69 87 69 79 80 75 83 83 66 80 80 87 101 85 83 88 77 95 103 118 127 108 121 105 104 130 116 135 133 139 146 154 172 218 241 225 238 290 322 370 397 443 457 528 587 663 706 698 840 920 992 1052 1142 1150 1248 1382 1413 1440 1529 1600 1647 1649 1852 1961 2087 2202 2236 2340 2413 2597 2663 2874 2921 3018 3068 3303 3445 3469 3683 3666 3957 4019 4127 4421 4331 4376 4376 4491 4596 4746 4635 4697 4738 4898 4721 4761 4690 4747 4907 4769 4685 4875 4866 4884 4886 5093 5078 5048 5179 5310 5410 5643 5809 5902 6281 6641 6876 7423 7707 8287 8664 9176 9799 10524 11261 12025 12759 13782 14726 15643 16775 17571 18604 19809 20873 21505 22502 23248 24051 24095 24394 24609 24495 24093 23240 22321 21364 20269 18821 17187 15490 13920 12232 10870 9399 8108 6883 5862 5010 4075 3639 2824 2473 1952 1560 1362 1112 931 739 604 477 397 325 305 208 215 175 152 125 88 79 74 58 53 37 32 27 26 24 13 5 7 13 9 9 5 6 6 5 4 3 2 4 1 3 2 2 0 2 4 0 1 2 0 0 0 0 0 0 
1 4 7 25 17 25 29 28 36 30 21 32 26 36 45 43 45 47 47 67 64 54 65 42 65 68 51 66 62 77 68 64 63 82 70 78 80 74 73 65 87 64 77 72 68 92 84 73 87 98 90 71 83 84 110 82 84 85 108 81 89 103 96 100 108 98 114 123 115 120 123 146 151 172 131 175 162 204 218 214 252 261 337 337 379 409 481 557 600 606 723 768 834 912 1085 1076 1163 1282 1294 1462 1465 1535 1577 1641 1876 1932 1997 2143 2203 2340 2458 2669 2684 2769 2924 3093 3192 3316 3481 3575 3734 3872 3975 4066 4229 4385 4399 4463 4638 4560 4730 4836 4828 4997 4930 4863 5025 5023 5057 5071 5115 5099 5119 5143 5234 5345 5333 5549 5435 5724 5676 5902 6057 6245 6591 6950 7204 7553 8159 8352 9087 9559 10081 11015 11478 12658 13492 14255 15138 16404 17241 18410 19324 20413 21533 22120 23205 23875 24009 24737 24994 25118 24524 24075 23338 22482 21269 19932 18417 16548 14865 13168 11721 10141 8818 7436 6321 5268 4581 3722 3154 2661 2109 1730 1446 1108 975 764 664 540 401 375 319 244 178 168 139 125 111 87 75 70 44 40 37 29 31 21 10 14 11 13 11 11 11 7 5 9 2 5 2 3 9 2 2 3 3 2 2 4 2 4 0 0 0 0 


