1
0 0 14 40 55 93 131 215 303 263 282 225 231 293 317 381 401 391 417 520 578 490 456 489 489 448 395 403 366 371 392 337 458 419 455 510 552 538 554 626 623 719 695 720 708 740 684 736 757 687 722 654 630 595 634 598 622 603 569 622 638 774 853 876 971 963 1003 925 979 940 1024 1137 1169 1118 1060 937 934 845 919 861 712 590 546 490 445 412 374 292 277 211 237 212 207 186 186 160 169 177 167 146 160 162 130 131 116 107 114 124 111 99 101 80 98 101 83 82 93 93 88 95 88 71 69 91 66 77 71 71 66 56 55 58 48 47 42 42 54 63 54 50 49 36 38 41 39 45 49 42 46 47 31 33 35 30 36 33 31 40 35 22 24 23 25 23 27 19 12 20 21 13 15 9 15 17 11 14 13 11 9 12 6 11 11 9 10 7 11 16 7 8 6 5 15 3 4 3 4 5 4 3 3 3 2 5 4 3 2 6 4 2 1 4 0 0 3 0 0 2 2 0 2 3 1 0 0 1 0 0 1 1 1 0 1 0 1 0 0 0 0 1 0 0 0 0 0 0 0 0 0 0 0 0 0 0 0 0 
0 0 0 0 5 7 13 11 22 28 25 23 34 24 54 51 78 83 110 145 153 171 188 226 374 366 208 202 185 185 170 157 181 220 225 140 140 109 133 135 151 135 133 149 178 203 218 231 273 294 318 316 277 296 318 280 264 300 325 296 316 288 353 342 344 348 380 351 357 425 429 428 484 523 597 687 750 855 927 1009 1061 1001 1103 1163 1225 1301 1255 1215 1076 1041 987 1016 773 664 583 533 600 528 519 457 462 416 371 347 329 314 335 315 283 301 296 273 266 269 244 256 259 282 258 251 289 297 274 285 288 271 268 275 278 299 287 265 261 256 251 243 289 259 261 220 227 206 206 237 183 179 203 184 171 203 154 166 134 136 157 146 141 121 145 135 116 106 106 87 98 118 96 91 87 94 88 78 94 81 79 87 70 79 79 81 51 56 88 51 65 62 67 61 50 66 68 59 53 48 64 47 54 39 36 60 36 41 39 38 39 39 33 31 27 32 36 26 40 32 28 24 36 23 26 29 23 26 21 16 25 23 20 17 16 18 14 17 21 20 14 12 13 18 22 17 16 9 16 16 15 19 7 15 16 11 17 8 15 12 17 39 
0 0 0 4 7 12 12 18 14 23 45 74 117 156 150 114 154 137 169 170 218 247 258 214 247 256 266 293 397 522 400 353 391 368 338 345 308 344 269 310 316 318 290 302 347 352 431 400 435 476 490 548 533 546 523 546 539 504 492 499 564 544 540 477 515 484 486 410 439 426 399 404 385 316 391 366 377 352 343 357 378 374 360 330 353 339 392 470 527 717 771 852 955 844 901 942 1115 1058 1087 1046 941 960 968 825 788 590 498 486 471 499 468 364 316 308 291 302 247 235 275 234 245 248 229 225 203 209 195 201 210 203 155 148 166 163 157 150 169 152 147 130 109 117 90 99 107 89 84 87 110 74 89 90 87 78 85 92 74 68 69 79 81 72 62 69 67 63 62 67 51 67 48 60 57 56 61 41 46 53 49 38 35 42 38 33 49 43 27 39 31 41 33 33 30 37 34 27 28 24 23 20 22 28 21 22 19 20 27 26 19 12 15 16 14 16 17 18 13 19 18 21 10 15 6 11 14 15 10 11 11 13 13 7 11 6 22 12 7 4 6 4 11 1 5 3 4 5 3 5 4 5 4 4 3 2 8 7 


24 0 6 13 18 14 14 27 27 32 39 57 64 79 110 175 223 192 239 188 174 184 156 176 191 181 166 178 210 211 182 228 274 237 268 317 417 481 493 500 424 424 511 554 496 430 406 362 376 359 327 296 263 213 208 231 281 266 265 308 364 360 389 444 464 513 569 684 699 841 994 1136 1206 1499 1893 2200 2480 2948 3379 3853 4248 4570 5325 5983 6150 6483 6860 6792 6765 6634 6844 7132 7606 7755 8776 8934 9285 8725 8846 9365 10249 11165 11945 12426 12902 12848 12413 12185 12155 13184 14015 14016 14193 14203 13602 13182 12766 12993 13742 14332 14855 15038 14923 14458 13445 13013 12986 13154 14921 14057 13732 13364 13037 12289 11132 10289 9693 9789 9880 10107 9867 9629 8968 8520 7853 7539 7662 7835 8073 8102 8490 8035 7476 7118 6526 6333 6367 6658 6342 6624 5729 5188 4800 4415 4191 3893 3701 3558 3265 3179 2887 2363 2202 1917 1913 1770 1719 1517 1390 1283 1204 1106 1117 1000 984 1036 980 879 901 786 689 666 557 572 638 583 546 506 435 329 338 318 315 248 276 184 137 118 104 119 103 91 75 98 86 105 115 107 97 92 109 102 91 112 123 108 116 148 144 119 143 150 138 153 171 173 199 169 203 197 205 237 216 244 235 245 286 275 302 285 337 421 458 624 863 4883 
24 0 1 1 6 3 11 4 2 2 2 11 0 5 6 17 11 30 32 60 105 105 109 115 96 118 142 160 204 183 193 182 199 204 222 214 207 184 200 214 234 279 372 483 567 586 438 425 408 375 460 443 440 424 374 348 327 302 280 290 300 243 187 252 233 251 249 276 241 267 252 242 279 257 290 333 366 393 424 475 498 545 536 692 673 748 722 759 888 874 973 1136 1442 1598 1886 2204 2819 2731 3127 3628 4428 5224 6190 6724 6877 6966 6671 6264 6448 7047 7776 8324 9350 8827 8782 8698 8465 8923 10174 11330 12327 13305 14030 13723 12959 12301 12694 13915 16645 16801 16962 16774 16849 16371 15720 14589 13900 14524 15986 16508 16735 16932 16932 16131 15017 13851 13803 14604 15230 15414 14823 14251 13088 11799 10489 9931 9914 10751 10918 11401 10287 9608 8846 8033 7747 7835 8348 8467 8170 7815 6775 5978 5057 4647 4558 4434 4429 4069 3952 3480 3102 2679 2415 2331 2315 2389 1964 1713 1717 1569 1328 1297 1225 1161 1127 958 777 683 537 391 360 345 279 260 236 232 245 221 236 266 262 249 279 286 269 278 270 252 223 227 257 240 238 230 215 183 175 172 133 142 138 146 114 129 102 118 91 92 109 89 79 102 57 51 45 32 26 23 27 33 28 36 20 32 27 1625 
24 0 0 0 2 5 4 9 8 4 1 7 15 16 37 10 28 19 16 26 40 33 51 68 83 78 110 120 131 157 212 210 219 194 194 210 250 251 226 213 237 201 247 317 384 411 402 382 424 505 664 622 580 558 548 523 549 503 544 583 509 445 405 401 357 368 344 338 363 360 328 301 327 321 348 381 420 393 408 415 430 413 430 450 521 532 638 604 676 611 641 675 752 748 887 876 894 901 1033 1027 1053 1191 1245 1356 1382 1498 1584 1790 1991 2383 2667 2981 3502 3764 4085 4161 4295 4553 5310 6236 7064 7691 8247 8167 7840 7565 7677 8530 10035 10202 10776 10798 11447 11695 11843 11410 11505 11913 13292 14808 16034 16276 17218 17191 16679 16036 16649 18393 19524 19610 20366 19656 19033 17654 16333 15866 16193 17291 17976 18871 17115 16146 14032 13013 11907 11776 11851 11569 11005 10070 9372 8122 7269 6566 6127 6341 5973 5924 5708 5504 5164 4682 4469 4601 4642 5085 4736 4751 4469 3959 3682 3521 3320 3254 3190 3157 2981 2668 2408 2181 2054 2108 2077 1991 1962 1804 1555 1291 1046 986 927 851 733 701 607 452 348 296 231 226 164 91 74 42 18 9 5 16 7 3 8 2 4 4 6 7 11 8 6 5 7 8 14 23 11 13 8 8 4 6 5 8 11 11 33 1624 


