1
0 82 354 769 953 1198 2080 1646 1364 1511 1531 1526 1773 1830 1785 1662 1821 1955 2078 2358 2238 2210 2172 2425 6102 14329 14619 8416 4767 3535 2606 2301 1813 1615 1631 1701 1451 1292 1061 734 566 513 473 464 350 474 385 326 329 424 401 363 208 256 317 320 248 117 95 67 20 16 11 5 3 1 1 0 2 0 0 0 0 0 0 0 0 0 0 0 1 0 0 0 0 1 0 0 0 0 0 0 0 0 0 1 0 0 0 0 0 0 0 1 0 0 0 0 0 0 0 0 0 0 0 0 0 0 0 0 0 0 1 0 0 0 0 0 0 0 0 0 0 0 0 0 0 0 0 0 0 0 0 0 0 0 0 0 0 0 0 0 0 0 0 0 0 0 0 0 0 0 0 0 0 0 0 0 0 0 0 0 0 0 0 0 0 0 0 0 0 0 0 0 0 0 0 0 0 0 0 0 0 0 0 0 0 0 0 0 0 0 0 0 0 0 0 0 0 0 0 0 0 0 0 0 0 0 0 0 0 0 0 0 0 0 0 0 0 0 0 0 0 0 0 0 0 0 0 0 0 0 0 0 0 0 0 0 0 0 0 0 0 0 0 0 
0 0 123 514 1328 2017 2222 1454 1297 1521 1345 1483 1853 1945 1974 1905 1776 1658 1754 1990 2850 3082 2337 2226 2342 2131 1581 1251 1407 1422 1816 1614 1146 739 831 825 667 699 744 772 891 986 1027 905 981 1512 2855 3172 3973 4878 5359 6241 5939 4231 2324 1704 1196 663 544 435 374 274 190 139 149 124 195 174 185 169 185 274 302 270 186 128 113 43 31 17 16 11 11 7 7 3 3 5 4 1 0 1 0 0 2 1 0 1 0 0 0 0 0 0 0 0 1 0 0 0 0 0 0 0 0 0 0 0 0 0 0 0 1 0 0 0 0 0 0 0 0 0 0 0 0 0 0 0 0 0 0 0 0 0 0 0 0 0 0 0 0 0 0 0 0 0 0 0 0 0 0 0 0 0 0 0 0 0 0 0 0 0 0 0 0 0 0 0 0 0 0 0 0 0 0 0 0 0 0 0 0 0 0 0 0 0 0 0 0 0 0 0 0 0 0 0 0 0 0 0 0 0 0 0 0 0 0 0 0 0 0 0 0 0 0 0 0 0 0 0 0 0 0 0 0 0 0 0 0 0 0 0 0 0 0 0 0 0 0 0 0 0 0 0 0 0 
0 0 0 214 683 1592 2097 1875 1204 1174 1381 1226 1189 1437 1744 1994 1921 1634 1557 1633 1900 2470 2543 2690 2665 2393 1896 1792 1469 1319 1420 1579 1487 1210 747 710 774 614 448 419 403 351 398 378 480 470 474 457 364 381 431 484 575 500 581 641 1224 2139 1980 1826 2052 2195 2364 2404 2450 2948 3096 2584 2436 2393 2276 2136 1705 1414 1397 1182 1174 922 670 538 419 396 404 361 309 292 349 255 260 217 171 143 95 54 53 40 36 29 27 21 17 24 15 12 11 4 11 10 8 5 5 5 4 2 1 2 3 0 3 0 3 2 0 0 0 1 0 1 1 0 0 0 0 0 0 0 0 0 0 0 0 0 0 0 0 0 0 0 0 0 0 0 0 0 0 0 0 0 0 0 0 0 0 0 0 0 0 0 0 0 0 0 0 0 0 0 0 0 0 0 0 0 0 0 0 0 0 0 0 0 0 0 0 0 0 0 0 0 0 0 0 0 0 0 0 0 0 0 0 0 0 0 0 0 0 0 0 0 0 0 0 0 0 0 0 0 0 0 0 0 0 0 0 0 0 0 0 0 0 0 0 0 0 0 0 0 0 0 0 0 0 0 0 0 0 0 


0 0 0 72 652 2184 3484 3099 3661 5538 8101 12052 13631 15635 18554 21184 25540 26173 25883 33297 32941 37814 39881 41881 37048 33740 32330 23344 15893 11843 9648 8774 7471 7295 7002 6794 6461 6381 5794 5272 5314 5407 5447 5567 5896 5994 6172 6179 6266 6295 7517 10241 12496 12469 13814 13735 10292 9322 6829 5593 4374 4094 3417 2625 2465 2630 2908 3874 5039 3981 2139 2078 2005 1799 1777 1779 1900 2085 1974 1883 1985 1954 2043 2157 2242 2227 2061 1916 1723 1454 1188 1066 943 855 842 773 664 652 634 619 655 657 645 669 712 717 666 620 677 652 620 585 609 532 561 486 455 508 543 429 466 483 455 473 442 449 418 383 448 411 434 410 400 480 412 428 409 427 488 458 421 363 323 315 345 343 322 351 341 373 324 314 334 320 261 262 325 337 303 316 277 280 262 281 250 256 262 263 299 268 271 257 257 234 249 284 228 246 270 287 301 291 326 273 286 252 256 238 233 210 227 272 246 272 263 242 234 233 224 240 230 238 227 248 212 222 240 215 229 231 182 198 225 196 190 165 169 191 144 143 159 147 127 157 152 154 117 116 114 89 56 56 68 46 64 63 72 75 64 52 63 70 69 49 63 61 76 85 68 89 90 72 113 140 142 2872 
0 0 0 0 0 1 2 3 19 61 122 175 490 2126 3465 5669 6304 7853 8060 9036 9100 11169 13799 15447 15184 14172 14154 17848 21400 21451 19728 19935 17333 17469 16994 16287 16248 17147 16641 16502 16216 16329 16485 17074 17041 16569 16478 17661 20498 20830 23749 22043 18474 15230 13392 10583 8437 6714 6573 9421 6262 4984 4897 4505 4156 4052 3922 4124 4285 4147 4520 4820 4255 3863 3504 3506 3420 3126 2852 2507 2287 2419 2388 2240 2255 2363 2152 1963 2005 2046 2057 2086 2066 2081 2108 2178 2132 1900 1873 1756 1693 1592 1503 1424 1312 1181 1057 902 931 813 846 742 695 565 565 549 546 493 522 507 555 503 522 551 485 515 581 640 685 728 718 743 726 755 801 763 700 729 697 662 639 623 652 587 615 624 711 642 696 601 637 626 647 637 636 595 607 588 607 522 527 532 534 594 591 590 580 512 461 449 403 350 305 268 275 294 272 293 274 283 280 255 263 248 245 235 250 239 239 225 231 229 274 257 241 244 240 219 229 244 209 238 226 266 224 254 235 220 236 252 243 187 224 228 235 252 242 226 214 205 234 199 231 228 250 242 258 290 280 291 272 288 286 303 305 290 284 307 265 264 247 318 266 288 293 396 348 365 361 363 418 418 472 592 838 9464 
0 0 0 0 0 0 1 0 2 10 31 73 493 1784 2796 3198 3757 5085 5023 6358 7640 8759 10409 12220 13543 14927 17426 17933 16546 14927 12088 10823 10625 10482 10534 10454 10297 10470 9967 10578 10563 11539 11641 11275 10833 11167 13022 14328 16480 21577 21417 29733 25898 23407 23704 22049 21142 16986 17715 15867 12014 9907 9564 9132 7608 6032 5086 4575 3807 3688 3433 3153 2922 2964 2829 2661 2538 2452 2248 2231 2099 2065 2003 2027 1937 2013 2058 2016 2045 2249 2536 2650 2733 3018 3213 2778 2496 2287 2541 2544 2385 2325 2050 1920 1793 1608 1605 1547 1686 1693 1672 1693 1640 1635 1573 1491 1544 1521 1466 1399 1328 1321 1318 1328 1257 1257 1175 1088 1039 1033 1112 976 979 946 900 831 724 698 624 574 577 543 487 450 393 406 388 381 396 369 342 354 304 362 330 339 351 341 313 314 358 394 347 346 387 374 410 422 410 386 376 392 392 462 472 446 457 461 484 503 502 520 491 512 540 540 545 496 515 537 543 502 515 502 510 496 534 470 490 454 505 450 535 499 491 525 574 542 549 568 552 565 535 541 527 556 566 591 529 466 434 344 309 278 247 260 233 236 228 232 215 245 225 244 199 247 244 248 237 264 256 263 243 298 289 318 327 326 373 416 422 435 503 619 852 19430 


