0
0 0 0 0 0 0 0 0 0 0 0 0 0 0 0 0 0 0 0 0 0 0 0 0 0 0 0 0 0 0 0 0 0 0 2 0 0 0 1 1 2 4 7 2 8 11 15 18 23 31 46 35 49 49 53 59 36 49 38 46 34 22 29 20 25 26 17 18 30 31 29 37 32 36 49 47 49 44 46 36 56 44 43 42 50 39 39 46 40 44 54 43 57 53 54 66 53 57 74 59 50 84 76 85 60 91 69 66 58 77 64 72 56 64 82 72 72 62 71 49 52 49 48 58 50 41 42 43 41 39 41 36 48 47 45 32 35 36 32 44 41 44 42 52 51 50 60 87 108 91 84 84 116 129 112 132 159 196 282 307 333 348 310 296 264 270 185 181 153 149 116 105 86 71 65 51 51 52 43 36 30 27 25 25 26 27 24 29 27 26 29 29 29 29 25 25 22 23 31 30 24 37 34 47 80 119 233 384 589 848 834 774 568 396 238 154 105 73 67 106 102 110 122 160 181 159 124 104 53 28 24 23 19 18 16 13 15 7 11 9 7 9 4 6 6 5 4 0 4 2 5 4 5 2 5 12 
0 0 0 0 0 0 0 0 0 0 0 0 0 0 0 0 0 0 0 0 0 0 0 0 0 0 0 0 0 0 0 0 0 0 0 0 0 0 0 0 0 0 0 0 0 0 0 0 0 0 0 0 0 0 0 0 0 0 0 0 0 0 0 0 0 0 0 0 0 0 0 0 0 0 0 0 0 0 0 0 0 0 0 0 0 0 0 0 0 0 0 0 2 0 0 0 0 0 0 0 0 2 0 2 1 1 4 2 2 9 8 14 13 19 25 29 39 30 49 42 43 64 57 45 43 39 44 38 38 32 25 23 20 24 25 25 31 37 29 43 33 43 38 50 48 69 54 69 62 68 73 87 83 79 103 109 81 76 81 88 93 114 77 96 84 97 96 93 78 107 123 110 98 97 76 91 106 92 107 117 151 167 162 193 201 232 260 319 350 395 462 479 468 369 361 271 325 536 537 604 758 702 670 531 477 367 314 209 181 140 140 117 97 141 115 156 152 160 142 161 117 75 40 31 36 27 19 20 16 20 16 9 12 15 13 8 12 8 6 7 5 3 2 4 5 4 1 3 4 5 0 3 4 6 10 10 
968 687 449 199 147 106 90 58 52 57 63 64 47 44 60 55 52 52 56 58 55 54 48 45 39 48 43 43 36 52 52 50 53 54 51 50 50 56 63 61 48 65 67 56 57 59 31 29 30 36 27 25 24 22 24 19 18 20 15 18 13 14 14 11 17 10 22 12 15 8 16 13 16 13 13 10 15 6 7 15 11 8 10 6 14 7 11 5 12 3 4 5 1 3 9 8 6 6 4 3 3 8 2 10 4 2 7 4 6 7 8 7 9 8 7 10 11 2 13 15 10 13 14 12 3 12 10 11 8 13 10 9 9 8 15 16 5 16 7 15 10 7 12 15 12 12 10 15 13 7 12 20 10 22 13 21 15 9 12 12 15 16 22 11 12 12 10 12 14 14 15 13 10 18 14 10 16 19 16 13 15 22 25 22 31 25 42 51 52 59 67 86 107 186 195 273 362 379 336 330 242 192 135 97 85 113 124 182 258 360 432 515 512 458 485 458 533 671 664 594 420 332 199 132 86 51 33 35 18 14 10 7 5 6 7 2 2 1 3 3 1 2 0 0 2 1 1 0 1 2 2 1 3 1 0 1 


178 173 157 180 186 215 250 306 371 417 478 543 679 756 978 1160 1481 1682 2004 2196 2488 2561 2713 2773 3025 3104 3259 3513 3588 3717 3623 3578 3406 3151 2888 2600 2091 1868 1523 1325 1123 995 944 881 866 807 895 789 833 807 828 878 878 867 1000 1036 1092 1270 1373 1419 1406 1472 1593 1569 1597 1705 1711 1663 1639 1649 1613 1558 1643 1603 1632 1656 1789 1815 1730 1824 1827 1702 1660 1619 1540 1444 1368 1448 1282 1248 1238 1186 1186 1151 1150 1131 1152 1175 1135 1078 1117 1092 997 1055 1154 1189 1184 1148 1151 1155 1148 1113 1173 1156 1140 1137 1172 1328 1449 1603 1916 2301 2640 3261 3786 4400 5250 6349 7684 8671 9835 10869 11714 12155 13064 13759 13827 14086 15062 15377 16043 16135 16407 15903 16157 16051 15765 15178 14348 14178 13539 13176 13160 12959 12817 12776 12888 13308 12741 11668 10806 10458 9969 9513 8792 8534 8093 8507 8360 8630 8433 8213 7716 7991 7750 7310 7008 6937 6794 6510 6248 5890 5481 5199 4676 4150 3865 3383 3196 3174 3053 2901 2916 2741 2721 2595 2643 2685 2547 2459 2415 2418 2369 2360 2557 2765 2789 3034 3401 3964 4459 4760 4913 5002 4792 4948 5126 5474 5769 5805 5101 4173 3212 2467 2235 1949 1582 1258 1025 747 579 462 418 337 293 322 252 259 250 255 255 217 182 114 73 69 75 66 62 56 65 83 103 122 214 373 
14 23 34 59 73 101 148 143 171 201 228 243 314 319 439 513 596 690 804 970 1004 1129 1215 1360 1429 1593 1649 1708 1939 2166 2258 2316 2511 2556 2501 2390 2421 2315 2368 2407 2468 2584 2726 2838 2961 3033 3126 3167 3016 2888 2744 2977 3020 3142 3137 2757 2288 1841 1488 1279 1120 1036 985 1011 897 958 908 989 899 960 995 922 1005 930 945 924 1013 976 1101 1157 1212 1350 1462 1546 1625 1620 1529 1558 1484 1388 1275 1265 1195 1162 1167 1188 1210 1183 1242 1199 1183 1190 1210 1139 1150 1131 1109 1140 1101 1087 1099 1055 1069 1120 1118 1140 1081 1083 1025 1031 1056 1067 1050 1101 1158 1208 1084 1162 1161 1210 1225 1305 1313 1333 1343 1339 1400 1429 1559 1644 1767 1857 1891 1930 2072 2135 2264 2411 2428 2584 2681 2782 3028 3194 3347 3770 4353 4773 5165 5852 6535 7203 8017 9256 10445 11744 12887 13652 14330 15396 16252 16333 16826 16718 16687 16544 16602 16854 17278 17779 17883 18547 18957 18830 18165 17619 17155 16647 15832 15085 15542 15446 14411 13586 12725 11453 10849 10548 9897 9211 8498 8127 8541 8699 8393 7348 6574 6328 6319 6493 6281 6052 5564 5227 4979 4809 4426 3999 3844 3872 3703 3505 3424 3030 2725 2306 1878 1442 1162 855 728 573 484 442 380 360 346 293 246 128 137 95 77 74 79 77 52 53 58 59 40 37 78 109 142 131 
15 26 24 28 65 71 134 155 205 213 297 373 466 583 793 1009 1286 1510 1685 1871 1990 2091 2062 2038 1930 1811 1648 1516 1391 1252 1151 1147 1068 1078 1058 984 1022 992 949 910 961 1002 1047 1150 1137 1165 1268 1372 1360 1434 1441 1487 1443 1469 1343 1317 1294 1229 1162 1111 1133 1197 1243 1210 1240 1189 1020 944 900 869 770 783 707 742 760 756 760 675 699 690 722 785 725 749 792 733 801 807 888 935 901 984 985 1002 972 994 993 1016 1051 1137 1100 1106 1196 1124 1192 1186 1158 1222 1177 1114 1137 1205 1170 1200 1223 1232 1319 1307 1417 1455 1456 1447 1587 1541 1636 1730 1860 1911 1965 2071 2222 2183 2158 2261 2242 2319 2279 2282 2320 2296 2252 2105 2145 2128 2042 1926 1833 1709 1628 1475 1415 1362 1256 1183 1097 1019 972 891 780 794 703 642 606 560 512 532 485 494 476 495 506 463 496 480 471 486 479 547 614 591 606 626 704 750 831 841 1065 1261 1670 2170 3033 4176 5662 7336 9276 11431 12896 14017 14146 13921 13775 14241 14981 15521 16692 18318 21140 24328 28600 32119 35650 36922 37936 36974 36469 36300 34593 30958 26319 22621 19245 16791 13967 11083 8934 7610 7011 6684 6296 5799 5329 4819 4095 3418 2921 2362 2036 1545 1188 1001 672 529 436 342 281 231 219 189 186 153 153 149 152 175 252 356 


