1
0 0 0 2 18 11 12 10 7 12 27 189 241 90 57 21 15 22 10 22 8 11 10 4 7 7 11 8 8 12 9 12 15 18 84 286 2770 2575 60047 7771 741 585 578 569 713 660 301 215 160 153 168 180 261 416 543 5208 8638 334 231 204 213 241 188 208 194 213 215 198 278 349 365 422 425 394 332 393 453 544 596 637 575 476 416 438 521 508 522 470 562 603 547 533 512 487 559 543 551 574 544 588 699 807 1015 1262 2370 6220 15567 25262 27346 31133 30205 23516 18629 12383 8818 5310 2720 1958 1756 1340 1181 1000 706 587 453 387 324 242 213 155 107 94 71 48 49 28 17 33 19 10 10 5 7 3 3 4 4 4 5 4 4 4 4 1 3 4 2 0 0 2 1 0 0 0 0 0 0 0 0 0 0 0 0 0 0 0 0 0 0 0 0 0 0 0 0 0 0 0 0 0 0 0 0 0 0 0 0 0 0 0 0 0 0 0 0 0 0 0 0 0 0 0 0 0 0 0 0 0 0 0 0 0 0 0 0 0 0 0 0 0 0 0 0 0 0 0 0 0 0 0 0 0 0 0 0 0 0 0 0 0 0 0 0 0 0 0 
0 0 0 0 0 0 5 14 9 6 9 10 11 7 6 4 14 24 56 159 175 77 37 34 28 13 15 13 7 11 6 9 12 5 8 5 4 5 4 5 2 6 16 6 6 7 7 5 6 9 8 6 9 5 10 14 19 46 139 196 1696 1345 1549 10717 53642 3960 669 434 389 398 385 397 438 490 545 472 275 214 198 164 182 161 183 200 257 258 329 379 438 481 638 3210 9323 1720 471 404 364 359 359 398 396 367 384 359 368 342 252 199 219 211 208 296 274 254 325 314 289 283 285 270 296 342 364 327 291 241 212 281 365 338 243 206 215 193 182 225 247 248 261 242 240 249 256 260 279 262 275 298 296 294 322 332 349 368 441 502 564 654 767 1233 2562 6336 15516 23772 28200 29313 29273 23251 18149 13484 8528 5553 2817 1863 1578 1321 1104 1073 909 808 611 516 285 209 106 85 78 60 25 27 19 21 18 9 11 6 11 11 5 0 0 0 0 0 0 0 0 0 0 0 0 0 0 0 0 0 0 0 0 0 0 0 0 0 0 0 0 0 0 0 0 0 0 0 0 0 0 0 0 0 0 0 0 0 0 0 0 0 0 0 0 0 0 0 0 0 
0 0 0 0 0 0 0 3 2 15 6 5 2 7 8 4 2 5 5 5 5 7 2 2 4 5 9 4 12 10 12 12 31 50 103 127 86 64 27 11 17 22 16 11 10 8 6 8 7 10 4 8 17 9 8 8 3 8 3 6 9 9 5 10 7 10 9 14 3 10 24 24 28 82 134 157 968 1745 828 1956 13920 45699 7509 878 513 375 354 354 353 370 347 388 442 423 515 435 362 272 283 282 270 253 284 284 289 292 337 333 381 415 497 529 551 649 1402 5722 6373 1042 332 261 240 233 233 225 230 257 261 237 231 222 230 228 212 206 199 170 201 173 155 179 185 163 186 154 167 154 189 172 172 177 196 208 252 205 164 124 103 109 131 190 257 215 159 136 161 144 118 109 159 174 183 163 179 148 177 178 187 181 224 224 215 229 251 216 243 260 256 291 331 366 488 500 551 582 727 974 1828 4272 9905 19836 25779 27796 29899 26576 21111 15666 10940 7335 4348 2253 1690 1401 1174 1064 1016 881 767 662 503 377 171 92 80 55 39 28 22 21 19 12 12 12 7 10 7 8 2 0 0 0 0 0 0 0 0 0 0 0 0 0 0 0 0 0 0 0 


24 0 0 0 0 0 0 0 0 0 0 0 0 1 0 0 0 0 0 0 1 1 0 0 0 0 0 0 0 0 0 1 0 0 0 2 2 3 1 0 2 2 0 6 2 4 6 12 10 6 5 9 8 16 12 26 22 21 33 39 41 30 52 85 86 136 136 154 167 192 249 328 324 423 435 494 548 711 871 1061 1262 1370 1543 1689 1870 2049 2504 2979 3367 3512 3841 4065 4321 4495 5219 5341 5842 5825 5700 5485 5916 6484 7012 7252 7380 7267 7093 6924 7082 7703 8088 8065 8446 8057 7899 7478 7286 7683 7875 8144 8333 8162 8060 7486 7396 7492 7789 7913 8479 7670 7101 6619 6176 6294 6254 6194 5776 5407 5105 4676 4486 4560 4478 4428 4084 3761 3518 3216 3085 3040 3081 3211 3217 3223 3304 3055 3001 3086 3161 3442 3330 3300 3089 3085 3037 2997 3108 3424 3495 3553 3628 3592 3522 3574 4028 4333 4508 4388 4413 4242 4171 3990 4033 4426 4494 4473 4174 4135 4036 3684 3689 4125 3843 3755 3613 3277 2866 2863 2761 2791 2792 2756 2580 2247 2044 2054 1978 1858 1910 1672 1502 1285 1283 1338 1351 1390 1359 1117 1117 1044 1021 1105 1213 1274 1213 1158 1186 1396 1533 1701 1802 1795 1546 1453 1503 1515 1480 1478 1284 1222 1081 1108 1078 995 1003 914 867 974 844 752 552 525 497 493 683 3404 
24 0 0 0 0 0 0 0 0 0 0 0 0 0 0 0 0 1 0 0 0 0 0 1 0 0 0 1 0 0 0 0 0 0 0 0 0 1 0 0 0 0 0 0 0 0 0 1 0 0 1 0 0 0 0 1 0 1 1 4 3 3 1 1 4 6 9 10 5 9 16 6 13 14 12 13 21 27 31 26 37 32 33 53 56 42 76 122 156 155 200 180 198 228 301 324 416 466 510 585 683 927 1263 1539 1766 2125 2111 2212 2414 3124 3571 3880 4550 4667 4845 4974 4919 5427 6314 7257 7341 7638 7053 6593 6401 6831 7565 8071 8838 7765 7181 6838 6772 7313 8219 8515 8864 8857 8431 7676 7103 7369 7901 8269 8686 8264 7639 7360 6913 7262 7780 7970 8094 7993 7419 6962 6143 5805 5803 6501 5781 5581 4934 4431 3836 3731 3638 3713 3881 3764 3659 3550 3385 3298 3558 3766 3855 4017 4084 3833 3686 3872 4206 4636 5047 5494 5496 5509 5282 4927 5318 6334 6661 6451 6048 5586 4888 4678 4795 4828 5123 4778 4276 3362 3178 3262 3349 3493 3522 3229 3022 2505 2380 2664 2768 2653 2499 2244 1921 1944 1828 1924 2065 2296 2119 1773 1695 1910 2442 2586 2368 2126 1729 1603 1614 1655 1595 1459 1147 910 916 1002 814 681 481 402 296 205 141 139 81 74 75 70 86 1683 
24 0 0 0 0 0 0 0 0 0 0 0 0 0 0 0 0 0 0 0 1 0 0 0 0 0 1 0 0 0 0 1 0 0 0 0 0 0 0 0 0 1 0 0 0 0 0 0 0 0 1 0 0 0 0 0 0 0 2 0 0 0 0 0 0 0 1 0 0 0 0 1 1 0 4 2 3 2 3 2 1 8 5 4 6 6 7 5 12 9 8 11 20 13 21 24 34 32 46 45 59 53 76 92 112 126 166 180 172 215 251 343 378 469 581 722 843 996 1261 1557 1864 2025 2259 2372 2479 2959 3298 3725 4742 4552 4859 4776 4923 5459 6332 7089 7812 7812 7426 6949 6694 7030 7411 7932 8030 7930 7683 7680 7705 8067 8765 9204 9328 9195 8914 8221 7599 7575 7776 8953 8780 9131 8431 8170 7468 7397 7338 7748 7839 7900 7422 6980 6370 6192 6214 6091 5773 5451 5271 4853 4303 4238 4347 4500 4575 4496 4427 4258 4166 4140 4462 5078 5219 5448 5734 5524 5507 5682 6109 6599 6847 6745 6632 6055 5772 6045 6198 6129 5727 5365 4733 4055 4036 4084 4145 3949 3568 3249 2831 2932 3216 3351 3404 3598 3140 2706 2582 2365 2665 2715 2785 2755 2486 2348 2462 2326 2245 1971 1596 1293 1167 950 964 785 617 472 432 377 261 163 79 48 31 31 41 1624 


