1
0 0 0 12 19 66 179 206 232 229 212 251 300 367 513 915 1521 1758 1938 1791 1734 1781 1584 1188 917 808 650 455 351 287 238 253 270 311 327 348 312 340 353 380 428 440 452 486 443 473 477 458 507 551 532 497 505 462 449 479 464 411 422 352 382 343 338 296 280 242 216 223 185 137 145 93 92 92 78 77 78 59 48 42 52 35 45 33 20 32 27 36 36 33 27 36 34 43 28 30 39 36 40 36 35 34 41 46 30 37 41 33 48 48 40 32 41 34 41 30 38 29 30 36 30 37 22 21 15 13 21 17 12 13 16 15 11 11 17 10 18 10 9 13 17 11 10 16 17 12 12 5 8 8 9 7 3 3 4 0 2 1 0 0 0 0 0 0 0 0 0 0 0 0 0 0 0 0 0 0 0 0 0 0 0 0 0 0 0 0 0 0 0 0 0 0 0 0 0 0 0 0 0 0 0 0 0 0 0 0 0 0 0 0 0 0 0 0 0 0 0 0 0 0 0 0 0 0 0 0 0 0 0 0 0 0 0 0 0 0 0 0 0 0 0 0 0 0 0 0 0 0 0 0 0 0 0 0 0 0 
0 0 0 0 0 0 0 0 0 4 3 4 17 34 56 119 112 110 130 121 128 141 147 100 123 116 118 119 144 130 160 187 172 160 181 241 275 451 821 783 905 934 880 1307 1655 1515 1176 1099 1124 1154 1049 738 529 330 283 250 188 187 170 149 160 153 136 175 152 151 164 145 162 180 176 208 234 237 226 252 256 301 330 313 312 360 353 368 339 374 346 377 384 392 424 447 430 461 442 404 474 409 382 380 413 385 342 296 293 241 225 196 174 137 139 101 91 87 86 72 67 65 56 66 52 40 35 42 46 29 36 43 48 37 30 49 43 38 41 54 41 38 48 38 42 49 57 60 47 35 41 44 38 30 23 22 17 14 19 17 12 18 13 12 14 15 15 8 9 6 6 4 1 2 0 0 0 0 0 0 0 0 0 0 0 0 0 0 0 0 0 0 0 0 0 0 0 0 0 0 0 0 0 0 0 0 0 0 0 0 0 0 0 0 0 0 0 0 0 0 0 0 0 0 0 0 0 0 0 0 0 0 0 0 0 0 0 0 0 0 0 0 0 0 0 0 0 0 0 0 0 0 0 0 0 0 0 0 0 0 
0 0 0 0 0 0 0 0 0 0 0 0 0 1 3 3 22 32 44 45 78 82 90 98 112 114 128 142 154 157 148 140 179 213 270 376 644 666 764 907 958 972 964 1110 1063 1055 992 952 922 900 702 495 412 278 186 207 151 139 149 131 149 147 146 146 165 168 176 177 170 136 115 112 106 91 105 106 98 101 97 90 95 105 97 103 108 114 89 115 101 99 120 108 119 116 122 113 159 139 126 138 136 172 142 145 161 172 144 152 179 157 170 172 174 165 172 213 213 202 202 184 195 198 208 202 182 167 169 186 172 179 197 211 263 266 344 322 362 376 427 402 392 453 437 427 386 382 392 351 369 335 269 240 232 172 160 100 88 86 77 66 69 54 63 44 54 43 52 51 59 53 53 56 69 54 52 27 23 15 11 19 9 6 2 1 3 0 0 0 0 0 0 0 0 0 0 0 0 0 0 0 0 0 0 0 0 0 0 0 0 0 0 0 0 0 0 0 0 0 0 0 0 0 0 0 0 0 0 0 0 0 0 0 0 0 0 0 0 0 0 0 0 0 0 0 0 0 0 0 0 0 0 0 0 0 0 0 


0 0 0 0 0 0 2 6 9 40 90 411 982 3913 11985 15448 11943 6683 4026 2869 3489 5375 9039 14240 21194 29182 37425 41460 44635 46503 45114 43583 41081 38723 36300 34399 33878 32362 31445 31166 33541 35407 39397 42921 44723 35247 21182 7017 3054 1770 1381 1178 1018 1013 961 846 684 644 604 504 508 506 533 463 461 469 504 603 872 1067 1123 854 498 307 201 192 153 123 116 86 69 33 26 16 9 5 3 5 2 6 1 1 6 1 2 1 0 5 0 2 2 2 3 2 0 1 2 0 2 1 2 1 0 1 2 1 1 0 1 0 0 1 1 0 1 0 0 0 0 0 0 1 0 0 0 0 0 0 0 0 0 0 0 0 0 0 0 0 0 0 0 0 0 0 0 0 0 0 0 0 0 0 0 0 0 0 0 0 0 0 0 0 0 0 0 0 0 0 0 0 0 0 0 0 0 0 0 0 0 0 0 0 0 0 0 0 0 0 0 0 0 0 0 0 0 0 0 0 0 0 0 0 0 0 0 0 0 0 0 0 0 0 0 0 0 0 0 0 0 0 0 0 0 0 0 0 0 0 0 0 0 0 0 0 0 0 0 0 0 0 0 0 0 0 0 0 
0 0 0 0 0 0 0 0 0 0 0 0 0 0 0 555 4047 8441 9106 8025 5564 4237 3095 2406 2058 1802 1680 1575 1687 1700 1761 2171 1482 1282 1126 978 968 895 848 926 914 996 1068 1198 1067 1015 1275 1128 1011 857 972 1004 1314 1865 2889 3965 5185 6404 8316 10340 12428 14760 17109 19454 22494 25502 27860 29435 32507 32939 33218 34594 35781 38774 41841 44957 47426 49501 54504 59063 47548 36347 22125 14147 9170 6565 5242 4546 3900 3019 2214 1756 1552 1224 1082 918 802 675 535 437 378 327 309 232 223 185 195 168 145 148 109 81 59 51 49 34 26 15 15 9 6 6 6 2 2 1 2 8 1 2 0 1 0 0 1 1 2 1 0 1 1 0 0 0 0 0 0 1 0 0 0 0 0 0 0 0 0 0 0 0 0 0 0 0 0 0 0 0 0 0 0 0 0 0 0 0 0 0 0 0 0 0 0 0 0 0 0 0 0 0 0 0 0 0 0 0 0 0 0 0 0 0 0 0 0 0 0 0 0 0 0 0 0 0 0 0 0 0 0 0 0 0 0 0 0 0 0 0 0 0 0 0 0 0 0 0 0 0 0 0 0 0 0 0 0 0 0 0 0 0 0 0 0 0 0 0 
0 0 0 0 0 0 0 0 0 0 0 0 0 0 8 601 3893 7980 8661 6690 5064 4105 3101 2637 2394 2070 1827 1765 1790 1711 1664 1464 1208 1201 1042 898 894 808 821 837 849 912 873 851 977 1078 1216 1428 1753 2337 2713 3888 4987 6529 8458 10778 12877 15629 17519 20524 23221 25077 25867 27695 28679 28639 28512 27968 27835 27905 28981 30627 32379 33909 34880 36798 41912 43888 42220 40241 34317 24755 16846 11536 8551 6865 5430 4428 3508 2964 2620 1937 1541 1238 1017 821 781 764 681 592 520 554 622 560 499 478 469 489 451 488 505 437 402 438 418 372 374 297 317 314 316 268 288 262 289 255 219 194 162 150 143 131 111 84 58 60 52 35 29 19 15 13 10 9 6 10 7 4 3 1 3 2 1 0 1 0 0 0 2 0 1 0 0 0 0 0 0 0 0 0 0 0 0 0 0 0 0 0 0 0 0 0 0 0 0 0 0 0 0 0 0 0 0 0 0 0 0 0 0 0 0 0 0 0 0 0 0 0 0 0 0 0 0 0 0 0 0 0 0 0 0 0 0 0 0 0 0 0 0 0 0 0 0 0 0 0 0 0 0 0 0 0 0 0 0 0 0 0 0 0 0 0 0 0 0 0 


