1
0 3 7 6 12 14 19 24 34 57 264 407 606 1104 495 197 103 84 51 44 40 30 31 32 20 25 22 31 18 13 21 18 22 28 37 143 2000 2071 42912 4576 643 526 496 552 616 606 257 196 173 237 410 540 716 1454 1869 2579 20014 62153 2494 596 379 361 325 349 346 348 297 313 322 332 348 335 319 379 441 447 307 291 300 369 371 321 298 289 366 377 331 362 342 354 375 375 412 488 618 675 775 842 1542 4882 15789 30275 45179 30657 6931 1982 1219 750 565 479 474 496 472 420 382 355 349 333 346 314 300 298 314 256 242 226 209 165 157 117 84 78 95 89 90 94 65 73 64 65 91 76 69 77 104 103 93 118 86 107 109 102 115 97 94 87 85 95 100 92 92 96 78 62 71 84 54 54 54 58 51 51 45 48 56 44 51 42 44 47 49 40 42 33 40 34 41 33 33 38 32 31 28 20 17 16 12 13 18 11 7 8 8 8 2 9 3 5 3 4 2 0 0 2 1 0 3 1 1 1 2 1 2 2 1 2 1 1 0 1 0 0 0 0 0 0 0 0 0 0 0 0 0 0 0 0 0 0 0 0 0 0 0 0 0 0 
0 0 4 5 3 5 12 15 8 12 18 15 14 14 19 26 34 105 349 345 557 813 447 230 158 108 67 54 41 25 40 24 25 22 20 17 22 15 16 21 14 17 17 12 10 13 10 8 7 15 18 20 8 17 17 22 17 23 32 134 1242 1012 1197 8560 36901 2491 555 410 376 359 388 392 399 453 494 482 327 252 205 210 219 240 328 398 457 465 609 960 1172 1320 1723 2646 12294 48392 21418 1355 558 394 322 320 326 296 324 298 300 268 263 232 251 254 255 234 221 234 241 234 246 277 302 302 319 291 230 230 230 235 265 281 317 273 207 232 209 202 224 242 261 268 281 269 267 279 312 328 319 334 395 507 537 470 521 617 771 1046 1909 5700 16016 30732 40929 32858 6603 1963 1093 634 510 418 344 331 318 332 322 318 263 282 283 277 304 299 285 278 244 221 212 205 131 111 63 33 31 27 34 23 22 9 13 11 10 11 3 7 4 6 6 1 4 0 0 0 2 1 3 0 1 1 1 0 1 1 3 2 1 2 2 0 0 0 1 0 0 0 0 0 0 0 0 0 0 0 0 0 0 0 0 0 0 0 0 0 0 0 0 0 0 0 0 0 
0 0 0 3 2 1 3 8 6 8 8 13 10 7 11 10 12 19 8 2 11 9 5 11 13 14 14 18 25 35 72 88 217 276 307 397 486 432 290 171 112 98 69 68 62 27 33 30 22 20 29 15 20 20 18 14 11 10 14 17 17 14 16 9 17 19 14 13 12 23 15 25 27 29 69 133 753 1332 696 1533 10900 31601 4585 683 429 386 380 369 377 333 350 381 412 440 484 395 284 277 220 223 221 206 229 279 349 387 432 448 537 761 954 1070 1198 1472 2048 5246 23836 44386 9588 1203 580 423 373 351 312 311 314 283 308 285 242 275 224 248 247 263 224 238 223 240 246 246 277 242 261 258 277 283 305 305 274 261 211 175 177 194 171 172 167 192 208 193 176 174 147 131 165 150 175 200 201 193 208 197 214 213 208 213 212 225 258 319 327 362 325 385 462 545 672 835 1379 4171 11933 24176 35138 37700 16425 4124 1491 763 435 357 311 216 241 239 248 237 248 226 230 228 219 219 269 241 220 235 199 179 158 150 99 74 11 10 11 8 6 7 5 0 0 0 0 0 0 0 0 0 0 0 0 0 0 0 0 0 0 0 0 0 0 0 0 0 


27 4 5 5 3 8 11 18 18 18 26 21 47 62 73 95 75 91 112 149 162 146 139 128 127 157 169 166 158 127 104 155 124 117 113 147 133 98 87 98 121 94 98 114 96 114 168 208 222 212 226 230 240 297 331 396 342 354 379 439 448 456 427 473 517 549 621 680 791 910 1082 1248 1419 1539 1642 1776 1901 2089 2391 2778 3515 4076 4746 5177 5770 5956 6353 6814 7675 8746 9676 10371 10318 9736 9770 9834 10740 10329 10106 9784 9225 8387 7885 7298 7373 7542 7760 7604 7547 7482 6845 6526 6468 6346 6527 6484 6517 6059 5737 5410 4982 4736 4789 4852 4829 4912 4790 4818 4860 4245 4139 4177 4313 4697 4801 4864 4847 4922 4969 5034 5177 5447 5512 5753 5884 5826 5860 5677 5452 5462 5506 5807 5978 6276 5924 6002 5621 5282 4911 5284 5196 5251 5368 5370 5143 4998 4513 4256 4130 4218 4339 4229 4062 3737 3422 3137 2887 2939 2915 2620 2507 2305 2049 1877 1804 1853 1788 1729 1728 1530 1456 1347 1252 1243 1236 1275 1302 1312 1206 1288 1193 1147 1224 1283 1265 1200 1098 997 818 705 723 719 757 770 785 706 722 646 547 601 557 552 588 597 446 429 391 344 322 317 296 292 255 196 177 202 161 127 130 106 104 96 83 88 61 80 53 42 43 30 34 34 23 24 36 1646 
32 14 14 10 18 30 21 28 33 51 37 43 21 14 29 52 80 87 88 91 133 137 132 95 88 114 111 111 106 139 160 155 135 88 94 89 101 102 85 73 56 60 81 61 68 61 84 74 85 82 82 69 77 88 67 96 81 107 182 161 219 212 203 254 211 224 203 225 207 252 263 313 325 368 402 294 345 321 386 385 336 404 382 480 520 587 613 765 866 1062 1266 1463 1453 1417 1523 1500 1788 1992 2380 2603 3095 3337 3462 3936 4667 5763 6994 8116 9177 9804 9939 9109 9500 10206 11242 12157 11671 11618 10786 10034 9068 8517 8776 9046 9045 9110 9092 8795 9230 7758 7107 6877 7082 7271 7189 7119 6783 6390 6131 5458 5597 5996 6323 6589 6885 6776 6804 6528 6181 5900 6273 6537 6833 7002 6994 6984 6413 6156 5939 6630 6876 7260 7120 7398 7167 7083 6129 5656 5758 6069 6174 6205 5867 5535 5062 4825 4968 5166 5481 5294 5119 4606 3891 3463 3225 3086 3127 3028 3088 2727 2667 2401 1855 1832 1908 1890 1984 1772 1665 1501 1226 1018 1001 935 993 938 946 843 787 736 678 717 691 689 683 655 650 550 533 511 491 415 418 384 340 313 221 251 231 189 149 129 97 78 73 68 80 65 72 51 36 35 28 28 15 29 35 14 9 16 15 15 12 22 31 1622 
24 0 0 0 5 8 7 11 14 19 37 38 47 44 40 42 32 45 57 72 98 105 131 110 91 105 104 75 113 103 82 87 88 88 98 99 110 97 122 126 107 85 92 77 80 72 70 62 52 56 52 51 64 63 48 64 60 67 56 51 62 62 58 80 71 80 99 99 91 124 155 207 200 216 240 214 224 210 230 248 302 322 384 357 316 274 296 282 332 297 320 299 314 266 313 300 336 365 407 448 467 565 603 755 850 963 1212 1530 1709 1781 1731 1786 2037 2118 2406 2802 3045 3501 3901 4181 4414 4788 5466 6393 7496 8600 9804 10608 11966 10762 9899 10150 10764 11039 10803 10825 10640 10059 9312 8870 9204 9039 9334 9067 9070 8625 8102 7928 7075 6876 7057 7244 7744 8073 7811 7907 7581 7452 7089 7927 8000 8347 8400 8737 8777 8110 7489 7077 7385 7651 7931 8006 8087 7725 7275 6974 7059 7488 7732 7606 7592 6933 6475 5803 5699 5774 5914 5608 5597 5465 5062 5140 4192 3958 3849 3949 3905 3631 3582 3155 2856 2475 2244 2175 2057 1812 1576 1300 1107 936 957 895 838 827 752 638 558 477 443 440 377 339 335 260 207 174 153 148 124 127 105 63 67 63 43 54 46 22 12 18 26 19 9 9 9 15 32 32 14 11 19 13 16 17 41 1627 


