0
0 0 1 0 1 2 1 3 3 2 2 11 7 13 11 21 32 44 48 65 77 112 125 144 173 221 244 281 349 368 486 555 690 791 871 937 930 893 870 767 693 670 553 446 467 428 378 415 440 474 469 476 432 433 417 451 440 463 501 557 600 671 716 854 775 717 762 720 757 697 663 638 608 499 489 431 383 382 355 361 323 285 258 220 263 223 263 235 222 170 154 129 134 106 100 102 74 78 83 62 65 74 57 50 43 43 38 50 50 52 60 44 46 47 55 47 39 32 32 33 45 35 44 39 31 32 34 30 25 27 29 30 25 24 30 17 30 23 39 19 37 26 27 25 34 32 26 30 30 32 35 25 30 33 33 28 34 56 39 39 47 45 51 41 33 37 37 44 39 30 29 27 26 38 31 32 29 25 31 37 34 35 29 43 28 43 37 41 39 44 43 53 60 63 58 49 50 40 51 56 61 54 58 83 86 101 74 69 44 48 49 64 62 58 51 58 44 57 64 66 74 72 51 40 37 39 38 41 43 61 63 74 90 89 101 97 69 65 59 37 61 51 39 53 70 60 65 58 57 50 51 52 66 74 117 371 
3 4 2 7 2 9 16 16 24 30 41 25 42 79 68 133 143 180 189 250 247 303 320 342 472 526 590 760 803 870 906 1064 1018 1019 1048 921 824 738 653 578 583 594 563 593 684 644 667 758 731 680 638 509 500 436 377 371 331 325 281 246 211 176 185 151 155 156 113 118 107 117 105 118 118 126 136 144 127 160 178 198 208 260 252 274 321 306 335 310 318 306 309 272 240 273 244 234 249 210 176 162 126 133 144 132 122 104 117 104 95 110 148 156 151 145 159 131 95 96 86 64 60 61 60 59 62 47 40 55 50 48 58 54 50 58 41 44 50 40 54 47 53 49 58 40 52 58 52 49 53 67 51 50 55 53 53 48 49 48 50 53 63 54 70 63 79 59 50 52 48 52 51 55 63 72 70 81 74 78 64 40 41 51 61 54 51 63 52 49 47 38 27 38 38 65 69 60 42 34 32 25 32 33 16 30 34 39 43 55 50 61 72 71 75 73 59 66 58 37 58 39 41 23 33 32 35 41 42 54 52 42 59 45 45 31 41 34 28 30 26 26 20 18 21 12 24 17 23 16 13 19 21 21 22 25 68 216 
5 12 11 16 17 28 18 20 22 37 35 51 66 71 89 112 124 169 207 237 297 357 375 440 504 530 530 522 514 513 555 600 771 823 883 1017 1081 1087 1000 932 765 632 482 398 328 307 233 242 195 190 190 177 128 139 136 122 108 114 97 102 79 80 70 82 57 67 74 60 53 65 66 59 76 62 63 65 70 71 68 77 64 57 61 56 60 50 51 72 59 55 84 59 71 77 85 87 86 80 110 105 119 113 104 122 153 180 164 201 194 226 236 226 250 256 244 251 264 296 282 282 291 316 294 263 258 240 257 238 251 249 239 249 214 201 209 192 183 174 253 228 238 207 186 198 197 183 177 220 214 225 185 197 166 154 157 144 115 109 118 127 116 116 130 136 154 127 124 117 120 99 103 129 126 110 166 162 183 220 211 261 295 330 385 377 337 314 232 198 206 174 143 137 104 83 78 67 75 64 67 57 49 46 56 50 51 39 35 43 36 35 27 37 19 30 30 25 23 33 22 15 17 16 17 25 14 7 15 14 16 15 10 14 12 5 8 9 5 6 11 9 8 11 7 5 11 4 8 3 4 3 13 11 19 15 121 66 


268 425 389 363 284 235 204 134 112 111 93 104 104 116 123 132 127 148 124 152 137 135 145 192 176 216 259 318 334 348 377 372 343 387 457 427 441 444 408 421 384 365 320 363 301 292 299 323 311 318 344 380 402 409 463 458 453 543 578 622 720 736 726 798 908 872 939 891 988 958 1000 1048 1031 1073 1110 1077 1093 1075 1063 1116 1122 1121 1112 1038 1059 1113 1089 1102 1045 930 910 931 829 831 869 801 809 811 817 780 890 973 1021 1013 978 982 1052 1041 1134 1174 1154 1180 1253 1291 1336 1347 1328 1457 1586 1701 1892 1937 2052 2099 2284 2501 2893 3343 3697 3924 4094 4366 4545 4789 5198 5391 5391 5492 5550 5674 5915 6182 6373 6988 7397 7906 8471 9290 10297 11014 12174 13558 14905 16135 17353 18736 19435 19667 18926 18695 18596 17979 17265 15812 14502 13555 12826 12016 11436 10876 10553 9748 9229 8920 8501 8237 7813 7602 7473 7367 7355 7294 7392 7444 7480 7299 7266 7123 6886 6852 6509 6210 5955 6048 5821 5714 5640 5727 6114 6446 6667 6769 6410 6378 6346 6149 6146 6024 5794 5666 5388 5182 5233 5072 5002 5145 5012 5142 5095 5103 4745 4492 4301 4227 4128 4045 3915 3821 3578 3468 3254 3172 3057 2965 2769 2684 2585 2101 1909 1537 1219 1012 844 655 535 509 365 327 258 205 184 140 147 148 170 228 
0 1 0 0 0 0 1 0 0 0 1 1 1 3 6 8 7 7 23 44 63 84 137 157 198 251 237 290 343 370 342 373 372 348 335 276 263 248 248 232 220 246 270 289 323 372 367 362 369 395 392 371 319 379 330 377 328 358 349 352 361 352 338 377 361 422 451 444 459 540 614 629 665 711 798 819 943 924 971 982 994 1133 1078 1029 1098 1055 956 962 936 880 899 896 827 795 810 786 770 765 717 657 675 592 568 513 496 433 463 501 457 442 462 509 517 506 596 589 649 673 708 673 726 695 651 659 610 579 580 576 538 550 608 680 699 781 706 821 906 886 969 1138 1208 1271 1370 1343 1238 1132 1167 1197 1064 1205 1182 1205 1393 1465 1575 1918 2037 2155 2351 2581 2790 3220 3653 4124 4668 5293 6117 6608 7406 8259 9248 10306 11156 12391 13710 15188 17228 18479 20491 23050 25107 26807 27708 28789 28784 29472 29463 28870 27758 26285 24714 23269 21568 20141 18308 15943 13684 12440 11955 11185 10201 9550 9106 8612 8596 8873 8936 8725 8353 7900 7514 7066 6789 6393 6163 6012 5700 5428 5184 5028 4806 4524 4314 4241 3936 3676 3539 3334 3330 2950 2511 2130 1827 1443 1215 960 830 699 523 488 359 313 287 209 179 174 116 106 105 90 80 48 60 60 80 92 
0 0 0 0 0 0 0 2 1 0 1 2 4 5 7 18 44 55 79 131 154 177 243 269 313 301 354 336 308 327 298 262 258 215 222 203 210 183 190 196 182 178 159 158 174 191 213 218 204 219 263 279 277 251 341 338 342 347 395 427 418 468 497 496 494 506 512 470 468 479 439 418 380 363 327 280 274 265 221 237 198 199 210 218 233 251 256 280 309 340 361 457 466 496 608 555 577 617 718 716 675 749 736 763 722 728 775 745 688 690 692 665 624 601 609 539 530 543 574 540 566 597 654 600 666 632 730 673 714 719 651 648 624 565 541 468 465 421 387 365 340 336 312 293 286 318 285 310 334 323 344 371 357 404 377 457 442 489 489 539 551 627 677 729 810 867 981 1111 1209 1415 1594 1549 1513 1532 1410 1486 1487 1664 1719 1694 1847 2036 2198 2318 2667 2943 3105 3176 3230 3525 3995 4974 6209 7593 8852 10706 12041 14017 16290 19137 22040 25895 29137 32700 36327 40217 43812 47308 49517 49493 49576 47599 43579 36189 29330 23329 19467 15689 12623 10171 8989 8102 7333 6677 6001 5416 4774 4517 4151 3619 3172 2617 2138 1812 1506 1277 1058 926 757 607 526 412 369 313 273 206 213 185 140 134 107 116 83 73 85 30 


