1
0 0 0 6 32 83 214 319 388 326 294 316 324 320 351 364 389 381 423 461 545 896 1211 1539 1552 1282 1054 874 667 405 397 364 345 301 293 303 273 302 262 255 249 244 235 253 193 211 201 205 196 186 185 204 190 186 216 232 190 192 216 208 217 203 191 217 211 234 213 276 231 215 211 201 222 207 187 190 176 230 157 161 162 171 145 147 124 109 117 88 107 91 67 74 54 60 44 46 42 49 38 36 23 20 16 19 14 16 11 9 6 8 7 9 4 2 2 0 13 3 0 0 0 0 0 0 0 0 0 0 0 0 0 0 0 0 0 0 0 0 0 0 0 0 0 0 0 0 0 0 0 0 0 0 0 0 0 0 0 0 0 0 0 0 0 0 0 0 0 0 0 0 0 0 0 0 0 0 0 0 0 0 0 0 0 0 0 0 0 0 0 0 0 0 0 0 0 0 0 0 0 0 0 0 0 0 0 0 0 0 0 0 0 0 0 0 0 0 0 0 0 0 0 0 0 0 0 0 0 0 0 0 0 0 0 0 0 0 0 0 0 0 0 0 0 0 0 0 0 0 0 0 0 0 0 0 0 0 
0 0 0 0 0 0 5 17 15 14 24 26 49 92 123 155 169 190 249 270 232 197 187 211 222 184 168 155 187 194 210 234 240 204 255 261 218 226 230 230 235 227 234 191 219 220 212 241 259 229 251 268 262 270 255 296 268 293 233 240 219 228 242 297 250 269 301 285 298 373 322 369 398 441 418 412 455 410 412 368 364 396 348 408 343 287 278 270 297 278 272 279 243 217 209 206 188 166 162 145 140 127 128 137 102 126 110 113 114 107 117 131 122 127 132 133 137 133 137 152 148 173 142 175 166 186 157 150 149 154 143 140 133 145 93 126 90 70 89 66 61 59 54 49 48 32 37 31 23 32 22 17 15 14 11 7 4 1 0 0 0 0 0 0 0 0 0 0 0 0 0 0 0 0 0 0 0 0 0 0 0 0 0 0 0 0 0 0 0 0 0 0 0 0 0 0 0 0 0 0 0 0 0 0 0 0 0 0 0 0 0 0 0 0 0 0 0 0 0 0 0 0 0 0 0 0 0 0 0 0 0 0 0 0 0 0 0 0 0 0 0 0 0 0 0 0 0 0 0 0 0 0 0 0 0 0 
0 0 0 0 0 0 0 0 0 1 12 8 11 9 11 5 18 25 21 42 44 44 49 73 73 110 95 109 121 125 151 166 169 183 165 181 197 139 152 185 166 169 174 175 176 149 157 179 208 188 181 163 185 180 213 217 201 173 188 201 174 163 159 181 162 174 176 199 179 204 225 217 220 217 258 241 273 253 292 305 293 317 359 357 412 360 419 414 333 325 290 349 372 365 405 371 321 332 322 285 304 262 299 295 260 261 238 208 202 157 143 125 139 122 103 122 103 99 100 96 97 78 97 75 76 84 97 102 77 87 90 72 83 72 82 71 87 86 73 73 77 92 65 58 66 69 57 60 67 53 48 60 88 74 57 77 61 59 72 67 72 71 73 66 65 60 68 63 63 73 88 66 89 73 82 88 105 129 124 131 138 124 135 129 122 124 119 94 95 111 68 77 80 79 63 74 56 73 62 51 66 54 58 40 47 52 45 47 38 44 31 36 37 20 18 5 4 2 3 0 2 0 0 0 0 0 0 0 0 0 0 0 0 0 0 0 0 0 0 0 0 0 0 0 0 0 0 0 0 0 0 0 0 0 0 0 


0 0 0 0 0 0 0 0 0 0 0 44 688 3790 14281 32025 75359 189272 198765 134170 54998 35715 20343 5446 3131 3916 5590 8841 11282 15472 20239 25511 28029 24295 17368 13290 13175 9445 5841 586 58 36 33 32 36 32 31 27 21 27 28 22 18 18 14 13 25 16 19 10 10 8 3 9 5 7 7 2 7 5 2 9 6 4 4 3 5 5 5 1 3 5 3 2 1 3 3 3 1 2 4 0 7 2 1 3 0 2 1 2 2 1 1 1 2 0 1 1 0 2 1 1 0 1 0 0 0 0 1 1 0 0 0 0 0 0 0 0 0 0 0 0 0 0 0 0 0 0 0 0 0 0 0 0 0 0 0 0 0 0 0 0 0 0 0 0 0 0 0 0 0 0 0 0 0 0 0 0 0 0 0 0 0 0 0 0 0 0 0 0 0 0 0 0 0 0 0 0 0 0 0 0 0 0 0 0 0 0 0 0 0 0 0 0 0 0 0 0 0 0 0 0 0 0 0 0 0 0 0 0 0 0 0 0 0 0 0 0 0 0 0 0 0 0 0 0 0 0 0 0 0 0 0 0 0 0 0 0 0 0 0 0 0 0 0 0 
0 0 0 0 0 0 0 0 0 0 0 0 13 234 2499 8903 30228 108148 227650 156167 94284 56335 33151 23784 8146 1331 822 701 639 566 564 491 512 430 411 378 384 374 376 325 353 351 296 300 279 311 318 301 259 267 267 271 260 269 237 271 256 240 239 247 273 264 273 274 274 238 280 240 287 261 262 270 309 286 304 346 338 376 454 569 557 596 509 559 514 604 622 659 735 782 924 990 980 1079 1233 1370 1481 1618 1703 1770 1950 2083 2162 2392 2622 2786 2717 2942 3170 3367 3840 4004 4320 4569 4919 5175 5787 6156 6320 6603 6930 6987 6969 7065 6865 6807 6490 6185 5625 5309 4693 4162 4095 3802 3520 3240 2792 2553 2150 1957 1591 1317 1299 892 564 382 260 197 91 20 0 0 0 0 0 0 0 0 0 0 0 0 0 0 0 0 0 0 0 0 0 0 0 0 0 0 0 0 0 0 0 0 0 0 0 0 0 0 0 0 0 0 0 0 0 0 0 0 0 0 0 0 0 0 0 0 0 0 0 0 0 0 0 0 0 0 0 0 0 0 0 0 0 0 0 0 0 0 0 0 0 0 0 0 0 0 0 0 0 0 0 0 0 0 0 0 0 0 0 0 0 0 0 0 0 0 
0 0 0 0 0 0 0 0 0 0 0 0 0 60 838 3755 17373 71359 212323 162478 88646 80375 53925 30689 21091 6062 1197 762 651 624 498 508 469 468 428 390 373 359 340 318 338 306 330 297 275 278 273 307 277 245 275 263 244 261 234 225 232 222 234 260 232 239 226 173 236 215 214 227 226 212 223 226 222 220 246 225 219 226 229 234 250 244 262 287 302 333 336 335 317 309 304 335 311 327 291 318 308 369 380 421 492 534 578 621 688 723 804 879 963 1008 1161 1163 1265 1306 1371 1484 1558 1768 1849 1939 2083 2155 2391 2491 2656 2772 3048 3202 3610 3691 4045 4004 4300 4479 5045 5225 5873 6044 6399 6628 6712 6936 7058 6944 6877 6780 6550 6079 5725 5216 4833 4353 4018 3699 3537 2805 2417 2195 1558 1106 738 418 153 29 3 1 1 1 2 1 3 1 1 0 1 1 0 2 0 0 0 0 0 0 0 0 1 0 0 0 0 0 0 0 0 0 0 0 0 0 0 0 0 0 0 0 0 0 0 0 0 0 0 0 0 0 0 0 0 0 0 0 0 0 0 0 0 0 0 0 0 0 0 0 0 0 0 0 0 0 0 0 0 0 0 0 0 0 0 0 0 0 0 0 0 0 


