1
0 0 0 32 276 133 45 23 11 6 7 9 7 6 4 5 8 23 12 17 6 7 16 13 12 16 31 43 412 2639 14480 23219 50234 880 551 544 536 643 388 193 165 145 122 148 165 145 108 107 93 105 97 103 117 93 99 90 100 92 92 135 156 147 151 149 141 201 184 170 183 192 285 314 320 322 247 210 172 187 198 241 278 295 349 423 573 834 2058 6798 15718 27124 28053 17640 3826 964 735 540 505 398 345 285 285 292 272 271 336 347 333 374 409 439 425 313 247 195 173 125 100 69 78 110 91 109 91 54 57 51 60 58 50 40 26 42 40 26 25 35 29 29 27 20 26 30 27 14 17 16 17 11 9 11 10 5 9 7 6 4 4 4 4 0 2 2 2 0 2 0 0 0 1 1 0 0 0 1 0 0 0 0 0 0 0 0 0 0 0 0 0 0 0 0 0 0 0 0 0 0 0 0 0 0 0 0 0 0 0 0 0 0 0 0 0 0 0 0 0 0 0 0 0 0 0 0 0 0 0 0 0 0 0 0 0 0 0 0 0 0 0 0 0 0 0 0 0 0 0 0 0 0 0 0 0 0 0 0 0 0 
0 0 0 0 5 8 16 31 135 207 33 25 23 18 11 7 5 4 5 4 8 4 3 3 2 14 15 6 15 5 5 6 6 7 4 7 13 5 8 4 4 9 5 17 15 31 29 246 826 2854 12654 2288 17551 52876 1939 542 395 337 342 344 355 403 419 228 147 114 90 88 99 87 88 126 131 91 70 65 80 64 73 66 74 89 79 86 88 94 84 78 83 91 86 68 120 99 152 195 198 172 193 216 191 202 172 165 153 199 259 239 247 298 273 287 236 216 200 199 177 216 239 245 220 258 292 264 314 335 357 351 385 440 459 812 1859 4964 12809 23209 28765 21858 6699 1443 750 580 447 366 329 251 228 237 220 243 259 237 287 348 399 392 287 168 116 88 49 23 17 12 10 5 11 7 4 5 7 6 1 0 0 2 1 2 1 0 0 0 1 1 0 0 0 1 0 0 0 0 0 0 0 0 0 0 0 0 0 0 0 0 0 0 0 0 0 0 0 0 0 0 0 0 0 0 0 0 0 0 0 0 0 0 0 0 0 0 0 0 0 0 0 0 0 0 0 0 0 0 0 0 0 0 0 0 0 0 0 0 0 0 0 0 
0 0 0 0 0 0 0 5 2 4 6 5 6 8 10 26 64 124 120 42 15 14 20 13 15 14 11 4 2 6 7 17 9 10 7 8 6 7 2 8 5 4 2 5 6 10 8 5 8 4 1 5 5 4 7 15 19 24 20 56 349 660 1212 11052 4153 2444 18611 49304 3125 603 365 317 269 273 301 253 299 315 367 232 148 107 90 81 76 76 70 70 88 100 107 103 55 53 67 64 66 60 83 75 77 106 93 101 133 127 115 105 127 137 128 143 165 157 137 125 115 133 164 124 145 150 155 134 132 151 165 170 192 208 206 282 375 323 306 303 303 214 199 190 211 184 180 211 183 165 131 156 144 146 144 184 185 209 234 248 267 264 329 365 421 730 1798 4702 11653 21583 27624 22779 8819 1927 897 598 457 350 338 244 208 228 230 232 269 292 353 409 357 313 154 86 72 39 12 7 3 1 0 0 1 0 0 0 0 0 0 0 0 0 0 0 0 0 0 0 0 0 0 0 0 0 0 0 0 0 0 0 0 0 0 0 0 0 0 0 0 0 0 0 0 0 0 0 0 0 0 0 0 0 0 0 0 0 0 0 0 0 0 0 


24 0 0 0 0 0 0 0 0 0 0 0 0 0 0 1 0 0 0 0 0 0 1 0 0 1 0 0 1 18 84 9 5 9 17 10 13 11 1 8 7 8 4 8 11 6 8 10 11 9 14 12 10 11 10 20 15 18 21 20 13 21 17 12 23 53 61 44 32 34 27 23 30 59 44 42 75 64 109 118 157 193 259 348 456 591 685 766 956 1057 1275 1451 1551 1705 2049 2114 2419 2609 2701 2868 2924 2914 3308 3730 4102 4387 4738 5030 5458 6167 6683 7097 7404 7197 7766 8656 9170 9495 9233 9074 8901 9533 9772 9843 9087 8836 8247 8202 8892 8748 8330 8187 7831 7785 8076 8100 8046 7602 7258 7020 7280 7807 7903 8013 7860 7786 7461 7875 8120 8081 8173 7739 7879 8096 8715 8970 8871 9050 9017 9691 9210 9376 9373 9241 8667 8600 8753 9119 9362 9211 9015 8815 8969 9211 9820 9499 9107 8150 8045 7884 7747 7218 6693 6226 6070 5864 5723 5077 4737 4134 3652 3732 3465 3139 3074 2637 2414 2377 2336 2140 2107 1961 1878 1951 1964 1920 1813 1532 1381 1385 1337 1280 1155 1093 964 883 855 773 624 519 439 351 284 220 160 127 102 97 70 60 39 25 16 15 12 3 5 5 13 5 6 4 18 6 16 15 9 18 19 6 6 9 9 18 25 1624 
24 0 0 0 0 0 0 0 0 0 0 0 0 0 0 0 0 0 1 1 0 0 0 0 0 0 0 0 0 1 1 0 0 0 0 0 0 1 0 0 0 0 0 0 1 1 2 3 5 37 79 13 17 19 22 13 25 33 20 31 33 29 18 16 17 16 10 17 12 6 10 9 11 11 13 12 9 25 14 14 11 15 21 21 19 35 28 52 66 54 61 81 94 136 153 170 256 390 514 624 693 814 1009 1365 1492 1550 1787 1989 2271 2619 2968 3050 3048 3056 3377 4011 4381 4805 4722 4806 5320 6118 7254 7627 7648 7382 7318 7559 8673 9257 9106 8428 7975 8257 9102 9295 8603 7773 7085 6508 6695 7265 7738 7910 7609 6939 6499 6754 7118 7452 6974 6625 6389 6615 6992 7216 7090 6820 6295 7016 7177 7566 7771 7755 6874 6926 6974 7673 8052 7967 7607 7519 7862 8500 9005 9297 9203 8445 8432 8989 9186 9361 8862 8572 8980 9850 10414 10210 9896 8901 9123 9948 9778 9467 9018 8019 7421 7146 7444 6962 6515 5559 4963 5041 4907 4506 3864 3379 3198 3188 3264 3041 2794 2402 2354 2350 2408 2300 1995 2027 1874 2056 1989 1951 1555 1323 1285 1257 1223 1139 890 823 780 642 455 304 226 140 108 82 49 48 42 27 34 21 19 21 14 26 16 15 7 19 24 1630 
24 0 0 0 0 0 0 0 0 0 0 0 0 0 0 0 0 1 0 0 1 0 0 0 0 0 0 0 0 0 0 0 3 0 0 0 0 0 0 0 0 0 0 1 1 4 3 5 7 7 13 10 13 14 28 24 36 17 20 11 6 7 13 81 20 12 9 7 14 5 3 12 15 8 10 14 17 21 12 12 6 8 11 9 7 6 18 9 11 15 8 19 21 19 18 23 19 27 31 32 32 35 50 55 65 82 131 170 211 287 406 492 600 690 936 1178 1369 1506 1631 1729 1781 2164 2497 2830 2815 2947 2979 2932 3613 3792 3805 3868 4189 4703 5424 6185 6482 6467 6233 5987 6564 7448 7793 7733 7540 7074 6974 7349 8001 8085 7561 6946 6572 6738 7006 7223 7013 7056 6818 7275 7020 7446 7446 7200 6920 6679 6662 7046 7147 6834 6447 6554 6726 6999 7068 7364 7059 6733 6635 6982 7379 7058 7034 6953 7259 7647 8032 8116 8402 7975 8146 9152 9760 9824 9935 9403 9181 9218 10006 10358 10059 9593 9555 9999 10290 10153 9656 9106 8640 8823 9317 8888 8368 7479 6903 6594 6434 6246 5556 5020 4861 4794 4726 4628 3630 3591 3342 3429 3202 2993 2540 2440 2348 2285 2282 2053 1991 1945 1877 1640 1357 1034 836 796 638 419 338 292 181 99 70 51 22 27 31 1639 


