1
0 0 0 0 0 2 7 30 29 28 31 32 26 31 84 261 228 270 516 906 768 670 662 595 473 386 309 178 136 145 122 94 95 87 98 110 156 146 137 177 135 162 167 186 161 161 161 165 173 170 177 179 173 185 188 179 188 162 187 153 177 202 170 178 200 217 183 186 190 199 195 196 183 182 203 195 197 214 198 224 216 223 225 216 251 230 216 236 251 281 280 275 303 309 296 261 235 272 226 229 227 237 240 202 206 233 208 217 234 178 209 190 245 187 182 196 201 209 183 195 196 232 197 228 239 262 263 302 280 266 236 249 237 259 250 258 247 243 271 257 315 317 410 426 397 398 416 364 338 351 403 437 397 399 435 392 416 426 413 424 423 456 467 448 435 450 422 434 439 457 497 501 530 578 587 602 564 578 534 520 538 474 533 450 460 462 421 434 408 386 380 340 358 310 317 263 310 290 297 294 239 236 242 206 223 252 277 279 294 246 228 241 237 219 219 203 218 191 189 194 185 134 131 126 120 130 148 128 140 122 115 101 131 152 148 183 162 133 137 151 136 130 77 106 77 92 79 71 51 62 45 63 65 83 120 440 
0 0 0 0 0 0 0 0 0 0 0 0 0 0 0 0 18 21 15 26 24 19 15 22 15 17 17 23 78 116 163 133 137 139 165 205 310 319 473 433 380 361 377 390 399 435 338 277 218 184 207 192 199 167 142 113 103 118 101 117 113 113 132 129 129 138 151 184 177 183 217 199 187 204 210 213 194 191 177 173 191 165 194 169 183 184 175 186 197 165 201 203 188 212 215 223 230 176 235 217 194 214 225 204 226 226 219 256 246 224 280 267 269 225 234 259 285 260 273 252 265 247 251 241 261 264 251 301 214 240 247 211 247 212 221 198 221 215 232 245 266 293 281 234 256 230 258 223 259 236 277 242 246 235 250 261 277 269 319 360 342 342 373 332 305 346 336 373 391 382 400 370 382 357 378 392 403 426 466 434 453 432 431 453 486 428 472 502 538 569 576 565 506 524 492 541 606 557 520 543 538 554 552 506 469 468 462 437 426 418 421 384 375 365 387 359 349 300 348 326 333 309 296 299 282 251 223 228 200 195 181 187 203 217 194 175 182 179 134 125 125 127 118 130 144 156 151 160 145 163 179 197 198 209 299 1136 
0 0 0 0 0 0 0 0 0 0 0 0 0 0 0 0 0 0 0 0 0 0 0 0 0 0 0 0 0 0 0 0 0 0 0 0 0 0 0 1 1 1 1 2 3 2 3 2 4 4 2 4 6 3 7 2 7 7 7 7 12 13 23 32 49 50 52 64 67 79 63 63 65 83 68 80 98 116 128 120 142 162 140 152 185 172 201 195 232 227 224 230 214 234 265 274 284 283 282 323 349 321 324 346 332 314 311 331 311 317 294 290 299 268 269 255 287 280 258 274 254 278 251 266 265 210 274 248 241 222 235 219 241 244 234 246 233 278 252 282 287 252 258 257 249 283 268 290 272 295 340 296 264 274 303 272 301 308 285 312 274 339 336 334 355 312 346 313 315 325 291 336 328 315 289 305 314 302 316 285 317 314 316 341 346 326 339 333 372 347 399 407 389 360 412 407 488 495 501 471 461 492 475 549 555 602 590 619 636 585 566 596 584 615 594 560 547 560 521 538 556 575 608 601 574 519 463 453 444 439 464 448 441 397 380 397 415 412 404 437 378 394 357 303 282 298 326 250 243 275 254 278 273 349 459 2244 


0 0 0 3 30 99 1431 7303 13584 19200 17650 15931 15108 15006 15353 16015 17578 19123 21068 24606 28763 26759 22591 20248 19287 18277 18884 19029 19173 20457 21246 21911 22672 23525 23734 23746 25271 23993 24919 30363 38911 45015 44753 34204 23174 16216 12298 8915 7318 5910 5047 4105 2784 1942 1346 944 748 593 474 364 298 281 273 244 213 212 179 176 166 163 140 170 128 138 140 138 116 110 118 100 97 108 117 99 86 85 92 87 92 72 80 62 63 45 67 65 52 50 54 46 37 38 56 36 46 38 45 43 33 37 37 49 40 51 34 39 37 26 25 32 27 23 32 28 29 29 25 23 21 32 32 23 22 21 25 18 16 24 16 20 16 16 14 20 24 15 10 13 6 12 12 10 10 10 15 13 6 12 12 9 7 11 10 10 8 7 10 7 10 7 10 11 13 4 10 4 7 3 9 1 9 8 6 5 7 4 6 6 9 4 5 4 7 8 5 0 4 4 2 4 6 3 5 4 4 2 2 1 1 3 2 1 1 2 1 3 1 1 3 0 1 0 1 1 0 1 2 2 1 2 0 1 0 0 0 0 1 0 0 0 0 0 0 0 0 0 0 0 0 0 0 0 0 0 0 0 
0 0 0 0 0 0 0 3 29 54 846 3166 3420 3826 4996 5571 6691 7199 7929 9759 10754 11009 9769 9149 8834 8281 7973 7789 7734 8087 8348 8733 9206 9880 11073 10801 11219 11549 12124 13226 13239 13806 13784 13419 12926 12026 11622 11319 11847 11531 11496 11308 10936 10426 10826 10725 10337 10323 10596 10602 10717 10855 10669 10497 10795 11540 12151 11857 11614 11626 11526 11332 11241 11817 12554 14121 15913 17413 18383 19967 19756 19230 16016 14211 13015 12837 13044 13197 12093 10465 8561 7357 5829 4916 4220 3589 2965 2283 1741 1381 1105 849 750 596 470 433 361 343 281 276 229 193 198 212 193 161 137 130 115 103 96 106 82 99 97 68 79 66 60 68 71 61 64 56 32 48 55 49 47 47 40 40 33 39 40 34 39 35 31 28 41 30 31 32 46 29 29 36 30 34 36 26 33 34 15 20 25 17 26 20 18 25 30 28 17 23 26 19 21 21 20 22 23 23 25 17 14 14 22 24 14 13 23 18 16 14 16 20 20 12 18 12 9 20 14 10 17 18 9 9 12 10 9 11 10 11 13 6 7 9 13 5 11 7 6 9 8 9 7 5 10 3 9 11 9 3 1 3 1 4 7 3 5 2 1 4 4 2 3 4 4 2 2 2 2 1 
0 0 0 0 0 0 0 0 0 0 0 0 0 0 0 0 0 0 0 19 199 897 1784 1877 1870 1742 1846 1800 1883 1956 2066 2181 2338 2423 2568 2866 3261 3468 3599 3834 4186 4664 4620 4678 4652 4293 3708 3531 3459 3555 3451 3351 3127 2954 2854 2809 2807 2873 2741 2876 2991 2825 2777 2833 2836 3009 3003 3020 3046 3065 3444 3512 3797 3946 4164 4245 4479 4576 4826 5071 4981 5259 5486 5732 6189 6268 6565 6784 7007 6896 6299 6269 5687 5245 4947 4681 4469 4233 3954 3881 3647 3707 3715 3471 3590 3528 3519 3432 3474 3624 3836 3719 3977 3848 3759 3724 3815 3766 3921 3896 3952 3935 3858 4088 4086 4126 4223 4271 4273 4262 4463 4508 4778 4656 4900 4743 4838 5010 5250 5231 5434 5647 5874 5875 6156 6236 6233 6211 5930 5960 5890 6220 5897 5677 5661 5846 6165 5976 6202 6264 6076 6065 5940 5822 5962 6144 5999 6012 6237 7065 8200 8857 9381 9986 10296 10045 10142 10399 10564 10907 11255 10849 10354 8872 7583 6884 5987 5702 5701 5515 4950 4474 4236 3861 3455 3311 3316 3198 2991 2897 2627 2542 2396 2236 2218 2112 2078 2097 1947 1930 2053 1857 1799 1625 1635 1548 1589 1481 1426 1410 1417 1320 1282 1217 1160 1133 1158 1113 1090 1070 1045 1086 1044 1051 1028 1029 993 999 1114 996 979 983 934 867 835 805 816 730 747 820 698 756 854 941 1288 5634 


