0
0 0 1 1 0 0 0 1 2 3 2 4 2 5 5 10 6 20 17 21 31 24 40 68 67 52 78 67 106 103 119 135 132 118 144 146 129 152 185 154 199 187 215 226 218 287 298 333 341 342 404 365 413 381 395 363 369 349 337 322 331 344 390 386 324 316 275 303 250 289 249 274 292 294 261 265 283 283 275 286 342 407 444 458 474 444 395 434 423 384 406 378 387 370 373 346 278 284 242 211 216 159 166 144 132 151 149 146 166 145 129 137 123 140 127 132 132 134 113 123 120 103 89 106 121 102 90 94 93 70 69 92 65 84 81 83 70 69 80 71 62 55 65 60 61 70 70 54 59 80 56 59 52 50 62 69 45 70 56 53 53 54 50 66 55 63 65 58 64 74 70 66 49 50 65 69 68 63 68 63 70 60 72 64 53 58 53 49 44 44 39 39 42 35 23 33 35 27 35 18 29 32 31 33 40 33 22 27 38 26 27 33 26 30 36 33 41 58 41 48 42 50 61 57 68 86 79 69 84 71 73 72 73 67 62 52 55 71 68 89 62 77 69 56 82 73 83 80 67 88 70 79 112 175 305 1000 
0 3 4 3 3 3 7 6 8 6 13 24 28 27 43 51 67 84 73 99 97 99 136 141 157 149 170 181 231 199 243 258 281 265 254 277 246 251 290 284 311 341 350 382 409 482 496 511 525 521 525 521 474 446 460 438 435 414 354 376 377 281 264 238 218 207 206 199 197 156 152 152 148 152 145 132 149 126 129 111 126 99 97 106 105 99 100 114 92 84 93 101 112 108 120 141 139 172 150 172 175 160 214 204 257 270 290 262 334 294 243 282 270 252 219 224 192 215 238 251 236 267 211 184 135 136 113 116 98 106 90 72 105 93 103 88 98 81 83 96 91 90 78 77 92 72 109 71 90 95 87 79 89 88 98 106 72 85 84 77 78 84 83 76 68 65 52 58 67 49 44 51 54 43 50 38 39 50 40 32 47 30 44 47 50 31 33 44 44 54 35 55 48 49 52 26 59 50 46 55 60 61 47 81 63 64 68 58 63 63 63 47 53 35 47 53 57 39 50 62 61 58 67 63 57 50 66 61 69 61 51 46 49 38 40 44 43 55 35 40 28 41 42 39 33 31 33 41 39 36 51 55 56 91 230 663 
5 5 3 9 15 12 25 15 32 23 20 43 34 48 57 58 84 74 103 132 129 145 197 203 195 211 194 199 206 196 191 220 215 251 284 263 297 290 310 316 320 338 374 408 402 424 395 384 392 378 376 358 363 399 365 340 316 319 307 222 211 188 142 127 137 126 135 97 122 100 101 80 81 69 77 72 76 71 74 60 65 57 50 46 44 49 54 45 61 53 41 51 54 38 43 51 59 50 60 56 59 48 66 64 65 58 60 68 58 69 59 56 61 81 62 72 72 61 87 101 88 101 114 133 128 130 144 162 169 202 187 230 238 255 250 285 286 287 261 244 245 256 228 255 247 217 188 189 187 191 136 155 166 152 161 173 222 203 200 198 219 169 169 164 165 155 159 147 158 153 153 157 174 151 153 151 158 188 178 170 217 228 235 245 261 220 233 199 178 201 173 189 172 147 167 120 101 108 90 84 104 97 78 85 66 54 57 67 63 45 57 41 40 55 40 41 44 62 36 34 34 31 28 31 45 38 45 35 30 53 45 41 46 51 33 41 41 27 23 20 22 22 12 27 23 15 15 24 19 23 21 46 50 54 308 109 


45 36 27 26 36 33 40 34 41 55 60 73 101 163 212 299 403 485 677 744 804 885 809 805 738 663 654 666 727 664 642 634 553 491 408 353 383 357 360 328 339 324 371 352 374 400 419 413 468 486 499 506 545 527 557 545 561 506 517 578 505 514 517 522 558 581 562 540 500 479 540 460 483 484 495 475 502 526 536 564 587 562 625 630 638 679 725 704 672 639 651 594 616 551 619 626 642 660 747 799 804 882 983 1030 1174 1145 1195 1355 1345 1462 1468 1579 1729 1781 1865 1890 2005 2119 2134 2366 2415 2624 2918 3216 3660 4202 5091 6113 7324 8730 9555 10402 11170 11659 12070 12750 13333 13728 14509 15855 16894 17233 17580 18103 18244 18725 19070 19191 18708 18040 17323 17029 16156 15287 14401 13401 12521 11852 10917 10814 10793 10500 9795 9747 9496 9104 9116 8849 8459 8018 7595 7207 7058 6681 6366 6106 5934 5640 5832 5919 5920 5759 5722 5450 5136 4798 4482 4354 4318 4280 4272 4363 4435 4440 4575 4521 4456 4440 4276 4361 4117 4198 4258 4185 4360 4698 4813 4750 4655 4545 4586 4591 4834 5470 5873 6125 5900 5239 4871 4333 3801 3561 3348 3009 2811 2731 2634 2615 2677 2773 2821 2736 2709 2105 1488 999 551 406 300 243 211 197 172 119 56 45 21 26 17 17 14 16 16 21 51 70 
15 27 22 14 24 24 22 26 27 29 27 30 38 36 38 48 56 55 84 77 104 124 151 177 194 223 226 264 273 281 293 267 298 353 321 356 397 411 500 614 780 936 1062 1101 1054 1065 889 808 729 674 642 614 681 637 578 580 486 439 437 450 444 410 433 440 445 429 421 511 472 462 457 522 509 498 489 546 561 542 521 513 517 528 505 533 582 589 651 651 658 652 719 640 699 647 628 655 610 651 636 711 698 716 734 760 822 807 818 857 891 872 933 940 970 918 957 980 969 1059 1025 1068 1051 1106 1112 1145 1171 1164 1169 1156 1182 1174 1284 1264 1385 1436 1523 1571 1673 1737 1841 1918 1981 2141 2145 2130 2194 2096 2123 1962 1898 1892 1916 1908 1976 2227 2211 2362 2640 2924 3266 3988 4947 6360 8374 10536 12228 14274 16202 18268 20501 22271 22857 23553 24137 24854 25490 25580 25187 24419 24124 23683 23497 23435 22081 20590 19604 18736 17041 15294 14945 14427 14670 14037 13085 12124 10983 10052 9533 9046 8505 7370 7049 6459 6271 6259 6346 6540 6758 7296 8123 8372 8082 7438 6529 6060 5393 5282 5274 5423 5642 5526 5041 4567 3736 2759 2006 1342 933 693 521 427 365 271 293 243 242 212 198 139 87 54 47 20 19 14 14 9 15 15 10 13 18 14 14 23 44 44 
0 1 1 2 4 3 6 9 13 11 22 31 37 59 61 82 95 112 148 152 135 155 145 133 99 85 60 67 48 39 30 22 15 19 18 20 21 14 16 16 12 25 29 25 21 29 23 29 42 53 53 75 63 69 49 78 79 75 93 87 99 112 145 137 140 162 173 206 192 247 230 255 319 305 354 351 392 427 407 453 501 457 562 538 592 625 635 626 674 715 683 727 777 814 843 880 890 912 892 968 842 900 858 834 847 832 804 845 864 844 862 876 862 893 816 870 803 890 818 863 806 820 743 788 758 741 759 717 729 699 696 666 613 661 614 603 578 580 494 453 502 507 491 478 554 505 518 557 565 566 544 576 600 650 695 644 622 653 659 668 789 940 1024 1312 1552 1796 1967 2069 2066 2246 2357 2380 2409 2419 2477 2531 2611 2783 2761 2885 3059 3338 3526 3898 4078 4173 4444 4838 5478 6406 8099 11057 14938 20157 25461 30797 35073 36835 37199 37692 37589 37532 37976 37252 36894 36884 36835 35804 33501 30233 26388 24298 22486 19432 17100 15071 13094 11199 8970 6951 5539 4871 4313 3877 3367 2667 2009 1520 1176 876 686 522 414 354 232 164 172 155 113 88 64 67 45 44 41 31 35 15 30 27 23 22 27 26 38 9 


