1
0 16 34 90 647 1512 245 176 77 37 30 19 15 19 18 17 11 15 9 16 5 12 7 6 7 12 9 6 15 41 289 1072 4974 124364 9797 911 711 624 556 347 305 289 279 291 285 209 189 188 201 198 180 199 224 287 322 373 300 163 93 68 87 79 95 91 88 118 127 145 159 195 198 172 153 139 142 142 145 125 142 140 133 136 198 255 233 222 267 293 297 348 417 417 397 332 368 378 378 439 485 531 587 734 1072 2015 3943 6629 9706 11797 13794 14276 15311 15102 14452 13074 10368 7256 4448 1798 864 662 607 547 517 480 376 298 265 240 168 104 91 55 30 10 6 1 0 0 0 0 0 0 0 0 0 0 0 0 1 0 0 0 0 0 0 0 0 0 0 1 1 0 0 0 1 0 0 1 0 0 0 0 0 0 1 0 0 0 0 0 0 0 0 0 0 0 0 0 0 0 0 0 0 0 0 0 0 0 0 0 0 0 0 0 0 0 0 0 0 0 0 0 0 0 0 0 0 0 0 0 0 0 0 0 0 0 0 0 0 0 0 0 0 0 0 0 0 0 0 0 0 0 0 0 0 0 0 0 0 0 0 0 0 0 0 0 
0 2 18 17 23 35 30 66 182 864 951 187 112 117 102 68 31 27 23 15 11 10 18 11 11 9 9 6 19 3 6 14 9 6 4 2 6 7 3 3 9 4 3 9 7 5 9 7 17 34 86 362 655 1532 3862 49884 81636 2365 655 542 472 419 377 397 273 220 222 204 200 190 197 188 193 141 138 118 118 122 143 134 122 153 127 164 191 246 268 259 276 195 99 81 62 81 78 91 80 85 84 84 82 72 75 57 78 65 99 105 121 138 171 178 161 165 134 130 99 93 104 91 114 95 101 96 64 63 66 65 78 98 95 172 199 228 266 311 332 321 283 255 275 243 238 247 285 264 291 324 322 419 503 521 609 760 950 1654 3376 6474 8819 12442 13424 14108 13844 14013 13833 12159 11635 9215 6051 2003 729 727 691 556 488 491 431 431 289 201 178 129 68 32 15 11 5 1 0 0 0 0 0 0 0 0 0 0 0 0 0 0 0 0 0 0 0 0 0 0 0 0 0 0 0 0 0 0 0 0 0 0 0 0 0 0 0 0 0 0 0 0 0 0 0 0 0 0 0 0 0 0 0 0 0 0 0 0 0 0 0 0 0 0 0 0 
0 0 1 10 16 8 25 22 27 15 11 14 12 31 32 44 62 172 404 681 479 219 92 57 68 77 66 54 51 40 20 23 18 16 12 15 15 11 8 11 8 11 10 8 5 8 6 6 5 5 9 6 5 5 6 2 7 6 8 6 12 14 22 42 173 345 513 1079 2063 5699 67766 59319 3078 705 474 443 369 339 328 334 320 192 202 172 169 167 153 146 160 160 148 140 126 110 114 95 92 109 116 114 110 110 133 119 149 172 226 242 229 225 223 163 82 84 96 72 78 60 70 61 82 58 60 71 52 56 47 45 61 44 64 69 81 89 93 130 153 148 165 150 122 110 93 80 83 82 84 97 87 88 78 54 52 54 52 49 64 74 63 55 67 94 154 258 267 280 250 259 261 256 235 222 184 207 213 245 249 259 261 269 307 312 385 428 473 549 693 783 1345 2384 4857 8497 9808 12393 13710 13983 13766 14080 12997 11632 10916 7957 4198 1208 726 682 664 541 503 472 445 317 204 195 119 88 28 18 10 7 0 0 0 0 0 0 0 0 0 0 0 0 0 0 0 0 0 0 0 0 0 0 0 0 0 0 0 0 0 0 0 0 0 0 0 0 


31 12 28 35 48 55 87 116 104 120 119 93 121 67 50 38 34 38 30 29 34 24 26 30 33 22 19 26 21 23 26 34 40 198 43 49 53 75 64 89 76 104 105 107 135 195 203 196 226 219 265 310 354 447 532 623 733 759 742 756 827 894 1024 1125 999 930 945 968 989 1042 1259 1284 1375 1403 1361 1381 1446 1685 1901 2190 2421 2353 2556 2759 2922 3248 3734 4186 4700 5175 5479 5806 5889 6243 7319 7872 8420 8507 8636 8115 8002 7693 7849 8003 8235 8667 8434 8223 7750 7416 7044 7035 7413 7298 7332 7437 7487 7528 7152 7038 7409 7478 7928 8350 8328 8808 8757 8515 8680 8234 7948 8024 7922 7838 7688 7141 6810 6221 5999 5802 5783 5811 5754 5777 5773 5399 5102 4688 4506 4590 4720 4757 4895 4997 4955 4655 4429 4190 3998 4400 3844 3545 3086 2795 2510 2202 1915 1868 1934 2025 2013 2017 1879 1786 1797 1747 1730 1673 1587 1421 1301 1229 1117 960 869 814 799 755 731 705 716 726 685 723 757 696 758 790 802 784 862 790 828 897 881 948 940 1022 997 997 986 1093 1097 1125 1164 1208 1200 1217 1212 1341 1253 1338 1387 1368 1311 1412 1337 1425 1355 1384 1394 1426 1374 1355 1386 1406 1385 1437 1400 1409 1341 1331 1305 1240 1427 1315 1254 1211 1147 1196 1310 1384 1523 1784 2514 11240 
45 31 62 123 112 135 161 161 126 64 50 20 16 27 17 36 23 33 20 22 18 15 17 14 17 17 25 26 28 30 26 34 24 12 20 20 16 16 32 23 27 21 28 24 35 38 60 86 95 94 86 80 108 121 158 269 244 204 221 251 329 305 327 352 374 334 389 411 429 466 582 622 701 780 772 846 866 895 973 1070 1070 1037 1083 987 906 900 1015 1185 1316 1422 1728 1710 1732 1612 2039 2294 2637 2734 2911 3099 3219 3353 3776 4127 4865 5614 6184 6643 6802 6696 6792 7092 8105 8723 9388 9660 9467 9243 8750 8088 7739 8026 8132 8610 8458 8357 8260 8261 8395 7899 8046 8773 9158 9407 9476 9746 9543 9086 8811 8862 9410 9862 10351 10226 10059 9450 8961 8461 8406 8219 8716 8716 8376 8107 7596 7103 6320 6170 6289 7127 6578 6554 6428 6171 5694 5316 4944 4974 5249 5482 5134 4917 4490 4055 3822 3680 3776 3759 3726 3598 3348 3119 2889 2735 2541 2670 2669 2617 2654 2638 2254 2082 1806 1757 1609 1534 1270 1104 1010 1029 941 886 844 929 930 764 720 691 672 548 580 577 572 486 487 505 442 423 379 415 399 354 370 373 306 239 272 232 239 243 219 193 170 122 126 116 118 97 83 55 68 55 65 52 46 34 32 15 19 14 17 16 25 11 37 1628 
55 36 47 73 100 151 138 130 126 96 70 46 41 56 48 41 53 70 50 73 74 88 103 123 152 121 150 174 185 216 230 255 318 333 331 351 425 417 409 478 451 567 572 529 603 638 679 722 744 800 835 852 861 940 925 1017 1037 1104 1133 1136 1218 1241 1372 1435 1543 1568 1477 1621 1668 1658 1878 1796 1814 1933 2055 1998 2111 2028 2101 2183 2193 2320 2334 2360 2342 2312 2491 2594 2834 2887 2708 2535 2417 2476 2381 2426 2355 2406 2446 2405 2358 2439 2465 2603 2705 2823 2748 2889 2930 2857 2780 2869 3354 3608 3859 4115 4096 4103 3950 3929 4110 4444 4783 5180 5693 6167 6234 6477 6889 6549 6943 7890 8466 9101 9223 9276 9030 8530 8052 8095 8493 8717 8986 9167 9035 8718 8272 7944 8010 8397 8825 9296 9578 9344 9072 8781 8334 8307 8607 9513 9277 9128 8736 8627 8117 7717 7206 7357 7410 7431 7488 6928 6513 5754 5377 5139 5092 5053 5221 5189 4988 4444 4063 3630 3689 3547 3474 3279 3099 2641 2409 2230 1870 1608 1641 1522 1543 1460 1384 1255 1132 1022 946 800 677 622 470 370 240 145 96 76 53 33 14 10 10 11 10 15 9 4 9 9 8 9 3 5 6 5 6 2 3 2 2 4 3 6 11 6 6 2 14 15 8 24 10 11 9 7 2 8 11 14 24 1623 


