1
0 0 0 0 0 0 0 0 0 0 0 0 0 0 0 0 0 1 1 4 13 20 38 66 2319 592 262 356 810 2185 4257 6684 7466 8457 10540 11101 15195 12156 11550 10013 8621 7404 5565 4396 3516 3174 3141 3515 4259 5570 6392 7878 9719 8514 5951 5490 5103 3917 3072 2356 1765 1633 1572 1298 972 781 590 586 435 301 175 131 85 96 64 43 40 25 31 29 36 51 39 43 26 22 30 24 26 25 22 54 59 22 20 26 16 9 7 5 2 0 0 0 0 0 0 0 0 0 0 0 0 0 0 0 0 0 0 0 0 0 0 0 0 0 0 0 0 0 0 0 0 0 0 0 0 0 0 0 0 0 0 0 0 0 0 0 0 0 0 0 0 0 0 0 0 0 0 0 0 0 0 0 0 0 0 0 0 0 0 0 0 0 0 0 0 0 0 0 0 0 0 0 0 0 0 0 0 0 0 0 0 0 0 0 0 0 0 0 0 0 0 0 0 0 0 0 0 0 0 0 0 0 0 0 0 0 0 0 0 0 0 0 0 0 0 0 0 0 0 0 0 0 0 0 0 0 0 0 0 0 0 0 0 0 0 0 0 0 0 0 0 0 0 0 
0 0 0 0 0 0 0 0 0 0 0 0 0 0 0 0 0 0 0 0 0 0 0 0 1 2 7 24 52 56 56 299 2325 208 102 80 80 111 129 308 596 1092 2196 3958 4910 4979 5004 5895 6889 10601 11945 12637 12572 9883 8617 7564 6155 5457 4752 4316 3556 4539 5279 6457 6676 8083 6322 5151 4127 3367 2554 2107 1797 1629 1635 1657 1512 1498 1492 1692 1758 1794 1623 1570 1372 1362 1326 1320 1054 815 683 585 607 507 362 295 247 161 121 83 76 54 44 28 9 5 5 1 0 0 0 0 0 0 0 0 0 0 0 0 0 0 0 0 0 0 0 0 0 0 0 0 0 0 0 0 0 0 0 0 0 0 0 0 0 0 0 0 0 0 0 0 0 0 0 0 0 0 0 0 0 0 0 0 0 0 0 0 0 0 0 0 0 0 0 0 0 0 0 0 0 0 0 0 0 0 0 0 0 0 0 0 0 0 0 0 0 0 0 0 0 0 0 0 0 0 0 0 0 0 0 0 0 0 0 0 0 0 0 0 0 0 0 0 0 0 0 0 0 0 0 0 0 0 0 0 0 0 0 0 0 0 0 0 0 0 0 0 0 0 0 0 0 0 0 0 
0 0 0 0 0 0 0 0 0 0 0 0 0 0 0 0 0 0 0 0 0 0 0 0 0 0 0 0 0 0 0 0 0 0 1 1 2 11 11 24 28 51 41 35 21 21 19 84 2310 285 106 62 75 49 65 90 97 157 290 460 667 861 967 1211 1554 1810 1661 1518 1660 1953 2045 2653 3146 4172 5033 5803 5515 6240 7159 7500 7976 8213 9124 11022 11005 10753 9812 8304 7064 6743 6009 5995 5931 5621 5515 5213 4309 3583 2815 2341 2046 1906 1856 1672 1396 1222 1174 1043 900 764 706 626 513 488 393 349 234 190 124 104 48 43 24 26 16 25 28 22 17 13 8 4 2 1 0 0 0 0 0 0 0 0 0 0 0 0 0 0 0 0 0 0 0 0 0 0 0 0 0 0 0 0 0 0 0 0 0 0 0 0 0 0 0 0 0 0 0 0 0 0 0 0 0 0 0 0 0 0 0 0 0 0 0 0 0 0 0 0 0 0 0 0 0 0 0 0 0 0 0 0 0 0 0 0 0 0 0 0 0 0 0 0 0 0 0 0 0 0 0 0 0 0 0 0 0 0 0 0 0 0 0 0 0 0 0 0 0 0 0 0 0 0 0 0 0 0 


1082 711 639 886 1237 1681 1797 1846 1688 1462 1267 888 884 829 736 847 773 792 830 837 959 1068 1093 1227 1338 1409 1504 1542 1533 1480 1557 1638 1845 1922 2255 2592 2975 3072 3557 3614 3857 3789 4095 4300 4541 4718 5164 5561 5991 6134 6720 6776 7747 8199 8874 9835 10254 10494 9854 9000 8237 7502 7052 6370 6071 5806 6020 6282 6585 6856 7016 7223 7897 8872 10105 11365 12461 13519 15000 16002 16546 15350 13934 13029 12355 11860 11321 10403 10250 9743 9419 9297 9351 8915 8949 8832 8046 7787 7339 6822 6800 7055 7257 6793 6505 6221 5812 5346 5286 5022 4749 4292 4002 3389 3095 2811 2664 2559 2342 2055 1917 1712 1491 1259 1142 1004 895 805 759 612 532 482 493 436 443 435 395 373 355 358 353 327 330 332 322 311 347 297 323 310 343 306 308 314 322 342 343 319 355 377 344 359 363 286 349 363 347 349 374 405 404 413 395 336 372 379 418 438 408 399 397 359 447 439 545 597 765 762 782 891 1108 1485 1670 1838 1962 2052 2182 2419 2797 3117 3014 2631 2548 2611 2717 2467 2838 3115 3070 2881 2327 1744 1438 1599 1980 1745 1531 1105 698 457 424 300 200 185 125 113 92 61 52 38 48 62 84 61 56 54 33 35 46 38 47 36 41 37 42 27 30 19 10 0 0 0 0 0 0 0 
0 11 64 260 893 1375 1708 1849 1577 1368 1222 914 718 582 505 501 535 535 537 611 643 545 526 459 550 575 623 619 711 836 1026 1106 1194 1299 1419 1341 1298 1317 1375 1370 1400 1405 1447 1428 1483 1561 1803 1775 1977 2490 2739 2908 2735 2905 3203 3274 3387 3906 4284 4557 4607 5051 5635 6046 6771 6873 6186 5675 5267 5100 4911 4648 4357 4824 4826 4717 4398 4303 4515 5443 7504 9368 10389 10945 11512 11710 11471 10395 9072 8138 7273 6513 5904 5248 5308 5590 6237 6442 5954 5736 5483 5299 5469 5948 6399 6382 6502 6408 6140 5965 5834 5784 6304 6706 6548 6688 6698 6576 6758 6673 6912 6591 7320 7502 7072 6384 5958 6371 7586 7373 7111 6456 5901 5431 5370 5540 5840 6227 6376 6058 5627 5193 5330 5562 5342 4810 5425 5620 5054 4560 4013 3765 3937 4209 3881 3367 2865 2291 2071 2018 1960 1678 1459 1147 1051 875 822 787 763 789 708 680 620 500 513 512 609 564 646 604 551 480 640 719 781 822 830 790 892 1020 1262 1279 1192 1043 898 976 949 1246 1773 2259 2361 2941 3058 2640 2326 2371 2854 2733 2381 3318 3425 2904 2308 2102 2469 2243 1811 1275 823 656 581 565 473 467 339 144 66 49 75 95 67 59 34 26 43 67 38 52 30 30 47 39 29 29 4 0 0 0 0 0 0 0 0 0 0 0 
110 206 291 503 743 972 1034 1049 1156 1259 1062 846 657 599 538 466 436 458 391 368 337 343 351 322 352 342 409 431 460 490 524 561 543 557 587 544 659 776 842 912 1016 1111 1282 1405 1328 1322 1426 1380 1482 1326 1576 1448 1458 1395 1329 1412 1453 1499 1560 1700 1788 2145 2753 3276 3861 4172 4400 4225 4099 4246 3785 3546 3042 2966 2930 3227 3483 3691 3990 4721 6031 7055 8237 9507 10557 11176 11261 9926 8736 6647 5400 4662 4310 4259 3737 3265 3143 3153 3333 3342 3485 3620 3805 3791 3859 3891 4279 4450 4447 4224 4232 4153 4068 4159 4450 4779 4942 4725 4701 4700 4549 4726 4912 5188 5117 4423 4396 4298 4327 4530 4899 4832 4907 4712 4352 4362 4530 5037 5272 5326 5229 5060 4930 4748 5150 5652 6339 6472 6396 5971 5707 5706 5980 6666 6367 5932 5537 5209 5175 5254 5498 5591 5850 5791 5523 5197 4947 4958 5223 5334 5525 6195 6167 5886 5423 5413 5620 5911 6055 6025 5377 4776 4456 4448 4598 4975 4590 4267 3599 3230 3076 2951 2693 2498 2251 1736 1727 1691 1811 2101 2273 1905 1905 1728 1714 1914 1827 1945 2177 2191 2145 2269 2417 2587 2418 2455 2486 2516 2367 2269 2199 2025 1909 1263 804 537 501 515 613 427 328 295 245 121 57 65 36 44 28 33 40 63 46 28 12 4 2 2 0 0 0 0 0 0 0 0 


