1
0 0 0 0 0 0 0 0 0 0 0 0 0 0 0 2 5 11 11 24 21 43 69 120 203 502 2100 5398 7522 9915 11946 17690 18778 23516 25005 26785 19906 15446 9535 6810 4167 3175 2755 2433 2230 2280 2377 2442 2848 2724 2935 2765 2687 2762 2483 2513 2595 2525 2158 1961 1677 1351 1371 1313 1251 1134 1132 1018 1145 938 803 680 653 537 475 378 376 279 276 245 233 208 137 106 115 62 52 47 35 33 16 7 5 6 0 2 0 0 0 0 0 0 0 0 0 0 0 0 0 0 0 0 0 0 0 0 0 0 0 0 0 0 0 0 0 0 0 0 0 0 0 0 0 0 0 0 0 0 0 0 0 0 0 0 0 0 0 0 0 0 0 0 0 0 0 0 0 0 0 0 0 0 0 0 0 0 0 0 0 0 0 0 0 0 0 0 0 0 0 0 0 0 0 0 0 0 0 0 0 0 0 0 0 0 0 0 0 0 0 0 0 0 0 0 0 0 0 0 0 0 0 0 0 0 0 0 0 0 0 0 0 0 0 0 0 0 0 0 0 0 0 0 0 0 0 0 0 0 0 0 0 0 0 0 0 0 0 0 0 0 0 0 0 0 0 0 
0 0 0 0 0 0 0 0 0 0 0 0 0 0 0 0 0 0 0 0 0 2 2 4 13 21 33 50 93 98 81 68 76 97 116 133 249 754 1858 3541 5390 7441 9554 12037 12563 14782 15999 18082 16952 21160 16600 14417 12535 8408 5256 4532 2860 2247 1851 1574 1465 1219 1026 1055 1083 1319 1240 1279 1335 1417 1428 1487 1673 1863 1923 2020 2066 2004 1984 1989 2301 2165 1987 1750 1598 1572 1587 1225 1042 978 948 941 871 838 769 681 577 581 448 483 463 436 477 507 532 566 491 388 361 332 342 336 280 202 192 140 116 108 71 56 42 28 20 21 12 4 2 2 1 0 0 0 0 0 0 0 0 0 0 0 0 0 0 0 0 0 0 0 0 0 0 0 0 0 0 0 0 0 0 0 0 0 0 0 0 0 0 0 0 0 0 0 0 0 0 0 0 0 0 0 0 0 0 0 0 0 0 0 0 0 0 0 0 0 0 0 0 0 0 0 0 0 0 0 0 0 0 0 0 0 0 0 0 0 0 0 0 0 0 0 0 0 0 0 0 0 0 0 0 0 0 0 0 0 0 0 0 0 0 0 0 0 0 0 0 0 0 0 0 0 0 0 0 0 0 0 
0 0 0 0 0 0 0 0 0 0 0 0 0 0 0 0 0 0 0 0 0 0 0 0 0 0 0 0 0 1 1 3 2 3 10 10 18 19 26 43 54 58 63 41 39 44 50 50 41 51 55 87 75 95 112 176 223 339 388 428 398 635 1226 1862 2830 3438 4346 5522 6657 8267 9046 9379 9721 10846 10239 11208 11771 14823 15759 15250 14029 13211 10906 9284 6487 4014 3083 2720 2261 2254 1913 1899 1706 1678 1742 1755 1837 1845 1775 1681 1684 1785 1671 1491 1401 1365 1352 1083 1133 1087 1080 1013 1052 954 839 737 617 472 395 324 307 301 319 291 296 259 244 273 327 318 365 365 455 533 560 580 424 366 285 267 300 273 265 196 187 127 111 67 48 33 19 19 18 14 14 4 1 0 0 0 0 0 0 0 0 0 0 0 0 0 0 0 0 0 0 0 0 0 0 0 0 0 0 0 0 0 0 0 0 0 0 0 0 0 0 0 0 0 0 0 0 0 0 0 0 0 0 0 0 0 0 0 0 0 0 0 0 0 0 0 0 0 0 0 0 0 0 0 0 0 0 0 0 0 0 0 0 0 0 0 0 0 0 0 0 0 0 0 0 0 0 0 0 0 0 0 


0 120 74 96 117 137 155 209 206 220 282 270 238 277 326 327 343 387 506 574 723 1039 1305 1586 1914 2309 2855 3347 4015 4689 5406 5769 5999 6443 7239 7467 7166 6877 6649 6232 5671 5147 4726 4238 3729 3419 3497 3754 3882 3632 3858 3818 3986 4042 4496 4640 5038 5297 5443 5498 5740 6192 6536 6808 6757 6900 7120 7423 8252 8520 8514 8412 8624 8371 8259 8393 8726 8411 8456 8013 7950 7797 7678 7883 8052 8267 8310 7906 7956 7815 7868 8099 8284 8295 8335 8326 8123 8051 8453 8596 9044 9084 9418 8961 8784 8711 8540 8777 8827 8330 7852 7106 6674 6312 6355 5908 5693 5262 4712 4252 4145 3834 3616 3292 2960 2398 2218 2042 1936 1622 1404 1224 1025 831 796 682 632 588 497 421 390 287 232 212 197 150 129 138 109 106 104 89 95 108 102 90 94 134 116 98 127 114 122 137 128 130 124 127 165 182 176 196 233 249 251 344 386 419 530 759 1019 1307 1767 2170 2120 2097 2022 2040 2032 1962 1771 1642 1546 1623 1746 1813 1525 1133 984 944 958 797 542 310 253 189 169 134 101 53 56 21 4 7 8 6 4 6 5 3 5 5 5 3 0 0 0 0 0 0 0 0 0 0 0 0 0 0 0 0 0 0 0 0 0 0 0 0 0 0 0 0 0 0 0 0 
0 0 0 0 0 0 0 0 0 9 14 27 15 49 34 42 59 105 145 172 232 220 213 156 204 209 229 358 362 359 384 381 388 409 497 703 819 1137 1633 2171 2459 2655 2923 3272 3724 4445 4667 5074 5054 4851 5072 5267 4949 4727 4358 4227 4433 4711 4592 4429 3923 3282 3144 2998 3015 3506 3237 2773 2229 2093 2199 2532 2936 3245 3443 3398 3341 3309 3626 4195 4826 5199 4907 4334 4436 4710 5152 5887 5995 5882 5527 5313 5170 5585 6057 6155 5826 5217 4220 4177 4433 4803 5090 5266 5174 4883 5011 5101 5648 5869 6392 6748 6879 6402 5841 5539 5604 5992 6644 6312 5543 4927 5406 5722 6020 6691 6520 6602 6998 6797 6891 7036 7474 7390 7451 7054 6488 6292 6179 6533 7088 7554 7541 7473 7332 6377 6501 6557 6977 7484 7989 7679 7577 6749 5792 5394 5668 5778 5767 5449 4971 4413 4158 3862 3697 3462 2888 2454 2103 1689 1578 1461 1318 1128 925 807 631 484 495 461 508 509 518 537 548 686 771 861 1089 1266 1324 1727 2083 2680 3297 3196 3077 2343 1816 1936 2191 2086 1703 1115 724 468 427 374 390 357 312 286 169 93 92 72 35 25 13 15 8 4 7 3 6 0 0 0 0 0 0 0 0 0 0 0 0 0 0 0 0 0 0 0 0 0 0 0 0 0 0 0 0 0 0 0 
0 0 0 0 0 0 0 0 0 0 0 0 0 0 0 0 0 0 0 3 12 42 114 173 187 248 227 203 120 113 107 109 103 95 91 77 88 82 106 140 175 231 224 288 296 276 309 404 493 687 932 1273 1603 2053 2377 2788 3122 3004 2992 3211 3664 4330 4523 4195 3592 3071 3331 3645 3709 3901 4126 3849 3474 3141 3278 3617 3922 3662 3257 2866 2894 2766 2688 2664 2372 2166 2206 1998 2053 2231 2323 2270 2219 2337 2483 2488 2881 3247 3218 3242 3250 3390 3814 3859 4247 4203 4137 4191 4018 4130 4468 5155 5529 5183 4544 4308 4505 4580 4881 4907 4602 4012 3710 3373 3106 3346 3589 3975 4194 4109 4368 4074 4175 4338 4632 4693 4639 4432 4365 4841 5249 5725 5999 5572 5569 5335 5090 4822 5004 5299 5258 5283 5173 5164 5121 5421 5879 5865 5857 5814 5425 5191 5562 5726 6126 6295 6457 6286 5879 5614 5654 5908 6186 6207 6494 6542 6378 6536 7170 7410 7742 7682 7738 7644 7419 7609 8150 7600 7159 6588 6177 5776 5788 5824 6067 5777 5271 5010 4773 4677 4933 4965 4695 3889 3216 2878 2716 2723 2623 2518 1792 1280 893 599 422 349 310 225 241 258 248 220 206 177 146 88 72 26 23 25 5 0 0 0 0 0 0 0 0 0 0 0 0 0 0 0 0 0 0 0 0 0 0 0 0 0 


