1
0 0 0 0 0 0 0 0 0 0 0 0 0 0 0 0 0 0 0 0 2 1 31 69 78 102 149 191 169 233 268 324 298 280 345 393 523 906 1134 1270 1774 2406 4310 6174 9114 12385 14433 16961 19416 19072 16652 13848 10385 6817 4569 3152 2395 2308 2285 1971 1903 1807 1596 1530 1415 1321 1165 1012 828 775 841 891 956 1089 1077 1077 892 869 828 829 755 824 722 587 522 467 502 399 361 285 303 219 215 213 218 235 205 228 216 184 165 153 163 132 145 153 131 133 146 164 140 143 128 116 88 76 67 55 42 31 17 21 20 13 18 11 13 10 7 10 7 5 11 2 4 4 3 1 1 1 1 1 0 0 0 0 0 0 0 0 0 0 0 0 0 0 0 0 0 0 0 0 0 0 0 0 0 0 0 0 0 0 0 0 0 0 0 0 0 0 0 0 0 0 0 0 0 0 0 0 0 0 0 0 0 0 0 0 0 0 0 0 0 0 0 0 0 0 0 0 0 0 0 0 0 0 0 0 0 0 0 0 0 0 0 0 0 0 0 0 0 0 0 0 0 0 0 0 0 0 0 0 0 0 0 0 0 0 0 0 0 0 0 0 0 0 
0 0 0 0 0 0 0 0 0 0 0 0 0 0 0 0 0 0 0 0 0 0 0 0 0 0 0 0 1 2 1 2 5 5 17 46 59 81 70 68 67 67 136 157 245 320 328 305 379 412 427 358 439 554 841 1152 1578 2226 3278 4715 5755 7525 9161 10385 12460 13344 14971 14480 14069 12221 10116 8868 6863 5607 3722 3180 2718 2288 2088 1885 1851 1924 1764 1536 1453 1359 1397 1422 1177 1143 1139 955 843 724 716 649 567 486 439 385 331 263 244 249 264 256 272 255 239 248 247 236 283 305 286 291 277 260 265 248 205 175 163 160 133 119 109 114 113 107 106 124 128 114 103 68 81 86 80 63 71 57 59 51 43 36 38 34 37 16 13 3 2 0 0 0 0 0 0 0 0 0 0 0 0 0 0 0 0 0 0 0 0 0 0 0 0 0 0 0 0 0 0 0 0 0 0 0 0 0 0 0 0 0 0 0 0 0 0 0 0 0 0 0 0 0 0 0 0 0 0 0 0 0 0 0 0 0 0 0 0 0 0 0 0 0 0 0 0 0 0 0 0 0 0 0 0 0 0 0 0 0 0 0 0 0 0 0 0 0 0 0 0 0 0 0 
0 0 0 0 0 0 0 0 0 0 0 0 0 0 0 0 0 0 0 0 0 0 0 0 0 0 0 0 0 0 0 0 0 0 0 0 0 0 0 0 0 0 1 1 4 20 34 48 55 68 54 64 44 57 81 162 189 255 299 311 337 385 339 293 293 294 268 254 185 217 257 304 354 377 421 422 479 508 538 479 692 529 555 613 752 941 1142 1321 1552 2003 2191 2464 3039 3596 4249 4784 5479 5984 6826 7868 8798 9206 9706 10094 10748 11663 13248 11847 9934 9422 8165 6663 5025 3893 2722 1705 1432 1182 891 917 749 548 386 292 219 217 169 135 140 118 115 93 90 89 65 66 57 68 79 89 101 105 123 122 110 110 103 93 84 89 96 123 161 113 98 98 118 92 94 113 85 112 97 80 103 113 87 85 81 79 77 69 61 68 73 60 65 45 31 33 19 23 20 11 6 1 0 0 0 0 0 0 0 0 0 0 0 0 0 0 0 0 0 0 0 0 0 0 0 0 0 0 0 0 0 0 0 0 0 0 0 0 0 0 0 0 0 0 0 0 0 0 0 0 0 0 0 0 0 0 0 0 0 0 0 0 0 0 0 0 0 0 0 0 0 0 


920 1085 633 471 432 632 682 637 773 866 1213 1616 1936 2075 1869 1419 966 772 612 616 717 638 695 783 938 907 985 960 993 957 926 1094 1235 1312 1421 1430 1506 1564 1796 2092 2512 2816 3023 3269 3848 4148 4945 5733 6456 6884 7147 7513 7275 7169 7050 6729 6665 6538 7103 7341 7574 7408 7444 7173 7110 7375 7520 7551 8185 8900 9450 10227 10724 11200 11388 11795 12245 12260 12602 12611 12938 12855 12940 12722 12941 12585 12433 11803 11403 10068 9239 8355 8053 7550 7349 7157 6953 6926 6940 7058 6907 6719 6853 6293 5765 5174 4908 4429 4264 4051 3762 3427 2939 2564 2257 1994 1805 1615 1427 1419 1425 1209 1185 1161 1121 1121 1086 1092 1023 1005 1029 1028 1068 1067 1107 1135 1177 1131 1140 1222 1109 1114 1133 1231 1185 1231 1238 1295 1332 1351 1308 1459 1595 1571 1621 1610 1650 1830 1776 1976 2160 2216 2163 2185 2204 2211 2496 2428 2397 2286 2234 2310 2563 2680 3001 2892 2827 3022 2572 2937 2901 2753 2598 2608 2750 2691 2161 1663 1394 1097 1098 1126 1085 1083 1078 1092 1135 1141 1110 1171 1116 1098 1009 1002 922 953 910 860 836 863 845 836 797 730 739 784 741 726 714 702 699 687 660 625 572 587 578 529 490 490 439 461 422 428 404 384 364 379 338 341 327 296 304 284 248 288 274 260 230 163 124 111 99 85 129 26 
77 228 290 254 202 204 246 258 280 332 324 256 199 150 111 172 284 536 774 1133 1083 717 430 345 412 815 935 1182 1378 1054 790 570 507 558 541 552 619 533 483 400 439 448 461 499 595 678 611 603 632 557 581 544 594 643 673 720 868 960 1016 1225 1329 1482 1716 1724 1929 2216 2398 2744 2772 2906 3570 3579 3888 4083 3888 4167 4484 4958 5360 5601 5976 6144 6051 5949 5892 5575 5249 4894 4688 4730 4944 5134 4940 5077 5154 5395 5516 5649 5788 5658 5986 6038 6702 7611 8256 8214 8648 8907 9193 8852 9249 9067 8663 8328 8063 7810 8287 8663 9258 9001 8907 8677 9331 9477 9420 9689 9008 8544 8453 8010 8308 8719 8981 8110 7962 7577 7502 6851 6275 6087 5703 5419 5427 5536 5899 5681 6370 6122 6581 6169 5968 5506 5181 4794 4181 3792 3755 3804 3805 3611 3414 2823 2493 2331 2034 1846 1650 1565 1513 1566 1486 1532 1632 1759 1712 1719 1941 1802 1858 1883 1650 1720 1954 2117 1977 2323 2680 2633 2427 2367 2536 2752 2902 2478 2281 2451 2621 2866 3052 2957 3105 3398 3395 3507 3782 2883 2236 1978 1657 1360 1256 1279 1258 1217 1219 1216 1069 1016 1004 947 957 979 925 916 941 873 821 806 757 785 763 760 711 719 688 629 654 620 521 528 517 472 489 441 420 499 453 453 476 447 446 469 464 455 509 700 
0 0 0 0 0 19 34 62 44 39 40 48 78 102 129 190 264 430 674 935 1002 987 731 503 359 318 261 249 233 191 201 190 213 198 227 311 431 420 470 597 588 713 917 1233 1220 1043 726 597 427 350 379 368 338 400 352 348 342 382 357 454 482 543 519 496 495 510 489 487 588 600 635 681 709 792 935 970 978 936 859 897 926 1026 1139 1055 1195 1349 1588 1838 1976 2049 2232 2497 2694 3089 2824 3004 3260 3433 3646 3826 4258 4554 4992 4989 5194 5348 5264 5160 5062 5088 5204 5026 4860 4776 4810 4813 4761 4754 4517 4448 4290 4246 4354 4427 4763 5187 5482 5928 6658 6441 7134 6775 6513 6270 6391 6592 7200 7248 7517 7603 7784 7859 7902 7807 7843 7447 7496 7042 6906 7173 7561 8021 8097 8167 8079 8009 8031 7617 7636 7292 7244 6786 7270 7523 8035 8156 8038 7971 8010 7717 7347 7088 6532 6001 5829 5942 6078 6169 6737 6677 6830 6525 6849 6484 6501 5964 5535 5245 5187 5046 4793 4824 4788 4448 4181 3832 3487 3274 3215 3081 2749 2363 2125 2120 2391 2603 2835 3035 2772 3206 3605 3532 3514 3454 3176 3085 3431 3494 3055 2388 1952 1642 1518 1405 1294 1223 1230 1194 1101 1151 1038 1003 1018 958 973 945 887 944 836 852 838 846 768 722 712 684 642 577 632 590 620 640 751 801 1032 2076 


