1
0 0 0 0 0 0 0 0 0 0 0 0 0 0 0 0 0 0 0 0 0 0 1 0 4 11 34 101 188 432 598 712 810 1433 930 1083 1081 1085 1505 2157 2817 3598 4374 5480 6253 7563 8194 10804 14343 15678 15996 16286 14584 12432 10609 8298 5953 4158 3105 2560 2122 1776 1579 1439 1234 1190 1023 895 773 582 458 293 213 182 155 107 107 112 71 96 123 70 60 39 23 13 9 7 5 6 1 3 3 1 2 1 2 2 0 0 3 0 2 0 1 2 1 1 3 1 6 1 3 6 5 4 7 2 2 6 1 2 4 4 2 1 1 1 0 1 0 0 0 0 0 0 0 0 0 0 0 0 0 0 0 0 0 0 0 0 0 0 0 0 0 0 0 0 0 0 0 0 0 0 0 0 0 0 0 0 0 0 0 0 0 0 0 0 0 0 0 0 0 0 0 0 0 0 0 0 0 0 0 0 0 0 0 0 0 0 0 0 0 0 0 0 0 0 0 0 0 0 0 0 0 0 0 0 0 0 0 0 0 0 0 0 0 0 0 0 0 0 0 0 0 0 0 0 0 0 0 0 0 0 0 0 0 0 0 0 0 0 0 0 0 0 
0 0 0 0 0 0 0 0 0 0 0 0 0 0 0 0 0 0 0 0 0 0 0 0 0 0 0 1 0 0 1 1 4 1 3 4 8 10 78 203 322 333 444 560 1257 891 1096 889 652 697 788 870 1045 1309 1302 1441 2011 2465 3041 3845 4720 5673 6582 7731 7912 9453 11293 12346 11941 11519 12869 11930 10658 10188 8166 6485 4596 3562 2890 2393 2116 1835 1515 1389 1082 867 683 459 331 275 218 176 163 126 93 73 62 25 7 13 13 1 4 5 4 2 3 2 2 2 3 3 0 4 3 2 3 3 4 8 6 8 2 1 9 2 4 3 2 2 1 1 1 0 0 0 0 0 0 0 0 0 0 0 0 0 0 0 0 0 0 0 0 0 0 0 0 0 0 0 0 0 0 0 0 0 0 0 0 0 0 0 0 0 0 0 0 0 0 0 0 0 0 0 0 0 0 0 0 0 0 0 0 0 0 0 0 0 0 0 0 0 0 0 0 0 0 0 0 0 0 0 0 0 0 0 0 0 0 0 0 0 0 0 0 0 0 0 0 0 0 0 0 0 0 0 0 0 0 0 0 0 0 0 0 0 0 0 0 0 0 0 0 0 0 0 
0 0 0 0 0 0 0 0 0 0 0 0 0 0 0 0 0 0 0 0 0 0 0 0 0 0 0 0 0 0 0 0 0 0 0 0 0 1 0 0 0 1 0 0 3 0 4 9 37 154 369 406 434 455 503 557 593 650 704 648 608 495 702 821 725 494 486 510 481 528 589 688 843 949 1113 1098 1087 1115 1008 1049 1102 1250 1425 1377 1433 1702 2080 2352 2613 2950 2850 2962 3014 3034 3124 3454 3788 4123 4377 4888 4914 5126 5317 5681 5991 6985 8500 8711 8710 9839 9780 9327 8635 7997 5565 4407 3176 1984 1207 970 708 568 415 264 208 103 77 38 24 22 8 2 2 4 2 6 1 0 1 2 1 1 2 1 1 1 0 0 0 0 0 0 0 0 0 0 0 1 0 0 0 0 0 0 0 0 0 0 0 0 0 0 0 0 0 0 0 0 0 0 0 0 0 0 0 0 0 0 0 0 0 0 0 0 0 0 0 0 0 0 0 0 0 0 0 0 0 0 0 0 0 0 0 0 0 0 0 0 0 0 0 0 0 0 0 0 0 0 0 0 0 0 0 0 0 0 0 0 0 0 0 0 0 0 0 0 0 0 0 0 0 0 0 0 0 0 


730 503 458 424 399 437 378 447 500 606 837 1126 1466 1509 1688 1274 769 553 561 491 435 452 446 446 466 433 441 437 512 538 694 694 746 817 970 968 1169 1284 1387 1664 1944 2067 2084 2291 2562 2855 3247 3309 3464 3527 3750 3720 4154 4390 4843 5076 5647 5962 6281 6696 7503 8371 9307 10112 10759 11212 11702 11752 12609 13092 13733 14425 15041 14892 14938 14618 14373 13811 13559 13407 13314 13147 13206 13092 12476 11703 11355 10511 10184 9636 9497 9199 9344 8784 8601 8283 8065 7827 7426 7151 7074 6781 6299 5628 5119 4227 3809 3455 3130 3065 2886 2736 2586 2277 2197 2149 1901 1777 1675 1670 1583 1499 1452 1381 1469 1374 1336 1446 1451 1530 1542 1538 1428 1505 1506 1514 1457 1478 1431 1429 1378 1401 1356 1407 1486 1488 1512 1797 1920 1873 2181 2318 2569 2592 2803 2787 2683 2569 2522 2750 2538 2710 2713 2750 3050 3111 3321 3221 3560 3727 3743 3360 2449 1990 1430 1296 1315 1291 1230 1217 1261 1315 1309 1246 1229 1257 1152 1177 1188 1277 1198 1184 1143 1201 1110 1161 1150 1203 1088 1091 1073 1072 1053 1068 1054 1050 1021 1034 945 856 883 836 811 810 722 699 667 627 584 556 520 477 422 410 343 349 297 259 254 210 228 187 203 179 160 160 153 204 211 215 209 167 155 126 92 110 105 109 76 89 81 79 67 110 156 122 
52 183 225 232 202 202 169 157 145 131 152 126 125 148 110 159 192 163 193 397 748 1180 1167 1063 641 547 662 740 962 953 683 534 423 338 339 276 241 246 327 339 396 472 479 524 530 520 512 510 482 455 513 540 628 701 745 845 876 795 967 1037 1211 1248 1227 1277 1620 1977 2269 2631 2873 2983 2983 2982 3252 3389 3546 3549 3766 3699 3738 3597 3790 3714 3875 4215 4592 5118 5430 5779 6015 6306 6984 7512 7875 8507 9241 9413 9702 9454 9159 8710 8539 8697 9654 10284 10679 10322 10279 10367 10264 10260 9998 9856 9947 9758 9612 9617 9817 9678 9350 8381 8174 7854 8090 8530 8723 9419 9004 8809 9573 8785 8606 8289 8873 7946 7590 7269 7029 6383 5994 5680 5562 5622 5964 6185 5731 5583 6211 6327 6303 5622 5096 4674 4261 3917 3149 2767 2476 2014 1939 1796 1764 1838 1760 1768 1755 1736 1784 1936 2050 2052 2254 2376 2603 2705 2637 2880 2747 2354 2458 2647 2780 2924 3278 3422 3282 3434 3372 3442 3627 3938 4197 3878 4154 3658 2773 2089 1562 1343 1353 1322 1332 1264 1308 1234 1155 1148 967 977 945 902 863 815 777 788 744 728 808 789 869 856 880 780 782 750 773 694 628 591 558 469 416 376 344 334 298 284 267 231 248 216 209 205 219 186 174 203 171 123 102 97 75 69 46 43 37 36 
0 0 0 0 0 0 0 3 6 5 15 28 45 50 79 81 121 211 346 453 602 892 969 907 689 495 367 294 273 236 201 219 239 178 155 170 146 164 155 162 193 231 359 495 664 803 773 602 485 443 376 364 351 352 351 354 368 354 395 399 447 507 474 501 537 509 612 571 638 651 705 730 725 736 759 798 793 846 817 842 933 1021 1239 1473 1614 1699 1791 1904 1992 2179 2174 2298 2440 2644 2526 2475 2754 2959 3300 3228 3353 3508 3999 4083 4366 4537 4681 5168 5283 5527 5435 5571 5635 5577 5769 5839 6123 6735 7074 7361 7881 7981 8600 8645 8537 8740 9023 8899 9381 9103 9462 9195 8509 8240 8441 8396 8298 8256 8088 8254 8250 7690 7606 7509 7482 7628 7798 7973 8366 8259 7960 7331 7465 7634 7948 7761 7764 7656 7942 7758 7679 7644 7600 7661 7792 7994 7783 7713 7571 7038 6583 6183 6409 6131 6278 6191 6525 6408 6437 6911 7141 7357 7134 6694 6239 5462 4981 4730 4536 4184 4007 3884 3264 3109 3166 3284 3699 3537 3673 3644 3455 3698 3415 3525 3643 3526 3630 2717 2071 1687 1426 1254 1085 985 886 879 819 778 748 818 776 754 757 734 763 760 808 753 756 771 766 832 842 893 836 788 744 594 443 349 334 315 268 257 211 171 200 192 170 166 131 124 123 99 112 165 


