1
682 23 9 14 10 8 7 5 8 9 21 12 20 863 31 28 48 24 57 37 36 42 2114 5 6 4 2 7 3 9 7 5 5 4 124 32 30 47 48 20 21 24 27 16 18 27 37 26 12 23 18 23 20 17 13 19 17 18 27 13 15 13 15 11 16 20 14 11 15 22 18 19 28 21 22 21 30 21 28 27 36 32 31 31 26 39 34 32 48 48 51 140 672 236 1242 662 5417 1832 103 92 62 62 68 77 61 69 76 68 65 90 107 103 83 107 109 109 110 119 119 117 119 126 112 146 117 133 141 164 144 173 159 194 169 157 183 194 205 222 217 229 218 226 240 255 321 277 329 316 350 353 367 402 411 352 412 438 440 410 458 450 443 414 430 432 423 462 506 499 520 609 709 725 778 767 772 857 846 927 1036 1084 1156 1272 1352 1353 1567 1614 1418 1385 2152 1919 3219 1142 71 58 60 70 67 75 78 79 83 56 80 79 81 92 95 95 88 95 108 123 100 115 157 141 182 142 117 182 208 215 293 130 24 17 18 12 20 13 9 11 9 15 26 16 21 20 20 28 30 16 16 10 15 16 5 2 3 1 1 0 0 0 0 0 
679 21 8 14 11 7 6 3 8 11 21 11 22 815 32 26 59 20 57 38 35 40 2161 7 6 3 2 8 4 9 7 5 4 5 120 34 26 51 41 24 22 21 23 16 21 28 38 23 10 26 23 20 21 19 10 16 13 26 25 14 17 13 9 12 18 18 16 14 15 15 19 23 25 20 20 22 25 28 17 29 29 33 34 33 27 39 31 25 46 41 52 69 326 206 939 445 4998 3161 134 104 67 69 65 63 73 62 72 63 68 75 85 103 104 94 91 112 102 118 123 124 117 126 108 121 130 131 125 151 154 146 173 173 180 173 146 175 201 198 219 219 224 216 216 232 270 320 271 333 299 355 341 374 373 421 396 376 450 416 437 442 444 413 425 453 406 425 448 462 510 528 609 650 720 728 760 756 820 866 979 972 1082 1105 1267 1268 1358 1357 1755 1451 1355 1657 2180 2244 2816 66 56 68 60 60 77 82 70 85 70 68 76 87 91 81 93 91 99 98 94 113 138 141 144 139 135 142 181 184 209 251 271 29 25 12 13 25 15 8 11 10 15 15 26 16 22 30 22 23 22 14 21 15 7 6 2 3 0 0 0 0 0 0 
677 23 6 12 11 8 7 2 10 10 22 9 21 805 28 29 55 23 55 36 34 46 2166 8 8 5 4 4 5 5 5 8 5 6 122 31 26 42 44 25 20 20 20 14 17 15 38 20 10 24 18 10 29 15 7 17 12 17 19 28 18 7 8 11 17 10 7 6 8 19 9 11 13 6 12 7 9 9 8 11 13 11 16 9 10 25 11 17 14 15 15 18 30 24 148 151 1246 5851 1047 1579 38 35 35 33 26 26 26 20 23 18 24 18 30 32 30 29 29 34 19 29 32 38 37 37 33 44 40 46 41 29 37 48 46 41 44 44 46 55 57 46 56 39 45 54 52 58 53 60 62 52 62 71 60 81 76 93 69 82 85 82 88 94 89 102 100 95 103 104 94 104 102 117 125 103 114 108 125 128 141 140 163 118 153 163 160 151 132 168 159 195 160 208 203 199 221 216 224 215 239 258 299 268 283 304 263 327 331 322 339 350 366 396 375 367 401 423 484 426 433 475 457 504 507 537 589 403 313 308 302 306 342 377 364 389 459 430 504 511 521 564 556 598 643 656 676 714 713 781 771 804 908 959 1058 1243 1793 12346 


6 0 0 0 0 0 0 1 0 0 0 0 0 6 0 1 0 3 0 2 0 1 0 0 0 1 0 1 0 0 0 0 0 0 5 6 6 1 3 0 4 0 1 0 2 1 0 1 3 2 0 0 0 1 2 2 0 1 3 1 1 1 0 0 3 2 0 1 1 1 2 0 1 0 2 1 0 2 0 0 0 1 2 0 0 1 5 2 1 2 2 1 14 12 17 7 45 38 17 12 12 3 12 9 12 9 9 7 7 4 7 6 7 6 9 2 6 5 7 1 2 8 2 2 3 5 6 2 6 3 4 7 5 4 8 6 15 12 11 22 33 28 49 65 75 76 93 92 73 53 51 43 52 51 59 42 42 33 58 35 48 34 40 55 50 55 68 84 82 98 99 103 112 97 83 71 83 67 80 71 81 72 117 121 143 161 235 323 353 351 434 426 451 433 573 634 720 1016 1157 1899 2802 3199 4553 5022 5270 7324 8369 8534 7514 9565 10514 9959 8991 11218 11919 12033 12778 13250 12455 16696 18700 19381 20432 21059 20550 24787 22929 22494 20720 16945 21640 24484 27968 30571 36585 29223 29359 28674 33626 39473 41041 34568 30359 25368 24637 28341 17066 11121 7965 5776 2999 955 312 101 18 8 
6 0 0 0 0 0 0 1 0 0 0 0 0 6 0 1 0 3 0 2 0 1 0 0 0 1 0 1 0 0 0 0 0 0 5 5 7 1 3 0 4 0 0 1 2 1 0 0 3 2 0 1 0 1 2 2 0 1 3 1 1 1 0 0 2 3 0 1 1 1 1 1 0 1 1 2 0 2 0 0 0 1 2 0 0 1 1 6 0 2 0 2 4 6 23 4 44 51 15 12 11 6 6 11 14 12 10 8 5 4 8 5 5 10 6 2 7 5 4 5 2 5 4 2 3 5 4 5 4 5 2 3 9 3 2 5 7 10 10 17 18 34 44 49 50 72 91 106 78 67 64 69 54 62 56 53 40 32 41 42 45 53 48 65 87 99 109 105 91 104 118 95 75 65 35 36 26 33 37 44 55 64 75 91 100 105 141 122 160 151 150 153 180 143 207 202 216 232 292 460 509 504 692 795 1037 1576 2352 3199 3524 5467 7066 7567 6967 9782 11401 11753 12087 12645 11655 15268 16060 16337 16918 17536 18917 26127 23663 22353 20894 17306 22931 25892 27708 32253 43861 34643 33398 33119 36867 47042 52855 41933 35495 30565 29185 28519 18093 13582 9229 5481 2849 876 302 72 10 2 
6 0 0 0 0 0 0 1 0 0 0 0 0 6 0 1 0 3 0 2 0 1 0 0 0 1 0 1 0 0 0 0 0 0 5 5 7 1 3 0 3 1 0 1 2 1 0 0 3 2 0 1 0 1 2 2 0 0 3 1 2 1 0 0 2 2 1 1 0 1 2 1 0 0 2 0 1 3 0 0 0 0 0 2 0 1 2 0 6 1 1 0 4 0 3 2 30 50 29 28 10 10 10 5 7 14 12 13 9 3 5 6 7 6 7 8 3 6 4 5 5 4 5 4 3 1 1 4 3 6 2 4 5 5 9 5 8 9 11 14 14 21 30 32 29 41 34 52 46 38 41 54 44 43 54 72 51 45 70 68 53 51 39 42 46 56 45 50 59 45 74 118 132 132 119 99 78 84 87 45 85 69 105 95 113 101 174 148 167 154 150 124 146 144 155 169 142 162 145 173 181 205 228 298 371 540 840 1005 1175 1738 2206 2614 2869 4294 5877 7435 8670 9842 9792 12779 15246 15861 17171 18540 20001 25307 21996 19462 16568 12996 16946 20752 25203 31620 40937 37209 37574 37933 38834 42333 48575 44453 38977 30365 32819 44777 29119 24222 20236 16723 9702 2598 960 389 99 2 


