1
0 0 5 184 738 1798 2814 4223 4980 5697 6201 6203 5784 5675 5708 5355 4614 3907 3377 3097 2886 2553 2090 1704 1394 1136 866 699 525 434 341 286 263 244 213 287 265 306 394 553 770 1069 1473 1845 2325 2728 2872 2900 3042 3087 3126 2939 2800 2668 2413 2224 1863 1562 1244 976 861 714 561 480 419 316 254 223 173 118 91 117 71 58 42 35 24 26 33 31 32 15 16 19 17 20 16 13 12 8 7 9 9 4 9 9 5 5 3 5 10 4 4 7 7 4 3 7 2 2 7 1 7 8 6 4 5 5 2 5 2 3 3 3 4 0 3 10 9 4 3 2 2 0 4 2 4 1 1 1 0 4 4 4 1 3 1 2 5 1 3 2 4 6 0 3 2 1 3 5 0 1 1 2 0 2 1 0 0 0 0 0 0 0 0 0 0 0 0 0 0 0 0 0 0 0 0 0 0 0 0 0 0 0 0 0 0 0 0 0 0 0 0 0 0 0 0 0 0 0 0 0 0 0 0 0 0 0 0 0 0 0 0 0 0 0 0 0 0 0 0 0 0 0 0 0 0 0 0 0 0 0 0 0 0 0 0 0 0 0 0 0 0 0 0 0 
0 0 0 0 0 0 0 0 0 0 0 0 0 0 0 0 0 0 0 0 0 0 3 0 2 1 5 12 21 20 43 52 77 109 187 313 389 502 659 808 1113 1380 1667 2060 2489 3096 3491 4111 4625 5060 5900 6274 6138 6048 6105 6287 6253 6041 5914 5481 5431 4951 4563 4070 3631 3221 2905 2603 2080 1780 1468 1112 966 793 545 418 364 265 237 188 172 132 131 85 91 76 78 70 68 79 82 55 73 67 57 60 43 52 51 60 69 36 33 28 23 21 27 31 14 19 10 25 11 11 13 6 11 4 10 11 7 8 6 10 7 17 7 19 10 7 11 10 6 5 7 7 2 3 8 4 2 4 8 9 5 6 6 6 7 10 7 5 4 3 4 5 1 3 9 3 3 2 4 3 3 4 7 3 3 3 5 4 2 3 5 2 2 4 2 3 2 2 2 3 5 6 1 5 5 1 2 1 3 2 4 7 3 0 2 2 3 3 1 4 3 7 5 4 0 1 3 1 1 3 1 2 3 0 0 3 1 1 3 3 2 1 3 5 1 0 2 2 2 3 1 0 4 0 1 4 3 2 3 2 2 1 3 4 5 0 0 0 0 0 0 0 
0 0 0 0 0 0 0 0 0 0 0 0 0 0 0 0 0 0 0 0 0 0 0 0 0 0 0 0 1 2 5 3 3 5 15 24 17 28 44 43 57 54 90 106 120 136 185 209 313 479 609 847 1054 1369 1646 1790 2086 2140 2168 2379 2431 2546 2567 2445 2229 2133 2001 1940 1746 1690 1538 1425 1364 1347 1474 1430 1570 1854 1879 2037 2311 2602 2691 2857 2995 3281 3362 3482 3920 4047 4265 4408 4470 4248 4078 3994 3589 3256 2819 2401 2104 1812 1501 1142 966 697 527 408 301 209 148 117 91 76 67 45 65 57 47 46 36 43 33 35 35 42 35 45 50 42 36 36 39 31 44 40 38 31 29 40 26 36 24 20 20 33 18 11 20 20 8 11 18 9 11 9 9 14 10 7 14 6 13 6 5 8 7 9 8 7 3 3 4 7 11 11 12 10 11 10 13 7 2 8 4 7 9 3 4 5 2 3 7 4 6 2 4 4 4 8 5 3 4 5 8 0 7 5 5 3 3 8 7 9 6 4 6 4 4 3 3 4 3 3 1 3 5 6 6 3 2 2 1 1 6 1 3 4 1 1 4 5 1 3 3 3 2 2 3 20 9 7 10 6 8 43 


0 0 0 0 0 0 0 0 1 1 6 8 11 21 24 23 43 42 48 57 66 61 72 80 85 88 91 104 116 97 111 152 112 157 225 289 327 474 1063 1971 2212 2346 2197 2234 2273 2739 2961 3005 3065 3923 4475 5150 5845 6748 7817 8634 9912 10663 11942 13323 14422 16184 17662 19015 21717 22266 22690 22342 21366 20889 19712 19004 18617 17463 16647 15695 14452 13671 12892 12077 11604 11038 10391 10050 9909 9622 9330 9238 8856 8775 8641 8773 9056 9090 9263 8830 8770 8915 9201 9589 10087 9772 9574 8838 8465 8848 8722 9125 9299 8981 8106 8150 7428 7013 6061 5478 4967 4475 4385 3950 3584 3096 2954 2827 2777 2502 2129 1825 1454 1318 1138 1060 976 800 763 644 616 544 495 505 464 424 369 358 281 297 326 346 372 336 253 258 228 226 210 219 250 222 207 205 233 200 211 135 116 120 106 89 86 84 85 76 87 59 75 73 75 61 59 60 59 47 52 49 51 30 44 45 33 39 32 41 28 33 34 40 41 24 27 28 31 41 28 20 30 31 23 23 26 19 25 20 22 31 19 23 29 21 18 17 19 23 20 25 15 26 18 33 26 28 29 24 34 33 30 21 28 39 30 30 30 26 20 22 27 33 23 34 35 32 42 36 44 64 75 3939 
0 0 0 0 0 0 0 0 0 0 0 0 0 0 0 0 0 0 0 0 0 0 0 0 0 0 0 0 0 0 0 0 0 0 0 61 98 103 126 172 343 778 1118 1082 1127 1258 1311 1443 1636 2022 1921 2337 2759 2902 3547 3858 4512 5109 5946 7515 8591 10142 11213 11895 12653 11642 11236 11197 12965 14332 14584 14605 13816 13992 14222 14202 14548 14700 14910 15046 14900 14278 13997 13563 13528 13026 12562 11655 11431 11170 10976 10587 10339 10173 10296 10309 10004 9726 9613 9387 9559 9350 9201 9322 9862 9813 9664 9792 9102 8691 8396 8009 7564 7356 7186 7131 7198 7097 6963 6806 6880 6502 6212 5790 5781 5644 5550 5319 5351 5219 4950 4638 4445 4419 4336 4173 3928 3811 3703 3433 3412 3138 2944 2609 2466 2336 2099 2055 1948 1944 1852 1779 1553 1549 1385 1317 1161 982 883 808 703 654 552 468 389 365 331 326 343 304 337 307 253 208 154 152 106 88 87 86 80 78 77 86 73 62 59 58 59 52 51 60 51 54 46 43 51 45 44 49 45 46 51 40 29 31 44 42 37 36 32 29 32 39 29 39 31 34 34 37 28 32 20 32 39 32 32 29 33 47 66 63 59 54 49 45 41 31 31 41 28 37 23 23 19 33 32 16 26 41 32 48 51 50 76 2245 
0 0 0 0 0 0 0 0 0 0 0 0 0 0 0 0 0 0 0 0 0 0 0 0 0 0 0 0 0 0 0 0 0 0 0 29 69 86 83 85 148 237 408 709 898 1077 1242 1413 1787 1887 1992 2173 2088 2575 3127 2914 3033 3197 3740 5005 5839 6966 8408 9394 10610 10702 9905 8740 8291 8945 8893 9422 9434 9263 9232 9653 9933 10446 10248 10988 11361 11499 11919 12255 12503 12724 12908 12433 12313 11956 12256 12002 11828 11613 11432 11156 10935 10293 9872 9692 9760 9868 9746 9660 9960 10324 10112 9876 9675 9531 9211 9032 8630 8376 7974 7421 6987 6860 6694 6809 6628 6318 6305 6341 6483 6472 6414 6444 6400 5927 5741 5559 5307 5186 4973 4946 5028 5026 4797 4748 4635 4552 4407 4341 4230 4202 4106 4107 3960 4139 3927 3667 3514 3355 3213 2948 2823 2777 2561 2547 2406 2315 2183 2075 1922 1906 1794 1724 1520 1444 1395 1188 1093 971 887 809 840 730 722 675 546 532 448 416 328 283 241 205 179 179 170 152 144 144 143 132 129 123 117 106 95 85 103 85 84 84 85 86 77 86 90 73 66 71 62 64 69 57 57 67 54 58 50 50 53 47 59 39 49 68 48 62 49 62 72 78 66 59 82 59 71 67 52 39 42 42 47 51 50 37 67 45 81 89 82 2461 


