1
0 8 28 25 30 35 39 28 11 99 194 95 43 17 15 10 6 7 7 6 8 5 10 10 8 173 426 916 1288 2207 81602 36051 1305 1075 1119 857 365 241 188 204 197 228 232 207 257 360 760 3569 1234 400 287 261 258 251 262 280 264 225 262 286 243 197 182 192 218 271 334 336 385 297 260 202 141 137 149 222 259 245 261 271 327 353 476 833 3434 14979 34828 29314 9257 1715 1247 1046 895 509 295 265 189 155 148 144 152 161 165 124 88 61 56 40 20 4 9 1 0 0 0 0 0 0 0 0 0 0 0 0 0 0 0 0 0 0 0 0 0 0 0 0 0 0 0 0 0 0 0 0 0 0 0 0 0 0 0 0 0 0 0 0 0 0 0 0 0 0 0 0 0 0 0 0 0 0 0 0 0 0 0 0 0 0 0 0 0 0 0 0 0 0 0 0 0 0 0 0 0 0 0 0 0 0 0 0 0 0 0 0 0 0 0 0 0 0 0 0 0 0 0 0 0 0 0 0 0 0 0 0 0 0 0 0 0 0 0 0 0 0 0 0 0 0 0 0 0 0 0 0 0 0 0 0 0 0 0 0 0 0 0 0 
0 0 8 17 15 16 20 17 17 20 28 14 17 5 9 48 173 107 48 31 23 19 8 8 5 7 2 9 3 2 6 6 7 5 4 4 7 5 5 7 9 14 83 231 287 520 618 845 885 1787 14423 96448 6471 848 754 691 640 790 646 354 266 239 212 213 194 211 201 202 186 186 174 192 192 191 242 322 597 1620 2559 700 392 200 185 173 144 135 138 129 115 96 103 118 94 110 149 189 150 154 116 145 130 133 174 237 257 286 264 225 175 94 42 46 39 48 54 55 44 59 81 127 174 188 208 210 199 235 267 299 406 530 946 3671 14621 31451 29304 11822 2102 1046 808 748 783 703 350 204 179 163 163 150 125 99 61 56 22 6 12 9 4 5 4 0 0 0 0 0 0 0 0 0 0 0 0 0 0 0 0 0 0 0 0 0 0 0 0 0 0 0 0 0 0 0 0 0 0 0 0 0 0 0 0 0 0 0 0 0 0 0 0 0 0 0 0 0 0 0 0 0 0 0 0 0 0 0 0 0 0 0 0 0 0 0 0 0 0 0 0 0 0 0 0 0 0 0 0 0 0 0 0 0 0 0 0 0 0 0 0 0 
0 0 0 12 12 14 8 15 16 14 12 21 10 27 9 12 9 1 2 3 2 1 1 1 3 15 22 44 114 99 60 24 24 27 10 14 11 5 4 6 2 6 7 4 7 8 6 3 5 6 5 9 12 43 116 202 264 402 507 553 652 702 1150 3376 49808 62018 2833 720 606 566 526 581 681 613 387 290 222 216 186 176 161 184 174 152 155 181 173 217 142 174 172 172 177 195 237 339 692 1670 2110 642 365 167 148 122 115 116 98 114 97 90 97 84 80 90 80 82 71 81 138 136 131 115 131 106 108 124 156 200 225 236 234 212 172 101 85 55 31 18 26 27 39 55 43 40 35 41 51 71 108 145 181 176 197 198 180 244 249 282 346 445 623 1617 6305 18877 31643 24800 8665 1831 980 684 619 681 683 559 308 183 169 130 102 73 59 22 10 10 6 11 6 5 3 0 0 0 0 0 0 0 0 0 0 0 0 0 0 0 0 0 0 0 0 0 0 0 0 0 0 0 0 0 0 0 0 0 0 0 0 0 0 0 0 0 0 0 0 0 0 0 0 0 0 0 0 0 0 0 0 0 0 0 0 0 0 0 0 0 0 0 


24 0 0 1 0 1 4 4 16 46 85 168 276 467 846 1175 1560 1720 1691 1346 988 743 522 402 387 351 361 405 327 353 491 350 357 454 423 499 540 571 618 561 573 501 463 433 536 580 553 629 693 805 919 1018 1118 1354 1565 1748 2103 2481 3062 3630 4467 5632 6492 8169 9261 10318 10691 11655 12456 12937 13131 12978 12914 12799 11795 10911 9899 9201 8800 8580 8989 8190 7502 7061 6468 5928 5531 4827 4181 3707 3603 3579 3535 3541 3621 3511 3545 3403 3234 3085 2816 2858 2695 2697 2776 3012 3231 3348 3291 3448 3617 3763 3789 3650 3681 3678 3632 3767 3879 4158 4230 4423 4584 4599 4722 4510 4275 4225 4501 4500 4502 4448 4362 4326 4187 4149 3913 3740 3582 3381 3382 3482 3578 3709 3749 3925 3739 3730 3707 3729 3419 3306 3125 3151 3149 3199 3225 3254 3128 3303 3256 3182 2951 2856 2622 2603 2483 2657 2928 3021 3350 3466 3569 3675 3885 3873 3773 3576 3559 3620 3875 3952 4013 4245 4563 4647 4496 4084 3923 3403 3106 3380 3326 3116 3161 3015 3051 2943 2763 2575 2528 2350 2358 2489 2822 2839 2883 2792 2849 2601 2430 2252 1885 1583 1414 1276 1097 926 872 801 762 666 630 575 534 488 453 449 418 425 365 350 298 285 270 282 222 244 229 207 210 174 162 146 140 130 125 95 93 74 84 89 58 60 58 1670 
24 0 1 0 2 5 20 62 141 226 416 671 950 1248 1582 1706 1434 951 551 273 190 147 146 186 183 224 253 289 298 325 308 241 227 223 209 255 221 273 239 248 247 264 255 271 283 286 286 364 408 471 570 741 467 414 382 348 401 413 456 456 426 492 457 457 489 478 472 476 543 577 638 629 799 731 804 797 833 920 954 1082 1305 1495 1709 2087 2622 3158 3572 4259 4572 5163 5868 6963 8655 9930 11881 12387 13549 13312 13182 12506 11597 10673 9962 9827 10830 11011 11228 10338 9965 9328 8514 8024 7603 6578 5721 5264 5305 5437 5285 5202 5060 4999 4807 4740 4448 4424 4202 4059 4422 4447 4440 4566 4586 4554 4699 4836 4894 4883 4566 4442 4385 4692 4961 5112 5368 5386 5253 5397 5448 5559 5767 5379 5119 5244 5476 5803 5784 6032 5728 5999 5370 5076 4732 4325 3699 3627 3379 3594 3730 3644 3459 3524 3531 3567 3683 3799 3723 3465 3421 3713 4083 4424 4544 4663 4917 5144 5451 5333 5172 4542 4420 4870 4456 4283 4274 4061 3720 3630 3347 3022 2846 2564 2291 2344 2388 2274 2306 1958 1834 1623 1471 1455 1361 1191 1337 1440 1417 1359 1312 1473 1581 1433 1273 1190 889 611 471 392 238 225 175 197 158 147 132 118 105 99 108 115 100 75 62 49 20 38 35 18 17 10 11 20 16 19 18 1623 
24 3 4 8 22 42 77 121 163 254 451 652 756 857 1056 1105 1190 1022 935 601 350 297 153 136 133 146 129 165 181 217 214 220 273 315 353 428 486 508 512 594 570 642 605 654 741 721 815 848 933 976 928 916 970 991 1034 1030 1136 1147 1171 1440 1426 1400 1346 1336 1512 1495 1388 1422 1544 1590 1627 1507 1595 1512 1404 1558 1515 1456 1438 1540 1578 1594 1558 1629 1588 1694 1664 1586 1567 1651 1572 1725 1717 1673 1772 1806 1875 1937 2021 2102 2320 2268 2506 2626 3081 3548 4220 4900 5763 6714 7508 8328 9184 9306 9257 9501 10393 11487 12578 13043 12841 13261 13023 13226 12868 12416 11622 10937 11583 11310 11238 10615 10131 9680 9118 8429 7627 6754 6142 5344 5116 5158 5207 5196 5082 5212 5472 5884 5852 5735 5694 5462 5192 5240 5439 5602 5710 5752 5708 6130 5744 5530 5333 5192 4787 4548 4355 4447 4799 5139 4881 4763 4303 4064 3881 3723 3465 3025 2943 3007 3280 3421 3653 3877 4243 4315 4459 4160 3993 3589 3554 3952 3752 3630 3910 3907 3442 3016 2852 2576 2413 2155 2076 2318 2583 2482 2561 2607 2266 2032 1874 1705 1458 1311 1166 1140 1014 834 757 638 499 401 325 230 182 154 126 122 114 97 60 47 43 33 20 17 10 13 9 8 5 20 25 11 4 7 3 6 7 3 8 7 14 15 18 1624 


