0
0 0 0 0 0 0 0 0 2 0 0 1 1 0 0 0 0 0 1 0 2 2 3 3 5 9 6 9 13 14 23 15 31 19 13 23 14 13 19 16 18 19 22 27 30 17 17 27 30 27 36 40 53 59 59 99 115 166 200 234 260 262 293 313 282 315 276 277 249 192 181 161 165 165 161 140 114 90 69 57 49 43 36 39 34 38 33 35 34 35 28 32 33 32 29 32 31 23 38 42 40 38 42 61 51 58 62 77 59 90 74 72 99 102 110 90 86 105 112 83 88 73 67 73 61 72 62 54 51 56 48 50 56 35 32 43 37 38 36 36 30 30 30 23 42 27 25 28 32 31 26 32 31 29 26 25 26 29 31 35 28 27 26 28 39 36 32 37 34 25 39 31 37 50 53 63 77 116 109 120 106 111 123 175 211 238 246 232 238 264 243 276 240 222 267 274 278 219 226 216 193 170 155 134 135 155 153 179 155 121 127 130 140 96 83 70 61 63 77 66 65 51 46 54 26 30 32 22 41 34 35 26 34 28 22 24 25 33 24 27 23 32 27 28 32 42 26 49 66 48 88 116 211 414 1161 7711 
0 1 0 1 1 0 1 0 0 0 0 0 0 0 1 2 3 3 6 7 10 6 14 18 13 14 21 18 30 31 20 21 15 22 25 23 25 34 32 28 25 28 26 29 34 35 33 42 39 33 38 29 23 34 34 26 23 21 27 27 22 28 19 20 18 24 16 14 16 16 17 19 24 15 20 16 17 8 15 10 13 15 23 17 18 14 16 17 28 12 22 19 20 18 17 15 21 28 19 12 16 21 16 22 23 22 24 28 30 38 31 40 41 47 54 55 71 68 70 70 88 117 107 140 234 287 370 413 457 480 455 434 384 311 199 174 140 105 116 111 105 118 119 104 109 110 126 106 104 75 100 104 85 79 76 77 72 68 57 63 65 73 59 84 89 96 141 149 180 206 243 268 284 280 284 274 277 261 225 241 294 321 323 310 253 214 205 200 171 174 168 173 169 138 163 124 98 87 70 66 80 66 67 67 58 45 36 45 38 27 21 24 20 42 30 11 21 21 31 17 27 19 22 13 16 22 17 26 21 23 30 15 36 33 34 40 36 64 95 318 842 1029 1668 1697 706 388 366 345 333 325 233 247 240 307 327 302 
0 1 0 0 0 1 0 1 1 2 2 5 1 3 4 6 10 5 6 10 11 7 14 21 16 16 16 29 29 28 29 32 35 45 47 40 49 39 43 34 46 30 40 36 39 28 25 29 26 24 18 18 20 15 18 27 17 10 20 15 12 17 12 13 16 10 17 14 14 10 14 14 20 17 8 9 15 11 13 18 11 7 15 9 7 12 11 20 14 13 17 11 15 24 19 19 21 18 17 15 14 15 18 15 19 11 18 18 15 19 20 18 14 16 12 15 19 14 9 20 18 18 22 20 21 11 12 22 21 20 16 21 19 16 15 14 13 16 23 21 16 18 22 31 28 26 25 31 22 24 29 19 29 26 32 28 31 25 41 47 39 44 57 58 64 72 106 138 157 187 232 261 326 330 309 388 394 468 479 469 516 561 531 487 426 391 305 245 214 248 232 201 168 142 118 91 80 84 60 65 71 68 47 50 62 60 59 60 43 46 50 48 41 47 40 52 59 60 60 62 83 170 475 1150 1835 1778 778 492 372 377 352 342 332 289 311 334 360 467 695 807 748 540 326 174 120 82 74 72 57 56 44 43 41 44 53 28 


3 4 6 4 11 5 12 19 22 22 27 40 63 92 112 231 280 457 698 908 1049 1133 1103 884 686 475 357 308 221 202 203 190 169 146 142 110 128 106 134 119 103 126 121 132 148 103 134 120 110 136 130 147 119 150 140 163 161 226 224 239 260 253 286 330 266 291 261 241 225 181 143 109 83 101 85 79 52 59 83 63 77 65 56 65 69 66 72 72 68 72 79 77 70 100 86 81 91 101 98 98 107 129 117 102 126 146 168 220 281 384 490 641 962 1262 1680 2369 2919 3386 3761 4000 4240 4403 4673 4926 5177 5106 5358 5174 5107 5172 5289 5587 6066 6340 6735 7135 7531 8123 8207 8436 8886 9343 10009 10547 11611 12894 14759 16376 17493 18025 18838 19940 21173 21534 21292 21091 20427 19919 18687 17194 16630 16392 15337 14778 13881 13069 12259 11841 11246 11118 10872 10720 10355 10203 10236 9735 9709 9441 9164 8898 8854 8612 8516 7767 7434 6925 6590 6522 6409 6299 6395 6278 6787 6723 6673 6363 6366 5864 5569 5249 5001 4921 5044 5111 5427 5852 6145 6595 6636 6424 6130 5606 5141 4687 4357 4122 3579 3188 2730 2351 2188 1821 1520 1175 757 578 401 286 204 158 109 84 81 65 53 32 44 30 31 13 20 22 16 9 10 16 6 5 9 3 11 11 12 13 28 88 
1 2 1 6 1 8 6 11 17 21 35 41 55 82 125 170 310 517 732 989 1156 1213 1098 900 705 578 395 340 270 230 177 165 156 156 137 158 157 142 160 152 140 131 135 146 158 178 183 198 235 249 278 293 317 301 325 294 262 216 184 180 132 89 88 77 70 68 71 51 62 61 61 57 74 63 62 72 61 78 62 71 71 88 62 65 76 81 78 73 89 82 103 99 89 98 102 115 100 96 113 102 113 160 166 136 143 162 168 192 176 181 193 220 212 217 235 253 243 247 279 267 275 306 327 317 337 341 342 355 365 337 388 433 458 459 457 455 503 485 540 639 719 892 1000 1385 1734 2296 2957 3824 4755 5401 5917 6067 6261 6445 6923 7126 7655 8139 8232 8239 8325 8530 8975 9428 9665 10162 10874 11566 12621 13834 14758 15902 17711 19601 20864 21470 21473 21800 23040 24050 25825 26848 27432 27113 26738 25857 24061 22115 20478 19264 18272 17008 16101 15148 14069 12941 12001 11092 10299 9662 8898 8480 8426 8460 8934 9061 8872 8985 8656 8656 8209 7817 7564 7223 6899 6177 5294 4732 3743 3106 2347 1642 1146 836 669 493 419 311 269 197 169 165 127 82 83 79 63 52 36 45 28 27 24 10 21 12 18 14 23 20 13 26 19 21 16 9 
0 0 1 1 3 3 5 11 17 20 32 33 61 80 102 164 239 299 451 654 885 1128 1233 1250 1009 891 816 627 494 432 376 355 315 280 293 340 321 368 416 345 343 289 254 182 128 131 98 84 81 66 56 63 67 61 58 69 58 56 69 61 69 82 74 57 66 72 68 99 83 76 63 97 87 98 104 97 124 92 101 138 145 140 161 179 161 187 178 200 236 213 251 274 295 294 307 300 298 307 300 316 349 346 375 391 422 443 489 468 530 523 494 572 555 577 646 643 709 770 753 764 758 805 832 824 769 789 767 722 641 576 549 450 449 467 497 513 464 491 423 406 334 300 232 199 139 127 77 69 53 56 53 46 62 42 63 34 41 53 57 49 44 37 54 52 46 72 56 73 69 86 82 84 122 185 255 351 605 943 1414 2318 3657 5297 6921 8029 8586 8974 8739 9535 10779 12363 14150 16612 18875 20542 22150 23878 26001 28329 30797 31926 31683 30904 30635 30953 32866 36968 40897 42182 39549 34772 30845 26975 23750 21619 20171 18682 17022 15237 13790 12218 10262 8236 6341 4878 3541 2800 2245 1773 1467 1174 991 829 682 589 463 403 389 297 244 212 193 144 147 104 94 83 69 65 49 34 40 31 15 14 11 10 


