1
0 0 0 0 0 0 0 0 0 0 0 0 0 0 0 0 0 0 0 0 0 0 0 0 0 0 0 0 0 0 0 0 0 0 0 0 0 0 0 0 0 0 0 0 0 0 0 0 0 0 0 1 0 0 0 0 0 0 0 1 1 0 5 19 55 132 328 353 692 1292 2072 2800 3059 3227 2800 1657 700 380 250 254 222 207 218 217 216 215 209 229 222 247 287 240 245 224 219 198 251 216 210 250 267 322 422 477 622 720 988 1088 1115 1324 1596 1747 1417 1112 989 903 902 885 845 796 684 660 607 529 585 675 661 661 733 684 889 1291 2044 4026 6363 8508 8556 10900 8954 7838 6506 3980 2816 2140 1868 2295 3081 4339 5146 4639 4281 6135 9330 6779 2970 906 259 128 54 23 15 5 0 0 0 0 0 0 0 0 0 0 0 0 0 0 0 0 0 0 0 0 0 0 0 0 0 0 0 0 0 0 0 0 0 0 0 0 0 0 0 0 0 0 0 0 0 0 0 0 0 0 0 0 0 0 0 0 0 0 0 0 0 0 0 0 0 0 0 0 0 0 0 0 0 0 0 0 0 0 0 0 0 0 0 0 0 0 0 0 0 0 0 0 0 0 
0 0 0 0 0 0 0 0 0 0 0 0 0 0 0 0 0 0 0 0 0 0 0 0 0 0 0 0 0 0 0 0 0 0 0 0 0 0 0 0 0 0 0 0 0 0 0 0 0 0 0 0 0 0 0 0 1 0 0 0 0 0 1 1 0 0 2 17 72 181 336 571 1107 1795 2760 3534 3463 2980 1578 678 328 225 223 197 217 186 204 200 206 218 200 202 209 221 225 225 256 208 212 196 203 226 206 217 229 260 305 278 291 331 290 310 288 307 338 407 425 449 694 901 966 1102 1180 1425 1541 1538 1096 930 901 842 802 893 790 774 618 510 476 492 559 586 495 543 456 384 403 419 532 653 857 1158 1493 1766 2281 2331 2622 4506 10084 13994 12785 11330 10638 11263 9847 7860 4754 1683 1142 1061 961 1861 2335 3418 1701 480 140 41 7 2 2 1 0 0 0 0 0 0 0 0 0 0 0 0 0 0 0 0 0 0 0 0 0 0 0 0 0 0 0 0 0 0 0 0 0 0 0 0 0 0 0 0 0 0 0 0 0 0 0 0 0 0 0 0 0 0 0 0 0 0 0 0 0 0 0 0 0 0 0 0 0 0 0 0 0 0 0 0 
0 0 0 0 0 0 0 0 0 0 0 0 0 0 0 0 0 0 0 0 0 0 0 0 0 0 0 0 0 0 0 0 0 0 0 0 0 0 0 0 0 0 0 0 0 0 0 0 0 0 0 0 0 0 0 0 0 0 0 1 0 0 0 1 0 1 0 0 14 30 99 230 418 823 1378 2378 3289 3637 3181 2274 1045 436 232 205 207 197 186 164 193 192 200 207 180 217 205 231 221 242 247 206 201 198 182 207 206 209 209 230 245 252 312 283 296 273 256 280 272 247 263 310 308 261 265 314 326 497 562 639 779 931 1114 1323 1515 1337 1111 935 898 847 828 839 835 735 622 564 646 643 705 568 616 678 924 1213 1502 1818 2320 2230 3160 5169 9601 7473 3711 1501 616 376 329 295 321 392 367 431 346 448 587 748 1725 3613 7159 9491 9456 9351 11358 12834 2531 1054 1021 917 1054 1739 3076 2543 1328 321 94 13 4 0 1 0 0 0 0 0 0 0 0 0 0 0 0 0 0 0 0 0 0 0 0 0 0 0 0 0 0 0 0 0 0 0 0 0 0 0 0 0 0 0 0 0 0 0 0 0 0 0 0 0 0 0 0 0 0 0 0 0 0 0 


0 0 0 0 0 0 0 1 1 2 5 2 3 1 2 4 3 5 7 5 7 2 11 8 8 13 12 14 19 26 54 101 192 465 829 1416 2273 3035 3865 4426 5101 5437 5464 5919 5774 6185 6330 5976 5626 5058 4035 3110 2477 1965 1784 1653 1468 1302 1150 1223 1430 1522 1565 1715 1820 1760 1733 1602 1633 1734 1745 1602 1582 1731 1692 1943 2128 2358 2466 2454 2634 2783 2692 2419 2296 2568 2896 3664 4082 4319 4738 4797 5137 5795 5686 5739 5756 5554 4607 3894 3603 3700 3631 3519 3408 3571 3749 4130 4863 5848 7070 7511 7314 7100 6429 6013 5888 5986 6028 5611 5142 5126 4952 5075 5130 4889 5207 5077 5208 4770 4680 4813 5068 5276 5043 5078 5179 5223 5230 5270 5350 5484 5476 4893 4397 4261 4286 4554 4839 5270 5577 4905 4394 4199 4231 4517 5156 5520 5426 5226 5324 5195 5473 6115 6113 6242 6109 5561 5484 5708 5867 6346 6872 6902 6770 6418 6301 7046 7787 8402 8638 8514 8355 7865 8511 8781 9066 8879 8848 8504 8199 8117 8312 8296 8125 7448 6278 5109 4360 3735 3337 2759 1949 1476 1039 608 523 354 313 239 221 198 154 156 138 144 141 118 166 156 154 166 158 145 151 127 110 131 126 132 109 120 140 119 116 136 115 118 150 128 138 116 124 141 139 153 178 181 187 211 227 321 552 1159 1358 4806 
0 0 0 0 0 0 0 0 0 1 2 3 3 3 3 1 3 1 5 4 4 1 2 2 5 4 6 6 7 10 8 10 9 12 4 13 10 13 9 7 9 17 23 36 44 99 108 154 268 381 491 534 718 878 1225 1400 1391 1255 1082 971 1101 1216 1287 1421 1306 1065 858 944 1056 1198 1142 939 660 501 436 406 387 467 473 521 553 611 748 847 1146 1370 1450 1397 1559 1602 1910 2260 2887 3549 3882 3948 4063 3672 3587 3796 4201 5194 6217 6814 7128 6575 6808 7404 7416 7869 8494 8851 8283 7833 7721 8502 9685 11086 11740 12314 11092 11058 11148 11150 11339 11124 10139 9112 7792 6283 5555 5320 5522 5279 5036 4578 4096 3819 4010 4550 4820 5064 5012 4831 4600 4859 5431 5684 5766 5554 5177 4552 4221 4174 4589 4722 4792 4630 4717 4605 4355 4777 5335 5830 6173 5952 5535 5137 5414 5932 6908 7271 6951 6973 6209 5885 6338 7185 7801 8329 8736 8683 8204 8216 9502 10075 11167 11531 11326 10130 9743 10498 10603 10452 10319 9054 7682 6451 6146 6190 5674 4945 3956 2856 2084 1435 1171 890 603 525 351 231 192 156 175 157 145 134 142 139 138 156 166 158 155 170 153 152 141 179 155 140 148 135 130 147 156 119 129 133 142 143 120 139 144 137 152 155 142 136 142 161 163 164 2831 1097 
0 0 0 0 0 0 0 0 0 0 0 0 2 1 3 4 2 2 2 3 4 2 6 1 2 2 2 3 2 4 5 6 7 7 8 10 8 10 9 12 11 11 7 15 17 26 34 58 121 208 296 490 597 608 664 769 726 1031 1349 1221 1283 1463 1429 1362 1166 849 763 690 675 647 566 534 676 735 714 807 909 720 636 468 409 401 403 477 482 483 535 557 683 740 904 1026 1239 1371 1413 1385 1363 1491 1760 2215 2570 2831 2841 2697 2475 2653 2996 2962 3175 3371 3806 3865 4425 5722 6650 7445 7875 7903 7319 7560 8367 9280 9784 10278 10267 9641 8957 8151 7975 7883 7921 7978 7255 6800 5894 5471 5219 4820 4902 5244 5311 5378 4979 4987 4861 5533 6073 6542 6775 6703 6130 6077 6080 6287 7024 7338 7366 7041 6955 6823 7050 7287 7670 7984 7465 6840 6718 6329 6857 7946 8409 8121 6783 5809 5096 5700 6306 6851 7104 7148 6669 6508 6860 7163 7836 8409 8966 8949 8620 8494 9901 10668 11769 11904 11746 10784 10653 10387 10648 11149 10904 9970 8565 6968 5748 5084 4815 4497 4040 3404 2502 1930 1753 1354 976 846 654 437 313 273 233 177 185 170 191 160 173 121 144 145 134 120 143 116 116 126 133 133 141 161 142 140 134 136 111 118 124 116 118 120 116 116 125 122 218 3425 


