1
0 0 0 0 0 0 0 0 0 0 0 0 0 0 0 0 0 0 0 0 0 0 0 0 0 0 0 0 0 0 0 0 0 0 0 0 0 0 0 0 0 0 0 0 0 0 0 0 0 0 0 0 0 0 0 1 0 0 2 58 55 153 278 379 474 571 1046 1314 1553 1989 2324 2334 2071 1998 1204 751 383 264 217 238 227 238 254 235 220 224 203 226 219 232 242 207 206 218 186 244 312 362 478 592 647 650 787 794 821 817 855 838 748 793 772 671 619 495 569 614 608 678 624 559 550 543 530 566 477 380 397 427 521 575 552 619 1009 1749 2910 5496 6809 8083 8981 9027 7956 6598 4692 3059 2881 2530 3070 3954 4020 3926 3335 3369 4993 8406 7456 3880 1337 365 99 63 38 20 12 5 10 1 3 1 5 3 10 7 17 29 10 13 19 7 11 6 13 13 0 0 0 0 0 0 0 0 0 0 0 0 0 0 0 0 0 0 0 0 0 0 0 0 0 0 0 0 0 0 0 0 0 0 0 0 0 0 0 0 0 0 0 0 0 0 0 0 0 0 0 0 0 0 0 0 0 0 0 0 0 0 0 0 0 0 0 0 0 0 0 0 0 0 
0 0 0 0 0 0 0 0 0 0 0 0 0 0 0 0 0 0 0 0 0 0 0 0 0 0 0 0 0 0 0 0 0 0 0 0 0 0 0 0 0 0 0 0 0 0 0 0 0 0 0 0 0 0 0 0 0 0 0 0 1 0 0 0 13 153 262 413 554 822 1214 1561 1900 2259 2687 2744 1948 1285 576 344 238 205 223 187 232 188 237 212 243 197 197 186 202 192 209 209 222 191 189 187 207 225 199 219 237 226 182 218 263 334 396 492 593 636 670 774 818 743 672 683 761 745 624 598 586 662 632 604 487 394 399 480 672 626 641 526 461 399 382 391 347 308 324 363 373 387 373 401 479 655 916 1268 1489 2264 1981 2205 3592 6513 13125 12706 10736 9699 9958 9055 9870 5918 2852 1559 1994 2447 1752 2268 1904 1609 521 176 91 42 35 28 15 13 11 11 12 0 0 0 0 0 0 0 0 0 0 0 0 0 0 0 0 0 0 0 0 0 0 0 0 0 0 0 0 0 0 0 0 0 0 0 0 0 0 0 0 0 0 0 0 0 0 0 0 0 0 0 0 0 0 0 0 0 0 0 0 0 0 0 0 0 0 0 0 0 0 0 
0 0 0 0 0 0 0 0 0 0 0 0 0 0 0 0 0 0 0 0 0 0 0 0 0 0 0 0 0 0 0 0 0 0 0 0 0 0 0 0 0 0 0 0 0 0 0 0 0 0 0 0 0 0 0 0 0 0 0 0 0 1 0 0 0 7 132 205 305 511 673 1014 1315 1842 2152 2718 2904 2263 1427 722 348 254 213 205 193 199 190 183 207 202 220 183 180 182 200 177 183 183 185 204 199 163 177 172 175 196 195 237 238 236 211 196 204 228 272 281 363 406 469 529 671 729 787 814 672 741 709 634 500 506 570 637 627 612 528 460 462 479 589 617 595 520 457 390 374 366 390 423 422 431 541 654 951 1323 1459 2027 1978 2417 4314 8515 7800 4578 1890 705 349 262 228 284 331 263 297 351 391 465 684 1008 2199 4090 7355 8998 9656 10106 10950 8967 1605 1319 1471 2088 2399 2477 2637 756 77 13 5 6 1 3 0 0 0 0 0 0 0 0 0 0 0 0 0 0 0 0 0 0 0 0 0 0 0 0 0 0 0 0 0 0 0 0 0 0 0 0 0 0 0 0 0 0 0 0 0 0 0 0 0 0 0 0 0 0 0 0 0 0 


3 2 6 2 3 4 4 5 0 3 5 3 7 10 6 20 17 22 25 33 30 37 35 39 48 59 89 92 123 189 219 365 432 604 647 768 933 1080 1244 1142 1071 949 1117 1240 1297 1284 1369 1186 1006 854 856 832 838 718 593 509 397 338 366 315 422 466 464 512 577 515 512 597 568 601 659 752 745 915 1074 1307 1659 1906 1952 2100 2306 2783 2732 2758 2794 3260 3853 4426 4615 4622 4824 5211 5618 6058 6430 6647 7112 8875 10253 10550 10080 8781 8701 9293 9054 8300 7393 6870 6687 6447 5685 5423 5200 4647 4457 4925 4760 4629 4345 4357 4391 4614 4802 4573 4463 4603 4661 4735 5372 4817 4302 4218 4594 5212 5490 5581 5514 5661 5897 6051 6218 6108 5909 5863 6055 6468 6661 6439 6205 6102 5776 5863 6156 6163 5991 6278 6864 7410 7190 6813 6428 6581 6727 6907 7145 6837 6874 7282 7642 7525 7137 6662 6452 6898 6620 6134 5494 5551 6147 6557 6685 6353 5795 5668 5553 5723 5924 5602 5504 5723 5745 6171 6184 6190 6406 6503 6063 5434 5001 5118 5657 5764 5729 5209 4689 4446 4339 4302 3911 3747 3552 3362 3370 2850 1891 1546 1352 1051 757 505 331 234 184 140 115 94 74 58 71 63 61 71 90 92 82 86 82 80 76 77 82 79 83 95 91 70 98 110 95 137 200 277 596 1007 833 3991 
0 0 0 0 0 0 0 1 1 4 3 2 5 5 2 5 2 4 1 6 6 2 4 3 6 4 4 10 4 18 12 15 24 30 77 140 217 365 543 585 785 869 1192 1487 1686 1528 1231 1244 1495 1828 1504 1257 1031 847 688 515 400 342 355 320 329 380 341 251 193 183 177 199 220 242 270 295 326 368 482 567 593 669 730 742 781 760 885 922 1050 1484 1683 1786 1760 1982 2313 2876 3073 3107 2851 3184 3833 4518 5082 4987 4869 5290 6937 9118 9866 8922 7873 8567 10785 12180 11726 10372 8894 7788 7819 7726 6473 5322 4996 5146 5678 5601 5059 4414 4533 4524 4543 4611 4840 4187 4188 4751 5119 5133 5148 4588 4280 4416 4792 5177 4869 4489 4177 4534 4942 5147 5276 5084 5374 6067 7168 7023 6375 6050 6557 7176 7596 7333 7121 6931 6587 6947 7594 7414 6778 6617 6778 7383 8059 8082 7798 7808 8798 8981 8959 8151 7605 7855 8412 8777 8827 7994 7330 7216 7978 8457 7818 6910 6569 7203 8143 8167 6876 6546 7113 8165 7979 7194 6277 6278 6932 7515 7463 6652 5434 5039 5194 5260 4237 3262 2770 2415 2026 1554 966 680 460 348 278 195 163 156 155 162 120 123 126 123 117 88 82 76 85 87 87 72 77 59 49 56 67 47 47 69 61 71 68 48 96 66 71 74 84 114 2850 889 
0 0 0 0 0 0 0 0 0 0 0 0 4 3 5 3 3 4 4 3 6 1 5 2 4 7 3 6 4 6 7 5 7 5 17 15 12 19 41 60 111 186 308 479 632 873 956 1130 1425 1713 1688 1653 1497 1306 1219 1098 874 804 621 573 551 602 551 475 428 384 347 324 314 331 273 260 281 247 281 270 256 305 351 304 297 352 486 583 715 828 705 653 771 860 984 1238 1292 1488 1746 1999 2347 2625 2734 2866 2761 3095 3455 4077 4234 4882 5963 7196 9050 10916 11696 10936 10320 10463 10019 9453 8151 7707 7780 7874 7365 6295 5861 5494 5465 5780 5679 5194 4791 4387 4372 4178 4055 3783 3573 3702 3991 4072 4308 4086 4208 4543 4908 4971 4692 4726 4535 4731 4889 4593 4480 4621 4852 5333 5763 5792 5916 6130 6190 6232 6430 6536 6287 6027 5950 6200 6529 6200 6151 6188 6947 7207 7183 7013 7005 7364 8076 8666 8968 9067 8769 8634 8997 9561 10019 9666 9580 9993 10425 10710 10785 9737 9042 9218 9093 8372 8142 7699 8001 8414 8676 8618 7811 7050 6894 7243 7259 6094 5755 5365 5238 5374 5029 3835 3048 2609 2297 1729 1205 767 509 412 300 186 188 168 130 102 86 90 62 54 48 64 63 53 56 56 49 67 43 68 54 63 64 49 68 67 53 66 76 74 86 85 145 3390 


