0
7 4 4 5 8 11 17 23 42 78 179 486 628 271 253 214 195 212 223 289 400 625 1226 2819 6265 4336 5021 3693 5684 3943 5561 4576 4246 5415 5043 5754 5706 6648 7669 7834 8547 9130 7836 7424 5825 4318 3692 2831 1948 1803 1452 1115 958 1057 1218 1488 1583 1401 997 1149 919 652 678 583 519 502 500 483 386 427 344 366 360 349 286 307 288 227 225 242 293 255 289 316 270 267 253 284 290 293 247 269 279 251 288 272 272 259 223 169 148 103 86 99 84 88 75 74 92 90 80 70 75 80 73 63 79 86 87 91 76 79 72 87 76 63 94 70 70 84 87 81 86 88 85 77 82 77 80 85 71 81 108 74 79 85 79 79 91 66 97 89 84 89 82 84 92 85 93 82 97 88 91 87 89 86 91 68 88 88 70 75 77 95 79 87 84 84 79 88 66 76 77 94 80 86 77 56 67 66 75 52 70 62 70 89 83 61 72 109 118 158 198 247 250 531 875 851 589 1190 1206 560 896 681 753 943 996 1033 1051 1195 655 1641 1394 1509 873 1694 1719 1650 1353 2058 1550 1026 1323 1044 2160 300 1408 672 574 303 661 1159 1406 183 377 180 604 232 732 311 1119 730 512 12133 898 22711 
4 1 9 14 12 27 100 350 547 364 238 178 151 149 196 272 484 878 2381 5527 3422 3701 3876 2672 3845 4587 4924 3693 4101 4089 3979 3912 4911 4131 4740 4890 3584 3745 3899 4172 4550 4123 4270 4496 5545 6980 7670 6202 5465 4322 3197 2577 2389 2023 1783 1760 1420 1266 1159 1068 972 855 657 608 539 478 485 432 357 290 242 203 186 145 129 142 115 128 120 93 96 101 102 101 93 83 87 102 99 95 86 102 90 95 94 81 94 90 85 88 84 79 110 88 82 85 72 82 85 80 74 63 78 84 77 60 57 89 78 92 70 72 63 77 89 98 84 67 78 71 70 87 76 63 52 67 63 71 68 65 67 80 58 64 63 60 56 75 60 66 59 65 61 71 68 71 57 90 75 70 81 72 74 78 79 77 73 76 101 70 72 59 75 83 66 84 61 64 72 67 74 60 78 76 80 81 82 85 82 89 94 70 88 80 72 76 72 79 85 83 81 81 82 89 80 99 72 91 74 91 81 83 84 88 90 73 83 78 117 110 138 203 181 220 331 467 333 405 1088 1460 1240 859 1510 1069 766 1412 1345 568 1141 1004 1399 687 1257 1511 850 1255 2019 2154 1389 1391 2298 2565 2044 2099 3707 41125 
8 22 70 226 274 190 350 377 215 214 188 200 239 473 1017 3341 2521 4393 6965 2990 4114 3102 3163 4055 5453 4595 5358 5454 3756 3591 2884 2705 2826 3124 3163 3226 2712 2435 2640 2343 2269 1609 2051 1970 1993 2209 2120 2454 2549 2683 3308 3895 3494 3440 4424 4736 3910 4025 3392 2530 2001 1719 1384 1213 1152 1037 1032 969 1014 893 820 732 627 582 415 390 372 277 207 163 150 152 141 113 113 109 102 108 108 116 122 103 112 82 85 97 84 107 84 103 73 81 122 85 92 90 87 90 85 91 97 95 80 75 91 81 76 83 94 93 69 103 84 75 81 81 74 67 62 94 78 75 66 78 61 59 73 65 73 74 72 67 73 64 79 59 76 76 61 77 67 53 66 58 71 66 79 46 71 62 64 68 76 63 70 82 76 74 68 78 72 64 61 64 71 80 68 65 74 72 63 73 69 66 70 78 82 59 67 77 88 70 74 75 75 72 67 99 80 70 72 78 96 71 94 86 79 64 87 96 82 99 81 85 88 91 104 74 86 102 110 94 131 151 190 239 287 359 446 566 924 1528 1159 820 1500 956 854 1312 1411 625 855 1084 1340 789 1324 1635 941 1098 2054 2139 1423 1880 4735 7265 2102 39989 


0 0 0 0 1 0 0 0 0 0 0 2 0 0 0 0 0 0 0 1 1 1 1 1 3 12 22 34 101 182 425 636 1168 1686 2519 3414 4960 6883 8133 10579 12062 12989 13516 14689 15205 15805 16498 17715 17764 17885 18562 18803 18121 17137 17041 15924 15488 15477 15779 15600 15800 15807 15034 15178 14170 13551 13483 13014 11943 11579 10559 9792 9297 8276 7454 7022 6240 5868 5531 5238 4627 4217 3770 3620 3469 3522 3472 3399 3294 3442 3404 3216 3228 3019 3302 2674 2986 3031 2940 3018 2999 2802 2836 2732 2724 3082 2911 3157 2933 2754 2936 2977 3085 2745 2579 2277 2291 1817 2023 1738 1710 1865 1655 1962 1687 1781 1434 1843 1761 1974 1193 1515 1482 963 1065 1121 912 469 799 544 526 389 593 571 530 410 363 338 220 309 295 254 126 166 221 72 111 98 104 46 37 20 18 21 7 14 15 7 13 14 10 9 12 7 11 6 8 16 10 9 6 3 7 6 2 12 3 8 5 10 14 7 11 4 3 4 6 11 8 8 7 5 5 9 4 4 5 9 7 6 6 8 9 3 9 7 7 1 13 7 9 7 10 3 7 7 6 8 6 6 11 7 12 7 13 6 10 6 11 12 7 8 6 7 10 11 14 13 18 23 22 37 36 69 38 65 
0 0 0 0 0 0 0 0 0 0 1 1 0 0 0 0 0 1 0 1 2 3 2 9 14 21 30 63 76 94 105 93 75 91 121 236 296 498 818 1128 1538 2069 2785 3743 5326 7085 8409 8426 9671 9973 10558 11186 12452 13640 14391 15902 16968 17800 18053 19333 19685 19710 18475 19170 17969 17056 16680 16046 15291 14875 14977 15053 14681 14159 13394 13356 12497 12055 11240 10336 9421 8727 7900 7335 6936 6691 6726 6512 6352 6282 6107 5535 5160 4850 4697 4122 3686 3736 3394 3137 3285 3182 3122 3002 3335 3209 3276 3108 3098 3495 3445 3994 3838 3384 2902 2903 2549 2208 1794 1906 1949 1548 1775 2074 1753 1519 1900 2290 1950 1483 1781 1629 1245 1257 1200 951 797 912 741 650 426 500 448 322 465 349 236 177 223 269 238 158 236 164 98 104 72 49 88 38 21 20 23 16 10 14 14 9 12 13 14 14 12 7 8 7 10 16 6 10 6 5 4 5 9 2 5 8 7 7 7 12 7 9 6 7 8 10 4 5 10 6 6 7 3 10 2 10 4 7 6 8 3 5 10 7 7 6 8 4 10 8 12 6 6 9 5 2 5 9 10 5 9 11 10 8 13 10 8 8 9 5 7 7 11 7 12 14 18 19 32 23 41 51 54 78 
0 0 0 0 0 0 0 0 0 0 0 0 0 0 0 0 2 3 3 5 12 15 35 52 61 80 94 63 60 56 37 34 32 16 15 9 11 34 52 67 133 134 186 268 380 556 566 898 1163 1310 2017 2436 3151 4370 5684 7103 7481 8205 9014 9440 10189 11128 12259 14261 15079 16710 17628 17837 17821 18338 18453 17671 17119 17623 16722 15907 16451 15900 14941 14200 14147 14113 13523 13550 13372 12937 12012 11744 10880 9983 9553 9065 8820 8197 8351 8128 7886 7572 7483 7358 7120 6304 6494 6059 5368 5158 4576 4220 3872 4047 4053 3524 3561 3967 3873 4207 4729 4671 3819 3650 3600 2945 2395 2329 2560 2168 2019 2488 2451 1895 1888 2483 2335 1361 1682 1646 1261 982 1425 1151 809 753 727 593 391 437 443 288 348 310 368 258 198 241 263 142 206 241 163 100 94 71 47 61 88 17 20 8 7 14 15 14 17 14 11 10 10 15 7 10 14 6 11 6 6 4 7 8 6 13 7 8 5 9 3 8 7 7 8 6 5 10 6 6 6 9 5 7 5 8 7 7 7 4 6 13 7 5 8 5 9 8 9 9 5 3 3 12 6 6 12 4 12 8 11 8 10 13 8 8 7 10 11 8 9 5 10 10 9 15 30 24 31 52 58 110 


