1
0 0 0 0 0 0 0 0 0 0 0 0 0 0 0 0 0 0 0 0 0 0 0 0 0 0 0 0 19 153 343 718 1336 1862 2075 1943 1890 1886 1616 1239 711 433 341 324 361 400 397 362 387 333 343 364 374 358 384 318 339 365 323 265 255 308 245 246 199 184 208 239 220 236 218 192 212 190 196 210 196 165 182 219 222 195 184 178 160 151 164 193 178 134 167 160 76 44 40 50 57 58 67 48 45 46 47 33 50 40 36 34 32 24 44 46 37 37 58 74 48 58 62 39 25 43 40 56 40 45 55 68 79 109 119 137 217 504 938 1671 2818 4530 5846 9635 10325 8787 9124 6626 4202 3429 4052 4001 3791 4568 6229 9672 15194 20771 18640 10797 4669 2038 1440 1209 1081 1023 1021 993 1126 1246 1145 1106 1119 1119 1218 1434 1434 1263 1142 896 830 759 694 729 732 627 416 391 383 284 199 131 75 48 15 2 4 2 1 4 1 0 0 0 0 0 0 0 0 0 0 0 0 0 0 0 0 0 0 0 0 0 0 0 0 0 0 0 0 0 0 0 0 0 0 0 0 0 0 0 0 0 0 0 0 0 0 0 0 0 0 0 0 0 0 0 0 0 0 0 
0 0 0 0 0 0 0 0 0 0 0 0 0 0 0 0 0 0 0 0 0 0 0 0 0 0 0 0 0 0 0 0 0 0 15 97 298 491 1153 1833 2053 2343 2071 1900 1632 990 591 380 327 281 267 341 424 390 400 415 392 344 339 369 376 352 301 312 351 349 281 286 237 235 269 278 231 165 154 191 181 206 229 248 256 209 202 151 169 151 126 121 133 160 147 119 119 147 122 158 155 168 194 166 155 202 151 154 131 99 47 40 29 45 32 40 54 49 50 50 51 31 24 24 23 25 25 33 23 24 27 31 31 41 34 31 24 41 37 29 33 44 33 27 36 74 183 191 189 209 276 380 590 793 1248 2251 2655 3484 4165 5825 10347 16468 23855 18938 11417 7577 8820 12446 11349 9466 7635 4488 2861 2630 1919 2029 2269 2491 2077 1859 2152 2057 1972 1714 1386 1106 883 839 872 910 883 792 577 408 338 240 129 99 53 13 2 0 0 0 0 0 0 0 0 0 0 0 0 0 0 0 0 0 0 0 0 0 0 0 0 0 0 0 0 0 0 0 0 0 0 0 0 0 0 0 0 0 0 0 0 0 0 0 0 0 0 0 0 0 0 0 0 0 0 0 
0 0 0 0 0 0 0 0 0 0 0 0 0 0 0 0 0 0 0 0 0 0 0 0 0 0 0 0 0 0 0 0 0 0 0 0 0 54 181 374 819 1418 1649 1931 2524 2136 1619 1403 836 414 321 295 287 294 299 371 373 351 438 356 318 319 336 370 336 311 337 386 303 296 276 278 274 272 233 196 217 242 208 162 169 218 214 207 229 178 156 132 150 158 125 133 129 119 124 120 132 157 144 116 148 155 164 139 151 157 173 156 167 128 162 135 86 81 62 78 69 53 33 21 27 13 27 23 29 30 21 27 25 25 26 27 30 29 23 33 32 20 23 21 29 37 34 34 77 105 138 214 254 297 336 427 731 1868 2516 3514 4487 7042 13444 20970 19234 12026 5502 2446 1489 1184 1130 995 1125 1337 1389 1307 1325 1314 1474 1802 2562 3567 3974 4305 6245 9883 13282 17782 8251 3848 2168 1523 1538 1588 1896 1584 1460 1377 865 809 513 225 113 84 54 40 8 1 0 0 0 0 0 0 0 0 0 0 0 0 0 0 0 0 0 0 0 0 0 0 0 0 0 0 0 0 0 0 0 0 0 0 0 0 0 0 0 0 0 0 0 0 0 0 0 0 0 0 0 0 


0 0 0 0 8 11 17 22 27 35 25 25 23 32 38 46 56 118 187 283 355 399 427 510 476 495 594 764 889 819 642 659 743 687 628 672 752 938 1045 974 743 716 728 866 976 844 856 843 1074 1158 1331 1342 1577 1790 2139 2911 3661 4713 5344 6098 6419 6464 6735 7058 7422 8110 7543 7028 6822 6812 6443 6227 5833 5397 5145 5280 5300 5531 5672 5297 4904 4750 4389 4281 4043 3729 3273 2946 2938 2866 2933 3185 3510 3701 3681 3556 3528 3549 3642 3637 3446 3437 3216 3208 3189 3247 3440 3472 2993 2838 2660 2707 2928 3275 3347 3267 3091 2728 2795 2803 2985 3156 3431 3736 3517 3362 3744 4134 4997 4940 4868 4477 4421 5077 6272 6865 7169 7379 7008 6516 7335 7428 7468 7172 6587 5813 5917 5738 6196 6634 6753 6622 6299 5946 5684 5464 5295 5438 5756 5471 5132 4837 4532 4959 5335 5610 5550 5714 5507 5524 5912 5999 5441 5408 5714 5451 5445 5595 6243 6951 7396 6609 5685 5498 5860 6246 6472 6352 5574 4475 4153 4236 3942 3062 2276 1735 1255 805 709 669 509 448 390 384 367 365 412 447 388 393 398 412 389 365 305 361 318 327 378 377 375 344 376 346 382 420 406 406 412 444 495 435 425 483 492 463 448 448 410 397 397 368 426 420 420 446 460 463 476 427 471 459 595 885 2725 10157 
0 0 0 0 0 0 0 0 0 0 0 4 1 5 17 22 48 57 67 112 144 176 247 365 441 571 692 852 782 730 558 690 952 967 891 930 884 995 942 888 712 759 806 879 881 679 622 465 430 436 467 388 267 189 252 324 416 418 516 642 594 678 750 875 1221 1538 1896 2445 3001 3606 4488 5269 5536 5470 5980 6804 7655 8343 7975 7728 7216 6674 6599 6749 6429 5852 5021 5097 5494 6188 6524 6220 5506 4761 4226 3799 3818 4042 4058 3802 3612 3344 3295 3488 3851 3930 4250 4188 3784 3425 3428 3402 3538 3485 3343 3064 2753 2836 3318 3524 3924 4022 3898 3428 3218 3345 3795 4027 4010 3763 3224 3016 3074 3411 3783 3850 3912 3989 3814 4200 5104 6146 7090 7215 7369 7153 6831 7467 8391 8882 8384 7377 6168 5584 6131 6954 7275 7611 7581 7097 5566 5583 6290 7151 6782 6341 5248 4588 4526 5452 6400 7119 6928 6373 5425 4587 4700 5114 5448 5928 5512 5147 4726 5111 6659 7407 7283 6805 5846 5933 6794 8536 8474 8197 6753 5053 4006 3643 3637 3151 2414 1570 1062 866 679 651 565 482 426 485 498 467 482 498 526 434 427 428 451 525 457 402 410 389 396 475 527 440 432 376 337 358 354 294 325 320 335 340 336 341 332 336 351 363 393 343 352 381 463 425 413 431 453 576 4048 3132 
0 0 0 0 0 0 0 0 0 0 0 0 0 0 0 0 0 4 11 22 25 33 77 115 181 284 409 435 408 498 607 749 932 822 800 883 983 971 788 741 581 712 834 963 965 1065 899 900 810 752 563 427 336 304 267 290 240 203 205 260 312 347 395 481 539 545 563 575 658 710 863 1058 1247 1564 1912 2349 3032 3588 4051 4273 5166 5889 6672 7007 6545 6503 6631 7095 7416 7257 6777 6148 5618 5206 5457 5526 5774 5951 5630 5248 5062 5059 5071 4823 4625 4104 3759 3799 3842 3887 3954 3991 3809 3569 3489 3423 3543 3812 3999 3962 3652 3181 2899 2895 3192 3437 4021 3924 3431 3393 3693 3835 4105 3945 3448 3204 3066 3267 3580 3936 3900 3831 3657 3417 3217 3420 4063 4873 5597 6059 6545 6676 7248 7970 8855 9186 9099 8319 7514 7388 7512 7774 8210 8082 7494 6338 6266 6414 6694 6840 6770 6013 5517 4782 4456 4244 4770 5316 5356 5315 5159 5404 6038 6910 6647 6648 6441 6583 6907 7793 9176 9283 9577 9241 8248 7361 7116 7871 8233 6718 5484 4279 3131 2772 2219 1889 1448 1069 846 693 578 529 571 604 598 584 543 495 506 549 468 411 462 440 423 452 453 425 393 410 339 383 333 325 332 346 335 354 342 325 341 281 323 308 389 360 389 413 427 401 474 478 433 532 714 6100 


