1
0 0 0 0 0 0 0 0 0 0 0 0 0 0 0 0 0 0 0 0 0 0 0 0 0 0 0 0 0 0 0 0 0 0 0 0 0 0 0 5 34 64 93 159 193 217 225 256 305 334 366 334 345 427 421 432 483 550 566 642 736 830 824 837 883 810 758 795 696 684 701 554 502 432 500 562 575 520 491 329 358 333 363 266 164 99 97 99 95 135 120 62 74 83 104 107 58 31 39 37 25 24 50 47 32 38 19 21 21 22 30 14 38 24 21 22 19 25 29 21 20 31 44 55 48 45 41 53 65 106 174 425 980 2210 3576 5303 7659 8010 7254 7097 5443 3833 3640 3903 4640 6481 8175 11834 17513 23162 29257 20403 11117 4634 2148 1390 1257 1369 1394 1426 1124 1008 983 1111 1069 1116 1221 1210 1172 1069 1027 918 932 783 664 530 426 339 293 340 367 352 425 401 395 380 373 413 345 289 228 236 226 230 227 213 213 180 153 162 192 173 159 174 163 190 169 170 228 212 200 192 212 199 207 192 183 151 118 154 199 213 224 246 126 80 57 47 43 21 19 5 0 0 0 0 0 0 0 0 0 0 0 0 0 0 0 0 0 0 0 0 0 0 0 0 
0 0 0 0 0 0 0 0 0 0 0 0 0 0 0 0 0 0 0 0 0 0 0 0 0 0 0 0 0 0 0 0 0 0 0 0 0 0 0 0 0 0 0 0 0 1 9 51 84 122 137 190 204 221 244 282 281 305 311 339 359 352 371 362 419 540 608 679 715 792 864 746 734 726 754 707 670 625 623 630 692 628 522 499 500 442 479 456 479 417 388 261 162 158 128 139 130 91 69 81 141 58 39 43 31 48 32 33 47 44 31 15 11 16 22 12 13 14 27 15 14 17 17 13 16 20 21 26 31 25 25 13 14 29 40 38 31 24 36 40 31 54 84 86 169 257 345 792 1582 2760 4378 6024 9499 18742 27231 25680 18279 11441 7900 8969 10801 9128 8604 5720 4843 4188 4046 3807 4148 4768 3358 3301 3015 2636 1938 1411 1249 1138 845 783 677 608 506 479 404 366 391 366 366 285 251 222 236 259 272 277 284 289 266 207 301 366 347 329 319 226 213 168 242 256 104 68 29 17 15 11 0 0 0 0 0 0 0 0 0 0 0 0 0 0 0 0 0 0 0 0 0 0 0 0 0 0 0 0 0 0 0 0 0 0 0 0 0 0 0 0 
0 0 0 0 0 0 0 0 0 0 0 0 0 0 0 0 0 0 0 0 0 0 0 0 0 0 0 0 0 0 0 0 0 0 0 0 0 0 0 0 0 0 0 0 0 0 0 0 1 6 21 67 82 126 130 174 191 176 193 226 254 266 263 288 304 346 340 321 373 430 480 604 644 688 770 798 773 733 713 701 670 625 676 655 678 620 548 576 604 502 431 389 360 415 454 427 390 254 240 186 165 112 84 76 89 91 81 78 54 28 26 24 34 46 48 45 38 24 17 19 18 12 17 24 13 16 14 14 10 9 17 19 13 18 10 22 33 22 32 37 42 33 35 48 59 85 133 185 293 642 1482 2923 4551 7700 13985 20521 29360 20999 12411 4986 1680 959 900 953 1021 1046 1052 1093 1157 1289 1585 1780 2348 2698 3549 4804 6454 9364 12211 12754 10086 5258 3376 2696 2345 2906 4613 2775 1463 1136 991 695 611 642 724 422 352 357 312 301 315 322 337 333 292 244 206 291 281 224 99 53 24 15 11 3 0 0 0 0 0 0 0 0 0 0 0 0 0 0 0 0 0 0 0 0 0 0 0 0 0 0 0 0 0 0 0 0 0 0 0 0 0 0 0 0 


0 0 0 0 0 0 0 0 0 0 0 0 0 0 0 0 0 0 0 0 0 0 0 0 0 0 0 0 0 0 0 2 19 68 168 388 824 1342 2128 2627 2910 3221 3429 3384 2984 2195 2020 1640 1354 1218 1372 1087 1018 1023 923 1075 941 1053 1057 1317 1803 2019 2166 2501 3007 4018 4463 4883 5089 5599 6506 7393 8469 8980 9499 8974 8492 8940 9534 9843 9550 8818 8163 7455 7410 7239 7340 7222 6897 6101 5983 5623 5994 6548 7400 7982 8228 7854 7503 7171 7046 7100 7303 7180 6749 6013 5729 5521 5688 6120 6396 6202 5579 5188 4771 4822 5095 5378 5635 5508 5155 4792 4625 4881 5408 5716 5931 5774 5554 4668 4476 4356 4472 4272 4429 4184 3622 3031 2641 2616 2739 3083 3009 2956 2974 2835 2849 2900 2977 3100 2995 2771 2560 2440 2357 2354 2461 2427 2691 2673 2638 2330 2465 2809 3125 3654 4285 4821 5384 5707 6142 6987 7980 7898 7066 5964 5354 4734 4360 4006 3507 3050 2200 1521 967 757 615 528 459 523 436 482 481 515 544 521 487 448 417 463 592 548 508 511 509 567 622 692 741 701 596 629 637 633 779 846 852 805 765 709 653 676 812 797 723 702 693 739 802 814 719 693 706 659 880 979 943 712 630 613 664 693 701 595 483 449 443 447 502 621 635 639 772 1374 6306 6624 
0 0 0 0 0 0 0 0 0 0 0 0 0 0 0 0 0 0 0 0 0 0 0 0 0 0 0 0 0 0 0 9 22 49 119 154 365 626 616 817 894 958 982 1150 1065 922 895 785 1038 1110 900 895 504 336 148 84 73 70 46 46 35 44 36 30 47 62 102 118 216 351 667 1041 1429 1832 1999 2127 2436 3074 3726 4373 4648 4674 5103 6310 7259 8275 8487 8854 8210 7849 8436 9614 10002 9937 9346 8589 7442 7136 6962 6799 7429 7697 7685 7268 6743 6910 7433 8489 9249 9794 10218 9927 9312 8379 8324 8516 8700 8727 7920 7201 6357 5933 6073 6800 7747 7453 6920 6166 5584 5054 5354 5849 6276 6249 5765 5020 4667 4411 4802 5658 5973 5304 4553 4169 3592 3384 3346 3710 3917 4007 3875 3530 2946 2979 2998 3181 3169 3102 2931 2826 2454 2219 2376 2878 3443 3616 3868 3938 3859 4185 4674 5735 7252 7835 7575 7057 6693 6839 7171 7634 7131 6889 5889 4821 3710 3233 2991 2403 1740 1368 994 849 846 864 938 961 961 862 757 818 898 850 1020 1023 915 803 822 891 828 856 939 945 811 750 808 885 1046 1033 965 859 720 709 739 852 790 665 583 501 504 471 562 638 605 604 573 585 673 736 705 683 628 695 753 786 749 724 716 740 689 743 683 593 456 408 582 966 
0 0 0 0 0 0 0 0 0 0 0 0 0 0 0 0 0 0 0 0 0 0 0 0 0 0 0 0 0 0 0 4 8 29 56 108 295 350 506 531 610 925 1265 1240 1007 831 715 791 835 1177 1250 1114 689 374 263 125 89 87 65 67 33 52 39 50 48 33 34 37 38 34 26 36 52 99 133 218 265 450 611 770 884 1015 1406 1827 2367 2771 3001 3498 3981 4570 5110 5982 6858 6874 7105 7533 8020 8852 10021 10274 10097 9001 7728 7065 7251 7900 7767 7459 7016 6583 6415 6398 7115 7897 8563 8213 8105 7590 7050 6851 7810 8294 9324 9702 9015 7621 6771 6090 5894 6117 6303 6368 6447 6271 5740 5423 5743 6090 6638 6389 6200 5695 5208 4650 4927 5039 5460 5864 5885 5295 5086 5125 4879 5163 5459 5373 5384 5075 4399 4234 4231 4189 4159 4369 4211 3819 3303 3056 3038 3385 3750 4116 4390 3950 3664 3635 4369 5229 6306 7203 7992 7722 6932 6696 7127 7759 8048 7470 6141 5312 5185 4758 4090 3727 3319 2419 1776 1345 1238 1259 1201 1234 1307 1036 932 897 903 887 866 887 979 917 811 780 910 1035 1175 1197 1060 845 777 796 829 862 756 652 541 489 481 558 625 591 666 602 586 601 669 805 684 636 612 642 753 780 776 735 730 703 732 751 676 529 437 430 384 639 


