1
8913 760 953 1769 2737 2981 3321 3639 4185 1649 1934 2344 2451 3461 4724 4206 5438 6923 8316 10844 10769 11107 12935 15403 18534 20930 18522 20249 22728 21472 20877 18348 15728 13559 10673 7201 4990 3265 1065 308 95 101 148 240 376 583 823 1295 1946 2582 3393 4254 4492 4454 4085 4553 4597 3705 3662 3242 3246 3073 3028 2849 2846 2456 2168 1853 1544 1439 1465 1302 928 723 560 509 394 377 457 440 422 383 467 532 599 554 481 464 488 524 456 533 395 275 204 117 79 57 16 4 2 1 3 1 2 2 2 0 2 1 6 0 1 3 3 8 1 2 1 0 1 3 0 1 3 2 1 2 2 1 7 0 3 0 1 3 1 0 1 0 3 2 0 0 0 0 0 2 0 1 1 0 2 0 0 5 1 3 1 2 1 2 1 1 2 5 3 1 8 3 2 2 0 8 4 2 5 4 0 1 2 1 2 8 4 1 0 0 2 7 5 5 0 2 1 0 0 0 0 0 0 0 0 1 2 1 0 2 1 0 0 0 0 0 0 1 0 2 0 3 6 2 0 1 3 1 0 0 2 0 4 2 1 3 5 14 6 5 2 1 0 2 0 0 2 0 0 0 1 2 2 5 0 11 4 744 
8685 364 295 338 550 1005 1355 1636 2854 1071 1854 2573 3009 3919 4978 4596 5731 7330 8849 11264 11308 11438 12718 14920 18039 19824 18941 19958 22878 21860 20729 20366 16626 14541 12557 8750 5538 4048 1903 403 162 66 58 45 60 55 48 54 43 52 50 49 55 86 100 121 282 391 511 688 984 1375 1980 2874 3968 4411 4968 4778 4472 4371 3986 3368 2865 2614 2518 2247 2551 2865 3107 3241 3149 2521 2387 1707 1500 1352 1272 1307 1173 1048 770 690 660 555 471 307 229 83 62 52 19 30 20 23 8 10 5 4 4 2 3 5 2 1 3 0 1 1 1 2 6 4 0 2 4 2 3 2 3 0 0 1 3 0 2 4 1 2 1 1 1 2 8 1 2 3 0 1 2 1 2 0 0 0 0 1 0 1 1 2 1 0 2 3 4 1 3 1 2 0 0 1 6 5 3 3 3 3 3 3 2 6 8 1 0 5 2 1 5 7 1 1 0 5 4 7 2 2 0 1 0 0 0 0 0 0 0 1 1 2 0 2 1 0 0 0 0 0 0 1 1 1 8 3 0 1 3 0 1 0 1 1 4 2 1 2 16 5 5 7 1 0 2 0 0 2 0 0 0 1 3 4 2 9 6 744 
8636 291 242 281 471 1008 1166 1414 2478 574 1239 1649 1820 3108 4202 3806 4884 6516 7925 9661 10790 10710 11481 13749 17015 19550 18676 19864 22452 22582 21111 20990 17847 15275 13289 8999 5501 3862 2016 729 455 296 304 296 254 257 272 263 283 263 276 285 283 306 374 429 431 460 350 299 332 322 346 393 435 601 694 791 921 1102 1368 1722 2171 2754 3115 3184 4045 4528 4432 4423 4401 3742 3467 3409 3588 3158 3235 3506 3435 3719 3174 2909 2509 2056 1821 1442 1264 859 817 788 627 452 281 196 137 122 118 65 50 46 37 24 29 10 18 20 8 9 8 8 1 4 7 1 3 1 3 6 2 3 2 1 2 2 5 3 4 0 1 1 1 1 2 2 4 1 0 3 4 4 1 3 3 0 0 1 3 2 0 0 0 1 0 1 0 4 0 1 4 0 3 1 3 2 0 1 1 6 2 5 4 1 4 3 2 4 7 5 2 3 3 1 9 3 2 1 0 1 8 3 6 2 0 1 0 0 0 0 0 1 0 2 1 1 1 1 0 0 0 0 0 0 2 1 7 4 1 0 1 2 1 0 2 1 5 1 2 15 6 5 6 2 1 1 0 1 1 0 0 1 3 3 3 9 6 744 


69 8 14 12 11 30 60 170 379 866 1729 3189 4473 5304 4959 3731 3000 2818 3045 2962 2820 2283 1605 1197 954 759 597 512 366 246 219 182 187 170 142 176 201 181 230 301 295 253 207 181 226 203 164 176 164 147 130 135 144 160 220 279 279 286 448 511 689 954 1200 1562 1999 2419 2944 3584 4108 4867 5302 5885 6366 6842 7365 8083 8131 8852 8774 8465 8700 7420 6422 5605 5316 5391 5527 5399 4934 4519 4186 4048 3835 3702 3627 3362 3389 2980 2907 2984 2906 2968 2849 3013 2981 3125 2927 2749 2800 2786 2644 2707 2620 2570 2443 2333 2290 2473 2366 2534 2421 2454 2410 2438 2447 2400 2288 2466 2672 2651 2681 2640 2768 2709 2647 2697 2648 2425 2562 2375 2373 2266 2287 2288 2284 2148 2152 2003 1897 1985 1928 1944 2099 2276 2300 2474 2411 2270 2391 2510 2329 2402 2311 2315 2178 2175 2215 2139 2256 2240 2173 2258 2368 2448 2360 2359 2369 2480 2365 2326 2402 2387 2257 2256 2163 2201 2167 2147 2245 2341 2270 2373 2280 2259 2368 2231 2155 2265 2108 1997 2118 1923 1878 1871 1842 1778 1712 1780 1797 1792 1731 1697 1727 1796 1750 1712 1646 1705 1725 1725 1760 1900 1803 1775 1689 1647 1603 1625 1607 1578 1520 1480 1402 1305 1237 1202 1122 1125 1054 969 912 838 715 591 608 629 577 526 477 391 339 255 239 222 178 1300 
69 6 20 38 156 473 1408 3411 5128 5773 4654 3236 2659 2750 3274 3398 2613 1554 1030 793 582 477 324 370 393 344 364 398 421 435 462 417 368 289 231 200 187 127 132 95 121 108 117 153 127 146 167 224 209 254 192 206 202 148 173 174 204 201 193 197 197 237 256 288 296 291 365 401 402 422 514 531 512 533 645 782 919 1068 1218 1468 1691 1748 1901 2072 2309 2847 3497 4208 4389 4703 5156 5618 5824 6232 7268 7489 8732 8832 9016 9241 9660 9422 9499 9314 8613 7976 7440 7004 6488 5962 5503 5314 5105 4810 4479 3940 3791 4065 4195 4436 4296 4119 3930 3977 3901 3966 4026 3863 4260 3962 3752 3699 3703 3599 3660 3528 3502 3438 3485 3379 3525 3723 3785 3725 3728 3457 3487 3357 3168 2947 2989 3112 3211 3424 3608 3552 3341 3270 3250 3429 3264 3168 3099 3154 3033 3137 3007 3103 3104 2972 2843 2827 3055 2959 3030 2857 2773 2765 2677 2547 2417 2387 2310 2165 2225 2280 2368 2273 2288 2191 2063 2117 2091 1991 1827 1711 1706 1618 1692 1623 1570 1532 1483 1354 1309 1188 1222 1161 1109 1020 925 841 841 754 633 612 572 570 487 470 373 342 287 283 219 156 150 104 66 59 42 36 40 26 19 19 13 11 14 3 3 5 3 3 2 4 4 1 2 6 2 5 10 9 12 876 
82 32 147 345 794 1254 2294 3526 4481 4810 4671 4325 3688 3247 2609 1919 1578 1186 943 754 615 567 511 551 535 535 620 701 702 819 912 991 1123 1111 1133 1146 1221 1263 1307 1390 1362 1382 1359 1370 1395 1415 1463 1504 1528 1543 1603 1694 1825 1835 1871 1959 2099 2132 2083 2172 2089 2170 2220 2254 2260 2314 2364 2456 2445 2476 2619 2573 2585 2635 2611 2834 2795 2848 2828 2912 3013 2876 2859 2837 2811 2933 3019 3159 3209 3396 3452 3523 3755 3810 4247 4362 4951 5137 5240 5338 5590 6016 5998 6294 6504 7067 7446 7883 8518 8959 9441 9869 10199 9529 8624 7752 7482 7342 7545 7502 7142 6644 6206 5700 5009 4728 4541 4359 4521 4140 3896 3662 3644 3591 3414 3256 2987 2999 2869 2934 2862 2980 2811 2478 2464 2428 2467 2248 2052 1880 2061 2020 2098 2239 2224 2158 2089 2241 2136 2319 2275 2229 2137 2199 2129 2013 1924 1873 1873 1704 1700 1643 1577 1535 1316 1342 1265 1266 1319 1323 1286 1110 1080 999 1028 1090 1128 1064 1217 1180 1106 1134 958 836 702 701 540 484 425 306 294 224 198 121 86 48 29 22 19 11 9 5 7 3 2 4 2 3 2 2 1 1 0 2 4 9 3 1 0 2 2 1 2 2 3 2 4 4 5 14 3 1 5 4 5 1 4 7 2 2 5 6 8 10 6 879 


