0
0 0 0 0 0 0 2 0 2 0 1 4 2 6 2 6 3 6 4 3 6 4 5 4 1 8 2 3 1 0 3 2 5 5 4 2 4 2 3 2 0 1 1 2 3 2 2 3 6 2 4 5 4 7 3 7 8 4 12 20 22 28 30 59 65 114 104 115 73 59 63 67 80 77 94 120 111 101 68 69 71 69 56 55 55 65 62 85 100 100 115 139 149 132 154 99 79 66 48 42 56 55 37 35 45 40 47 46 46 48 50 44 40 39 32 32 38 36 39 46 55 46 51 36 64 59 57 64 81 83 81 84 76 103 82 111 93 111 76 77 68 68 81 76 67 72 81 89 79 106 108 127 158 182 203 242 285 289 290 250 233 220 221 207 201 171 159 191 167 184 142 135 133 112 121 87 91 80 78 57 53 55 63 67 61 65 71 67 56 63 69 62 65 46 63 54 49 37 28 45 31 45 35 38 32 19 29 29 20 17 28 15 27 15 23 19 24 21 23 28 24 30 25 16 34 19 32 27 28 26 20 33 34 37 41 40 41 42 44 37 51 48 57 55 44 57 77 79 78 93 114 177 300 565 1521 4278 
0 0 0 0 0 0 0 0 0 0 0 0 0 1 0 2 0 4 0 2 3 1 3 7 7 7 4 7 9 0 6 3 6 2 3 3 1 5 4 3 5 6 7 7 3 4 9 3 7 9 4 6 10 6 10 5 12 9 11 14 10 6 8 7 9 10 6 5 13 10 6 7 9 13 8 7 10 6 3 9 8 4 7 9 11 6 8 6 7 7 4 8 10 13 13 15 11 11 9 15 20 14 15 23 23 21 30 25 37 56 48 50 70 100 131 131 155 169 194 256 291 307 294 299 305 275 266 245 218 166 165 149 152 157 138 133 111 133 102 94 112 104 107 107 84 94 74 79 80 81 52 62 48 35 41 48 46 55 58 65 62 104 96 106 116 166 226 267 266 279 270 317 264 237 248 212 211 202 180 141 143 121 97 97 87 86 100 84 79 86 79 70 62 60 65 57 69 49 44 55 47 43 34 52 46 44 34 26 27 20 28 33 25 26 29 37 32 31 36 32 47 37 30 43 41 46 40 44 42 59 57 80 76 140 346 802 625 385 338 305 260 256 221 239 188 223 204 204 194 184 171 170 181 191 269 1032 
0 0 0 0 0 1 1 0 2 2 0 1 1 0 1 1 4 0 1 3 1 4 4 1 5 8 10 8 9 11 5 11 11 7 7 9 9 9 5 9 9 7 10 7 8 12 6 9 10 14 14 8 8 5 7 5 13 8 6 7 5 5 5 5 5 7 12 9 5 7 5 5 3 7 5 3 5 4 7 1 5 5 4 6 9 4 6 8 8 2 6 4 5 9 9 2 6 8 6 11 8 12 11 10 5 9 8 5 6 6 5 8 4 8 17 10 9 13 16 25 27 33 24 46 49 67 69 74 62 70 93 80 72 81 72 111 143 137 221 227 217 214 207 182 166 114 85 73 60 75 92 95 97 131 103 99 108 51 61 48 32 38 31 35 34 30 28 37 24 29 18 27 24 26 28 29 29 26 43 48 51 69 76 79 94 137 149 177 239 307 383 413 390 389 394 358 269 218 213 154 136 114 100 110 90 87 84 78 74 72 83 82 108 267 663 527 395 368 313 311 277 272 262 244 238 258 256 287 292 291 405 515 633 607 430 286 296 328 323 142 201 117 113 74 68 62 38 45 23 30 32 27 21 20 21 27 


2 5 5 12 13 15 19 32 45 59 104 126 172 279 390 531 829 1163 1508 1806 1965 2139 1853 1557 1281 1097 886 806 676 588 548 447 341 283 234 205 158 154 143 101 134 115 107 120 126 132 111 127 118 127 119 123 131 124 135 132 126 147 120 122 133 149 135 138 145 121 125 122 139 122 146 119 139 142 138 141 158 124 129 137 148 142 139 143 160 161 139 143 143 121 155 135 164 142 178 187 214 176 186 257 272 294 373 409 615 852 1098 1597 2188 2861 3656 4437 5216 5554 5766 5993 5991 6240 6345 6910 7431 8170 8679 8855 9188 9284 9969 10247 10931 11897 12840 13547 15183 16550 17563 18933 19823 20549 20225 19282 18209 17030 15852 15282 14666 14148 13642 12850 12213 11937 11567 11266 10814 10383 10299 10122 10287 10186 9682 9716 9368 9242 9022 8793 8665 8197 7930 7604 7397 7124 6880 6877 6459 6267 5960 5782 5896 5609 5153 4937 4909 4820 5071 5251 5414 5732 5752 5701 5199 4913 4650 4595 4452 4382 4476 4470 4442 4420 4419 4417 4453 4221 4387 4613 4815 4906 4725 4462 4274 4377 4538 4877 5210 5525 5246 5101 4894 4722 4863 4425 4203 3744 3158 2543 2205 1953 1615 1318 1038 808 647 525 405 355 277 228 185 143 130 96 91 80 66 45 42 49 34 29 24 24 17 12 17 13 15 17 
0 3 2 5 7 14 16 23 44 50 86 101 178 259 413 655 994 1350 1614 1657 1682 1500 1317 1139 977 783 684 555 430 332 249 205 170 169 119 109 128 116 127 134 167 192 210 286 369 449 549 521 568 542 433 372 319 236 189 170 146 123 132 113 119 125 103 113 112 102 102 114 118 140 132 124 108 109 104 109 123 122 106 107 104 118 101 129 110 127 113 92 89 91 99 97 105 88 102 83 78 85 94 99 82 77 102 98 101 108 106 105 101 100 115 117 93 141 118 133 110 119 140 135 133 122 117 137 134 138 161 185 192 189 227 269 329 447 536 758 1006 1223 1631 1999 2517 2854 3310 3678 4262 4647 4848 5239 5430 5781 6272 7148 7968 9056 9772 10925 12191 13519 14817 16116 17105 18308 19508 21953 23790 25563 27197 27894 28452 29353 27767 24833 22075 20631 19753 19709 19204 18508 17686 16501 16240 15504 14636 14173 13156 11890 11303 10529 10349 10244 9959 9636 9148 8963 8908 8767 8629 7871 7258 6580 6482 6404 6248 6418 6575 7327 7390 7391 6853 6621 6858 6962 6769 6101 5627 5086 4669 4124 3208 2362 1668 1300 977 739 572 501 386 359 299 228 180 158 110 103 85 68 71 57 43 32 28 40 28 13 14 15 8 6 14 6 6 7 4 3 4 2 
1 0 1 10 7 15 13 24 24 46 81 103 158 212 341 495 716 1097 1497 1772 2038 1982 1801 1397 1030 775 606 422 346 280 228 174 142 129 97 84 72 58 67 63 61 54 50 54 47 48 33 49 55 45 62 51 67 66 71 53 65 75 56 68 38 58 58 52 50 49 55 59 44 47 34 46 56 52 41 31 45 43 47 38 43 54 43 53 53 44 50 30 36 29 36 18 29 22 22 23 22 28 26 39 39 35 51 45 40 67 67 55 80 67 68 72 72 99 92 86 87 80 92 84 89 72 68 62 58 52 68 47 60 60 57 50 61 58 61 58 53 65 66 62 77 73 67 64 80 85 86 99 93 97 108 118 113 104 95 109 126 155 166 172 217 275 334 433 592 763 1061 1296 1462 1868 2149 2551 2949 3259 3626 3985 4356 4986 5477 6149 7058 8269 9293 10201 11057 12123 13920 16399 20184 24880 30989 37131 43374 48569 52324 53915 52519 48324 41539 34929 30142 27108 25401 23756 22437 21778 19946 18088 15976 14849 14205 13089 11817 10682 9942 9387 8282 7122 5734 4503 3323 2246 1561 1196 896 712 625 530 434 372 276 239 195 135 130 100 98 81 69 62 51 36 29 27 12 19 6 9 5 8 5 5 4 7 3 0 


