1
0 0 0 0 0 0 0 0 0 0 0 0 0 0 0 0 0 0 0 0 0 0 0 0 0 0 0 0 0 0 0 0 0 0 0 0 0 1 2 0 0 2 0 2 7 42 231 479 815 1502 2308 3306 3388 3807 3791 3105 2238 1149 623 323 210 180 121 114 138 116 119 101 89 101 116 108 96 95 101 65 85 76 83 78 80 83 84 67 74 58 67 45 70 79 84 71 72 85 49 36 29 31 52 75 94 139 224 263 375 472 578 906 1279 5210 9870 1963 1502 1482 1097 1174 1794 54280 182 137 116 60 49 47 42 38 23 13 8 2 9 5 6 8 4 6 4 6 8 10 15 9 17 14 20 27 9 1 0 0 0 0 0 0 0 0 0 0 0 0 0 0 0 0 0 0 0 0 0 0 0 0 0 0 0 0 0 0 0 0 0 0 0 0 0 0 0 0 0 0 0 0 0 0 0 0 0 0 0 0 0 0 0 0 0 0 0 0 0 0 0 0 0 0 0 0 0 0 0 0 0 0 0 0 0 0 0 0 0 0 0 0 0 0 0 0 0 0 0 0 0 0 0 0 0 0 0 0 0 0 0 0 0 0 0 0 
0 0 0 0 0 0 0 0 0 0 0 0 0 0 0 0 0 0 0 0 0 0 0 0 0 0 0 0 0 0 0 0 0 0 1 1 0 0 0 0 0 1 0 1 1 1 2 5 31 131 352 650 1060 2120 2843 3107 3748 3866 3847 2406 1748 1070 1069 1205 2135 8935 6652 2455 2293 53690 2225 497 443 346 332 398 868 784 288 184 170 189 157 146 157 136 119 111 107 103 87 93 70 48 83 95 71 68 68 43 25 29 24 12 11 9 3 4 3 2 3 3 1 1 0 0 3 1 1 1 1 2 2 2 2 1 1 0 0 0 1 0 2 2 2 1 0 0 4 2 3 2 2 3 2 1 2 3 5 6 14 12 10 25 23 15 0 0 0 0 0 0 0 0 0 0 0 0 0 0 0 0 0 0 0 0 0 0 0 0 0 0 0 0 0 0 0 0 0 0 0 0 0 0 0 0 0 0 0 0 0 0 0 0 0 0 0 0 0 0 0 0 0 0 0 0 0 0 0 0 0 0 0 0 0 0 0 0 0 0 0 0 0 0 0 0 0 0 0 0 0 0 0 0 0 0 0 0 0 0 0 0 0 0 0 0 
0 0 0 0 0 0 0 0 0 0 0 0 0 0 0 0 0 0 0 0 0 0 0 0 0 0 0 0 0 0 0 0 0 0 0 0 0 0 0 0 0 0 1 0 2 0 0 2 2 22 101 316 586 883 1846 2751 2918 3538 3693 3810 2696 1875 1091 579 335 227 131 103 109 119 95 92 80 90 87 90 82 112 102 83 85 68 84 76 59 76 88 80 75 57 45 61 50 57 50 46 58 77 67 76 61 70 46 30 33 23 23 26 19 13 13 6 7 5 5 5 2 5 4 3 14 8 4 9 8 6 2 3 7 3 2 4 6 4 0 6 4 7 19 12 7 16 7 19 20 9 9 9 5 6 12 16 12 20 20 20 27 22 18 17 11 13 35 41 53 61 85 108 120 149 189 215 406 318 419 519 642 850 1364 5268 9086 1959 1387 1372 1168 1956 1305 53866 139 77 66 43 46 24 16 6 7 0 5 2 0 2 0 0 0 1 0 0 0 0 0 0 0 0 0 0 0 0 0 0 0 0 0 0 0 0 0 0 0 0 0 0 0 0 0 0 0 0 0 0 0 0 0 0 0 0 0 0 0 0 0 0 0 0 0 0 


0 0 0 0 0 0 0 0 0 0 0 0 0 0 0 0 0 0 0 0 0 0 0 0 0 0 0 0 0 0 0 0 0 0 0 0 0 0 1 0 0 0 0 0 4 3 5 12 11 32 45 43 48 64 77 96 99 111 81 102 95 90 98 92 97 117 101 104 110 105 97 123 117 125 120 126 136 144 145 161 177 172 212 190 190 213 232 298 365 400 477 577 633 746 891 1090 1328 1670 1983 2471 2933 3276 3765 4326 5020 5603 6094 6413 6761 7661 8567 8308 8319 8661 8776 9632 10162 11097 9472 9422 9372 9769 9864 9550 9457 9407 10234 10975 11442 10869 10360 10143 10448 10314 9844 9123 9115 9517 10129 10277 9773 9320 9558 10177 10510 10747 10409 9998 10104 9988 9870 9290 8865 8609 8444 8773 8645 8305 8101 8350 9323 9627 9596 9011 8613 8931 8945 8874 8607 8010 7808 8142 8373 8535 8444 8189 8084 8698 8961 8595 7553 7185 7104 7132 6642 6399 5496 5222 5127 4917 4653 4509 4230 4068 4015 3468 3069 2660 2636 2530 2209 1773 1389 1204 996 810 696 663 692 805 854 769 771 705 848 793 675 663 700 724 728 782 749 787 945 927 790 733 804 776 739 612 532 620 614 515 418 419 351 320 337 313 382 483 607 589 631 755 623 444 509 577 653 1071 3474 20705 
0 0 0 0 0 0 0 0 0 0 0 0 0 0 0 0 0 0 0 0 0 0 0 0 0 0 0 0 0 0 0 0 0 0 0 0 0 0 0 0 1 0 1 0 0 0 1 3 5 4 11 10 16 36 49 39 53 68 94 96 96 98 96 88 90 181 398 161 165 969 516 284 255 246 252 226 315 480 260 238 214 220 238 215 229 242 266 230 234 231 267 225 253 234 249 251 259 312 330 462 491 473 497 682 779 898 909 1063 1384 1893 2241 2622 3051 3925 4973 5907 6128 6357 6943 7833 9412 10001 9793 9355 9626 10722 11924 12012 11492 10771 10755 11552 11850 10826 9992 10074 10788 11440 11640 10753 9991 9785 10897 11742 11526 10505 9678 9915 10855 11396 11016 10002 9666 10230 11745 11817 11066 9825 9913 10927 11063 10251 9158 8517 9037 9445 9824 9698 9304 8922 9460 9819 9925 8615 7860 7811 8508 9215 9130 8659 8074 8527 9262 9569 8964 8021 7699 8258 8132 7575 6883 6661 6320 6217 5696 4958 4681 4390 4287 4598 4367 3636 2778 2299 2158 1912 1506 1092 998 1087 1222 1333 1092 1008 861 839 772 746 646 617 649 499 467 419 378 446 541 550 548 591 652 724 705 604 526 431 472 430 426 437 383 395 389 417 510 481 492 596 605 653 662 629 731 1032 12689 3292 
0 0 0 0 0 0 0 0 0 0 0 0 0 0 0 0 0 0 0 0 0 0 0 0 0 0 0 0 0 0 0 0 0 0 0 0 0 0 0 0 0 0 0 0 1 0 0 0 0 5 2 4 6 9 29 33 47 38 69 81 80 98 93 74 83 77 78 85 80 82 89 85 94 93 93 98 88 98 118 101 102 109 131 105 130 122 136 138 142 176 155 166 179 156 190 185 197 187 197 209 215 207 222 239 209 233 249 262 348 409 499 626 698 790 935 1322 1707 1961 2411 2937 3787 4517 5080 5917 7084 7806 8474 8951 9311 10216 10769 11492 11398 11416 12083 12389 12613 12444 11580 11054 11251 11682 11902 11457 10794 10517 10797 11220 11312 10923 10400 10105 10227 10248 10524 10040 9974 10418 10411 10544 10603 10784 10540 10615 10708 10295 10122 9600 9297 9622 9515 9492 9349 8785 8528 9302 9377 9418 8888 8583 9180 8907 8965 8321 8400 8592 9249 10412 9031 8944 8814 8944 8857 8446 7993 7334 7332 7268 7041 6610 6035 5307 5044 4935 4736 4291 3723 3686 3498 3422 3037 2516 2101 1823 1662 1557 1452 1270 1120 1042 888 912 782 801 749 722 729 672 706 673 689 745 622 590 499 496 436 381 369 321 348 332 360 417 524 562 596 610 694 674 598 600 685 849 1251 14768 


