1
0 0 0 0 0 0 0 0 0 0 0 0 0 0 0 0 0 0 0 0 0 0 0 0 0 0 0 0 0 0 0 0 0 0 0 0 0 0 0 0 0 0 0 0 0 0 0 0 1 1 0 2 2 3 5 9 7 9 18 30 129 239 428 708 1129 1794 2675 3522 4543 4599 3955 3097 1989 1278 775 480 275 205 146 115 116 110 116 84 106 90 88 82 88 79 102 85 76 76 90 58 52 52 55 57 48 101 143 207 292 369 513 676 788 1015 1808 7664 10054 2280 1762 1885 1437 1361 5430 66579 435 200 187 171 165 164 108 90 49 24 11 8 3 3 1 3 2 4 1 2 6 1 2 1 9 5 3 2 2 2 2 1 1 0 1 1 2 1 3 1 3 0 0 2 2 6 2 5 6 2 2 6 3 10 7 4 5 6 24 35 14 9 9 9 6 11 7 0 0 0 0 0 0 0 0 0 0 0 0 0 0 0 0 0 0 0 0 0 0 0 0 0 0 0 0 0 0 0 0 0 0 0 0 0 0 0 0 0 0 0 0 0 0 0 0 0 0 0 0 0 0 0 0 0 0 0 0 0 0 0 0 0 0 0 0 0 
0 0 0 0 0 0 0 0 0 0 0 0 0 0 0 0 0 0 0 0 0 0 0 0 0 0 0 0 0 0 0 0 0 0 0 0 0 0 1 0 0 0 0 0 1 0 0 1 0 0 6 1 1 3 4 4 8 5 9 17 38 164 429 820 1346 2925 8160 10420 6418 6522 41440 39183 4666 3679 2778 1910 1190 773 829 923 1172 297 227 185 182 145 212 199 165 164 145 153 137 133 94 82 68 69 54 49 47 50 45 37 43 42 32 35 35 35 37 22 36 38 24 36 33 27 37 32 34 36 25 41 27 39 61 67 82 75 49 22 13 5 3 0 0 0 0 1 1 0 1 0 0 0 1 0 2 2 3 0 2 2 3 1 0 0 1 1 1 1 1 0 4 1 1 1 4 1 2 3 11 3 5 2 5 3 5 7 20 26 14 14 8 6 5 7 10 6 4 4 0 0 0 0 0 0 0 0 0 0 0 0 0 0 0 0 0 0 0 0 0 0 0 0 0 0 0 0 0 0 0 0 0 0 0 0 0 0 0 0 0 0 0 0 0 0 0 0 0 0 0 0 0 0 0 0 0 0 0 0 0 0 0 0 
0 0 0 0 0 0 0 0 0 0 0 0 0 0 0 0 0 0 0 0 0 0 0 0 0 0 0 0 0 0 0 0 0 0 0 0 0 0 0 0 0 0 0 0 0 0 0 0 0 0 0 1 1 0 1 2 2 3 4 8 6 9 33 99 226 428 667 1005 1444 2339 3385 4085 4633 4142 3117 2525 1568 860 544 342 208 151 115 119 125 72 93 88 85 87 84 69 75 71 77 58 63 72 55 65 54 54 49 54 37 47 47 42 26 46 35 40 52 32 41 52 30 48 51 45 42 36 47 32 36 41 40 48 72 73 99 66 43 21 14 9 6 9 6 5 7 6 1 1 4 12 10 8 11 11 6 8 44 14 9 8 2 3 13 8 6 7 14 11 13 14 46 67 71 80 128 182 262 273 339 374 431 462 547 663 885 1586 5563 10656 2826 2819 1413 1219 1290 1955 70075 195 153 86 80 58 47 52 17 11 9 2 1 1 0 0 1 0 0 0 0 0 0 0 0 0 0 0 0 0 0 0 0 0 0 0 0 0 0 0 0 0 0 0 0 0 0 0 0 0 0 0 0 0 0 0 0 0 0 0 0 0 0 0 0 0 


0 0 0 0 0 0 0 0 0 0 0 0 0 0 0 0 0 0 0 0 0 0 0 0 0 0 0 0 0 0 0 0 0 0 0 0 0 0 0 0 0 0 0 0 0 0 0 1 0 0 0 0 0 0 0 1 0 0 1 2 2 0 2 6 35 43 66 69 80 105 90 116 87 91 99 101 97 93 97 92 101 108 98 106 105 109 121 98 130 106 114 105 137 123 113 130 123 133 140 149 142 140 149 159 167 158 194 192 211 233 235 293 652 307 312 379 344 390 400 1888 634 430 397 375 358 357 333 345 403 501 594 719 891 1184 1608 2031 2534 3012 3825 4542 4652 5153 5441 5764 6079 6419 6742 7229 8061 8500 8530 9141 10142 11225 12004 12482 13116 14139 14073 14138 14879 14923 15435 15187 14418 14360 15026 16283 16691 16942 17667 18671 19309 19925 21087 22111 21830 23458 24743 25676 26659 25629 23955 22094 20661 19368 18082 15982 15000 13569 12389 10865 9210 7842 6576 5339 4425 3621 2857 2207 1838 1368 1006 744 495 300 177 94 54 43 22 8 9 4 0 0 0 0 0 0 0 0 0 0 0 0 0 0 0 0 0 0 0 0 0 0 0 0 0 0 0 0 0 0 0 0 0 0 0 0 0 0 0 0 0 0 
0 0 0 0 0 0 0 0 0 0 0 0 0 0 0 0 0 0 0 0 0 0 0 0 0 0 0 0 0 0 0 0 0 0 0 0 0 0 0 0 0 0 0 0 0 0 0 1 1 0 0 0 0 0 1 0 1 1 0 1 1 6 5 8 7 16 50 444 132 155 211 1348 355 298 268 244 236 235 222 255 489 254 222 194 194 183 189 167 190 166 177 155 166 147 147 185 166 160 169 157 171 157 166 180 178 170 194 188 174 198 211 192 205 219 210 211 213 226 211 207 247 226 233 241 253 236 224 252 244 238 254 242 249 254 291 339 370 586 844 1112 1384 1728 2359 2952 3181 3506 4194 5216 5602 5740 5987 6938 7753 7859 8330 8970 10377 10543 10840 12657 15036 16588 16500 14817 14638 15084 16449 15229 14749 15446 17100 17649 17631 18292 20046 21853 21484 22380 24757 28450 30401 28895 26326 25979 26231 25265 22715 20543 20134 18638 15960 14100 12582 11382 9264 7682 6804 5828 4760 3863 3128 2656 2279 1512 1081 760 572 380 249 188 123 71 33 9 4 0 0 0 0 0 0 0 0 0 0 0 0 0 0 0 0 0 0 0 0 0 0 0 0 0 0 0 0 0 0 0 0 0 0 0 0 0 0 0 0 0 
0 0 0 0 0 0 0 0 0 0 0 0 0 0 0 0 0 0 0 0 0 0 0 0 0 0 0 0 0 0 0 0 0 0 0 0 0 0 0 0 0 0 0 0 0 0 0 0 0 0 0 0 1 0 0 0 0 0 0 0 0 1 1 2 1 8 15 28 55 51 74 80 89 112 88 91 72 103 89 87 95 79 90 92 88 96 82 103 92 102 103 106 93 122 96 97 111 118 130 106 121 114 136 114 140 121 140 146 133 158 141 158 173 164 182 169 174 185 180 179 189 200 183 204 196 203 229 213 197 229 212 231 190 222 219 227 230 229 228 206 230 266 287 295 359 430 638 776 1053 1499 1962 2347 2897 3540 4366 5125 5340 5952 6867 8227 8904 9209 9530 10367 11681 12474 13220 14414 15882 16958 16504 16486 17069 17737 17430 17618 18015 19911 21928 22856 23334 23336 24322 26653 27385 26990 27184 27445 28166 26908 27528 24604 23304 20702 18453 16822 15604 13096 11522 9982 9182 7636 6183 4923 4177 3465 2602 1949 1604 1149 870 575 428 303 184 150 98 56 30 12 5 2 0 0 0 0 0 0 0 0 0 0 0 0 0 0 0 0 0 0 0 0 0 0 0 0 0 0 0 0 0 0 0 0 0 0 


