1
0 0 0 0 0 0 0 0 0 0 0 0 0 0 0 0 0 0 0 0 0 0 0 0 0 0 0 0 0 0 0 0 0 0 0 0 0 0 0 0 0 0 0 0 0 1 1 1 2 1 1 2 0 3 1 0 2 3 5 10 4 10 17 32 86 290 678 1110 1769 2690 3686 4541 4536 4039 3313 2559 1967 1223 750 640 363 203 78 66 76 57 46 46 50 35 45 36 53 41 47 45 50 55 41 28 68 81 134 179 223 282 366 544 614 820 1094 1343 2330 11029 12514 2365 2975 4088 1263 1317 969 2555 38799 19458 1517 139 93 80 75 38 47 13 17 9 7 11 10 24 19 1 2 4 3 4 1 0 0 0 0 1 0 0 0 1 1 0 0 0 0 0 1 0 0 0 1 1 2 1 3 2 0 4 2 1 1 3 6 7 4 5 6 6 4 1 3 1 1 2 0 0 0 0 0 0 0 0 0 0 0 0 0 0 0 0 0 0 0 0 0 0 0 0 0 0 0 0 0 0 0 0 0 0 0 0 0 0 0 0 0 0 0 0 0 0 0 0 0 0 0 0 0 0 0 0 0 0 0 0 0 0 0 0 0 0 0 0 
0 0 0 0 0 0 0 0 0 0 0 0 0 0 0 0 0 0 0 0 0 0 0 0 0 0 0 0 0 0 0 0 0 0 0 0 0 0 0 0 0 0 0 0 0 1 1 0 2 3 1 0 2 0 1 2 4 2 7 22 42 122 286 503 897 1424 1781 2878 17598 9276 5064 5330 5849 18751 42572 13439 5778 2878 1994 1412 1004 680 449 223 205 157 129 146 143 143 122 110 86 80 81 79 65 50 48 48 51 33 44 37 34 54 25 31 32 18 37 31 23 30 30 20 24 26 25 23 34 22 34 27 31 31 53 29 20 28 14 16 9 6 8 1 0 0 0 0 0 0 0 0 0 0 0 0 0 0 0 0 0 2 1 0 0 0 0 2 1 1 1 1 1 1 0 0 0 0 0 1 2 2 1 2 3 1 1 3 4 1 2 3 2 2 2 7 7 2 1 1 3 1 1 2 0 0 0 0 0 0 0 0 0 0 0 0 0 0 0 0 0 0 0 0 0 0 0 0 0 0 0 0 0 0 0 0 0 0 0 0 0 0 0 0 0 0 0 0 0 0 0 0 0 0 0 0 0 0 0 0 0 0 0 0 
0 0 0 0 0 0 0 0 0 0 0 0 0 0 0 0 0 0 0 0 0 0 0 0 0 0 0 0 0 0 0 0 0 0 0 0 0 0 0 0 0 0 0 0 0 0 0 1 0 3 1 0 0 2 0 1 3 1 0 3 2 6 7 7 12 12 37 160 406 729 1071 1993 3324 4103 4072 4487 3731 3167 2516 1682 1145 775 547 305 131 63 53 45 44 53 49 39 48 41 36 38 40 39 32 32 37 34 42 30 29 31 27 29 34 36 25 26 35 27 30 44 25 28 30 32 32 35 36 42 54 46 52 41 23 28 27 27 19 17 24 12 6 11 17 4 6 6 6 4 6 3 3 14 7 7 6 14 11 19 21 21 12 9 7 6 10 10 11 13 12 36 43 70 74 63 84 108 190 199 224 305 314 344 408 460 525 762 796 871 1424 15857 8679 2097 4239 2508 1061 1006 836 870 10112 45194 6388 83 59 57 35 30 18 12 7 12 14 22 7 0 2 0 0 2 0 0 0 0 0 0 0 0 0 0 0 0 0 0 0 0 0 0 0 0 0 0 0 0 0 0 0 0 0 0 0 0 0 0 0 0 0 0 0 0 0 0 


0 0 0 0 0 0 0 0 0 0 0 0 0 0 0 0 0 0 0 0 0 0 0 0 0 0 0 0 0 0 0 0 0 0 0 0 0 0 0 0 0 0 0 0 0 0 0 0 0 0 0 1 1 0 2 0 1 1 4 1 2 2 9 8 11 6 19 14 20 47 70 95 118 124 92 123 106 102 118 111 121 132 111 120 129 120 128 135 134 130 127 130 131 167 122 136 138 151 157 116 154 165 133 147 165 180 155 191 175 210 213 185 227 286 749 306 465 768 401 406 407 413 597 1327 732 691 775 977 1214 1484 1706 2144 2393 2637 2985 3372 3633 3879 3995 4369 4793 5271 5496 5443 5349 5602 6211 6743 6724 6882 7667 8314 8634 8987 9184 9923 10546 10694 10562 11580 12568 12462 11611 10791 10624 10494 10419 9987 10103 10407 10581 10475 10764 11183 11846 12259 12331 12928 14235 15529 15989 16607 17438 18392 18800 19140 18855 19009 19341 19443 19883 20514 19931 18813 16905 15696 14596 13451 12828 11835 10968 9983 8836 7681 6396 5296 4476 3662 3060 2814 2512 1928 1548 1119 887 749 619 508 377 260 144 91 51 34 19 13 8 4 2 0 1 3 0 0 0 0 0 0 0 0 0 0 0 0 0 0 0 0 0 0 0 0 0 0 0 0 
0 0 0 0 0 0 0 0 0 0 0 0 0 0 0 0 0 0 0 0 0 0 0 0 0 0 0 0 0 0 0 0 0 0 0 0 0 0 0 0 0 0 0 0 0 0 0 0 0 1 0 0 0 2 1 1 4 4 5 8 5 10 8 7 17 12 16 29 336 376 111 153 184 396 913 778 557 355 284 269 271 251 243 242 222 223 237 219 184 193 200 189 181 192 182 194 165 172 190 177 179 187 177 179 183 177 184 167 175 213 192 181 188 201 179 200 192 210 217 194 203 229 208 230 220 244 229 236 254 253 268 296 351 455 573 679 833 1109 1373 1693 2188 2450 2334 2408 2640 3251 3532 3611 3976 4553 4907 4952 4693 4911 5564 6313 6709 7136 8288 10400 11162 11466 10795 11485 12983 13543 12453 12220 12550 12330 11798 12190 12578 12929 13277 12441 11786 12826 14662 15422 15497 16629 18656 20452 20127 19424 19817 21328 21953 21093 21591 23384 23389 21336 19088 17862 18059 16880 15291 14286 13941 13462 11594 9880 8514 7856 6756 5141 4227 4079 3568 2982 2330 1867 1489 1224 939 767 561 456 296 202 162 84 31 17 6 2 0 0 3 1 0 0 0 0 0 0 0 0 0 0 0 0 0 0 0 0 0 0 0 0 0 0 0 0 
0 0 0 0 0 0 0 0 0 0 0 0 0 0 0 0 0 0 0 0 0 0 0 0 0 0 0 0 0 0 0 0 0 0 0 0 0 0 0 0 0 0 0 0 0 0 0 0 0 0 0 0 0 1 1 0 0 1 0 2 2 1 2 1 3 5 8 5 11 12 18 22 66 64 96 129 108 111 96 110 99 103 107 99 129 106 108 117 109 115 121 126 120 138 108 139 137 133 116 138 132 141 133 132 123 157 128 138 146 146 133 159 157 151 157 162 149 163 166 162 181 167 197 181 178 202 181 200 206 182 191 227 211 210 222 202 229 246 207 242 263 291 346 401 489 591 715 875 1094 1455 1612 1967 2319 2930 2842 2980 3495 4251 4392 4721 4839 5352 5861 6373 6642 7558 8721 9477 9899 10668 11671 13308 13489 13520 12908 13341 14066 14349 14180 14317 14968 15796 16527 16971 17210 18123 19493 19943 19833 21478 23220 23832 23424 23027 23856 25071 24104 22092 20805 20403 20217 18663 16845 15632 14725 13222 11559 10225 10030 9271 7835 6410 5565 5078 4474 3732 3163 2719 2155 1660 1311 1012 756 669 395 299 172 91 49 26 17 5 1 0 2 2 0 0 0 0 0 0 0 0 0 0 0 0 0 0 0 0 0 0 0 0 


