0
0 0 0 0 0 0 0 0 0 0 0 0 0 0 0 1 0 0 1 0 1 0 1 1 2 0 0 2 1 4 1 0 3 2 1 4 3 2 5 6 4 7 6 8 6 7 7 11 13 11 9 15 14 18 14 19 25 16 27 29 41 42 43 69 51 78 75 90 96 98 94 84 106 97 114 133 105 109 98 94 75 59 77 68 77 70 99 84 74 81 99 124 124 148 155 188 173 161 165 146 137 124 128 112 102 95 106 98 108 111 108 99 98 103 93 108 104 109 105 105 71 80 109 98 103 94 75 89 99 86 97 88 78 101 90 95 97 82 94 111 113 126 118 156 141 153 133 148 143 117 113 118 117 120 111 106 122 111 106 110 110 110 101 131 96 118 105 115 105 88 87 103 89 85 95 78 90 97 85 110 91 94 79 72 67 77 55 63 64 79 77 78 106 109 103 125 94 103 105 82 85 92 90 121 137 158 178 177 178 188 165 172 166 182 199 232 223 207 195 153 132 84 90 63 68 45 46 37 49 29 41 26 41 25 25 30 38 31 33 42 19 39 26 34 35 45 45 46 59 74 88 133 222 410 1035 5910 
0 0 0 0 0 0 0 0 0 0 1 0 0 0 0 1 0 1 0 1 0 0 1 0 2 3 7 2 3 3 1 2 6 7 3 12 6 6 5 4 9 9 11 17 10 4 8 18 11 11 18 15 17 26 15 27 29 26 27 26 31 18 28 27 20 22 21 23 33 24 25 26 35 17 19 20 16 23 24 30 22 22 19 24 21 20 24 33 30 33 23 24 33 33 32 31 37 38 31 33 40 33 47 48 49 42 55 67 62 72 78 97 92 98 120 114 127 110 141 123 112 122 104 102 84 101 95 96 109 130 152 159 179 178 256 250 252 226 289 231 256 288 268 329 292 258 210 198 173 193 199 192 221 205 205 189 155 208 188 170 153 180 197 137 152 130 118 101 111 123 117 110 105 117 145 132 136 113 158 126 124 131 125 126 135 131 158 176 199 206 223 178 201 186 188 183 179 202 180 223 207 201 152 146 134 103 83 60 46 48 54 42 49 40 44 42 31 43 41 32 39 31 48 40 31 39 33 37 27 41 47 49 43 60 75 60 54 109 339 538 335 330 483 1071 975 535 305 295 271 269 262 243 243 290 405 497 
2 1 1 0 2 3 4 0 1 4 5 2 4 3 4 4 6 4 1 9 7 6 8 5 5 10 17 6 15 23 16 13 13 18 14 11 16 13 19 17 18 22 14 19 10 18 27 24 10 12 13 14 21 16 20 15 12 10 16 14 13 6 13 8 12 20 10 4 10 12 15 20 16 15 15 13 16 14 16 23 14 12 10 11 13 15 16 28 18 11 22 19 30 16 18 24 14 20 23 23 17 24 21 16 21 19 26 18 20 23 31 21 24 32 30 22 30 29 38 38 38 33 35 32 40 36 40 43 40 57 55 86 80 89 120 129 149 143 163 177 162 183 186 187 175 236 205 194 188 187 200 174 140 124 160 160 152 131 146 127 120 142 120 165 142 150 171 142 166 187 168 183 172 214 233 220 271 298 295 275 277 289 261 249 268 276 281 264 255 177 136 135 115 143 120 105 100 102 99 93 95 85 85 69 81 70 61 79 93 88 72 97 109 89 86 100 157 341 558 411 394 681 809 523 728 512 361 321 302 298 304 295 273 279 305 346 427 429 399 303 248 157 129 86 74 75 96 79 75 70 82 56 60 66 74 69 


16 20 24 28 22 25 38 44 41 64 74 95 124 218 323 435 623 847 1018 1265 1460 1518 1693 1734 1740 1633 1595 1394 1323 1210 1235 1114 980 760 623 495 417 352 288 234 246 227 220 212 207 202 206 217 203 205 203 178 204 237 235 258 247 262 253 275 290 303 267 304 282 315 357 345 313 316 387 411 360 367 406 412 450 412 394 354 392 386 411 384 379 384 369 358 360 374 403 353 345 303 335 340 346 318 310 292 304 307 312 374 371 416 448 509 549 591 669 751 734 739 744 717 711 543 514 524 548 554 574 575 620 650 725 773 902 1035 1238 1415 1826 2244 2713 3653 4666 5880 7138 8566 10274 11922 14219 16058 17768 18943 19761 19999 19224 18585 17645 17281 16571 15812 15495 15339 15437 15478 14976 14909 15164 15981 16610 17038 17084 17301 17410 17897 17305 17512 18383 18597 18035 16719 14991 14044 12863 11462 10562 9749 8723 8363 7767 6839 6125 5592 5394 5239 4718 4557 4457 4233 4065 3979 3760 3524 3210 3062 3139 2939 2780 2773 2634 2623 2616 2696 2831 2800 2891 2970 2983 2976 2933 3076 2926 3014 3211 3472 3852 4592 4679 4829 5103 5221 4931 4207 3429 2963 2823 2835 2826 2720 2621 2486 2316 2020 1906 1688 1456 1179 960 791 669 608 493 500 386 407 334 308 254 270 249 227 295 369 
7 14 14 16 32 17 26 32 39 39 64 83 115 191 253 390 553 607 668 632 556 499 379 277 226 161 142 118 112 68 70 65 64 60 60 60 64 65 69 76 85 93 89 119 133 142 156 288 312 420 511 708 934 1237 1468 1782 1924 1960 1910 1739 1489 1305 1088 957 782 618 427 369 332 275 287 305 252 269 248 240 285 290 297 265 321 311 271 329 345 314 315 365 345 316 361 355 327 335 356 371 358 378 365 402 387 379 402 403 387 362 359 318 310 318 247 263 240 234 205 205 183 200 179 211 209 244 251 275 291 339 354 360 367 391 341 363 390 427 472 507 523 516 525 499 485 509 539 495 469 460 441 439 446 481 473 509 501 587 636 754 913 1123 1416 1655 2070 2617 3389 4299 5367 6403 7509 8622 10068 11294 12882 14052 15662 17347 18966 20376 21209 21509 22199 22830 24273 25685 27045 27774 28629 28584 28423 27957 27428 27220 27062 26388 24856 24199 24010 23233 21696 19625 18056 15871 14190 12110 10469 9216 8759 8237 7168 6239 5173 4525 4241 4033 3856 3787 3782 3770 3612 3678 3635 3472 3426 3430 3217 3119 2817 2573 2379 2020 1743 1457 1165 1035 817 663 670 555 522 477 390 405 318 266 238 260 188 184 157 163 113 105 115 108 100 94 103 35 
1 1 3 7 3 9 15 17 13 28 28 42 56 64 103 167 253 391 490 605 648 648 611 511 400 356 225 178 171 119 102 85 79 80 67 61 58 60 68 50 52 59 52 68 55 49 66 72 65 60 83 76 55 56 75 62 66 59 57 42 43 44 38 32 23 30 27 19 13 20 18 16 22 14 15 19 8 15 14 16 13 15 7 14 15 11 15 12 11 17 16 19 6 15 8 10 13 14 15 15 15 19 20 18 15 22 19 18 21 22 32 22 29 48 37 48 52 45 52 50 50 50 41 44 60 56 57 56 77 64 59 90 67 60 83 87 100 104 96 115 102 134 105 115 126 130 118 137 143 157 193 266 340 330 348 355 380 368 335 353 373 388 406 448 496 521 561 581 621 594 580 608 587 604 606 652 735 830 934 1150 1464 2116 2617 3526 4454 5717 7501 9196 11431 13287 15702 17285 18746 19990 21627 23081 24860 26350 28046 29986 31999 34104 36129 37587 39085 41980 43133 42916 39610 36184 33372 31276 29833 29082 29090 28258 24750 18409 11888 7712 5208 4077 3330 2667 2284 1784 1507 1311 1178 957 871 803 635 660 521 496 479 399 361 355 291 267 216 204 167 141 156 134 112 118 92 91 67 50 25 11 


