1
0 0 0 0 0 0 0 0 0 0 0 0 0 0 0 0 0 0 0 0 0 0 0 0 0 0 0 0 0 0 0 0 0 0 0 0 0 0 0 0 0 0 1 0 0 0 0 0 0 1 1 110 474 1182 1908 3266 4704 5997 6928 6553 5947 5306 3757 2733 1841 960 522 310 254 256 253 233 232 221 214 198 208 196 222 196 219 200 185 195 203 160 137 153 165 132 140 132 118 130 128 120 125 137 126 117 132 105 132 110 122 126 118 140 120 145 148 191 267 389 484 806 1146 1331 1578 1895 1937 1827 2057 2483 3151 4388 5146 6575 7407 5559 4676 4225 4573 5073 4482 2857 1383 827 411 258 207 163 134 110 135 149 139 116 130 127 129 139 134 283 763 1045 1195 1709 1849 2552 3542 2931 2902 4747 12956 77982 12436 1355 560 469 235 78 82 101 95 77 62 37 37 33 36 29 31 33 25 10 6 0 0 0 0 0 0 0 0 0 0 0 0 0 0 0 0 0 0 0 0 0 0 0 0 0 0 0 0 0 0 0 0 0 0 0 0 0 0 0 0 0 0 0 0 0 0 0 0 0 0 0 0 0 0 0 0 0 0 0 0 0 0 0 0 0 0 0 0 0 
0 0 0 0 0 0 0 0 0 0 0 0 0 0 0 0 0 0 0 0 0 0 0 0 0 0 0 0 0 0 0 0 0 0 0 0 0 0 0 0 0 0 0 0 1 0 0 0 0 0 0 0 1 0 8 51 186 727 1440 2682 4457 6333 7014 6737 6994 5942 3996 2798 1585 868 410 297 232 236 214 245 186 231 213 215 207 203 198 204 174 202 187 164 165 137 131 141 142 105 112 119 115 126 129 102 121 121 108 102 99 98 125 111 113 109 99 102 87 100 110 98 112 90 91 93 82 83 104 85 91 91 97 91 76 122 105 108 102 99 106 93 94 78 107 85 85 97 100 126 138 207 268 352 606 785 987 1115 1520 1509 1666 1462 1487 1673 1818 2591 3724 4972 7573 6547 5839 3881 3387 3278 3858 6099 4111 3025 1194 556 234 157 114 88 118 98 97 101 116 112 124 112 145 226 270 623 921 1147 1545 1580 2405 3077 3087 2511 2915 5384 19652 62228 20082 1059 599 150 15 3 0 0 0 0 0 0 0 0 0 0 0 0 0 0 0 0 0 0 0 0 0 0 0 0 0 0 0 0 0 0 0 0 0 0 0 0 0 0 0 0 0 0 0 0 0 0 0 0 
0 0 0 0 0 0 0 0 0 0 0 0 0 0 0 0 0 0 0 0 0 0 0 0 0 0 0 0 0 0 0 0 0 0 0 0 0 0 0 0 0 0 0 0 0 1 0 0 0 0 0 0 0 1 0 5 45 109 465 962 1732 2956 4594 6305 6322 6308 5797 5657 4089 2956 1886 1160 620 414 257 247 212 228 200 209 207 188 190 192 199 204 181 184 175 181 144 159 127 108 126 116 108 111 115 122 112 101 101 101 108 97 102 96 111 100 100 97 100 100 97 96 109 123 82 100 84 67 109 65 91 87 96 85 73 94 77 89 92 86 71 94 106 75 101 83 100 106 73 90 94 89 84 97 85 75 89 85 96 81 89 90 78 102 117 102 126 112 77 94 139 260 361 456 759 875 985 1333 1408 1314 1561 1573 1491 1263 1094 1606 2951 4934 8018 8446 5236 4306 2798 3071 5813 6488 3979 2122 928 374 211 219 186 171 146 174 176 270 624 1101 1327 1141 1544 2659 3597 3110 2611 3616 5703 29965 69586 1008 787 321 22 1 0 0 0 0 0 0 0 0 0 0 0 0 0 0 0 0 0 0 0 0 0 0 0 0 0 0 0 0 0 0 0 0 0 0 0 0 


0 0 0 0 0 0 1 2 0 6 6 5 8 5 9 9 8 15 18 15 15 12 19 18 21 27 22 21 23 27 19 30 35 34 28 34 33 48 64 133 199 264 269 297 369 444 345 277 328 470 474 538 793 1191 1797 2546 3379 4405 4681 4895 4403 3850 2854 2070 1485 1194 914 862 760 628 673 644 448 353 226 229 217 195 239 211 232 211 261 260 276 277 331 345 406 435 552 642 759 860 961 1202 1358 1601 2102 2360 2662 2586 2434 2302 2499 2766 3116 3384 3456 3588 3356 3322 3672 4172 4536 5027 5643 5827 5791 5226 4949 4867 5585 6389 6984 7417 7325 7786 8444 8705 9340 9070 8723 8262 8037 7303 6939 6987 7242 7310 7758 7673 7302 6803 6646 7306 8333 9044 9250 9545 8965 8358 8095 8241 8605 8787 9153 9605 9832 9706 9873 9523 9247 9693 9715 10310 10645 10374 9437 9335 9852 10695 11297 11067 9789 8220 6603 5662 5379 5149 4718 4179 3662 3244 2917 2703 2711 3048 3205 3105 2970 2850 2546 2343 2131 1924 1893 1555 1211 918 865 728 753 642 632 637 686 689 735 651 651 575 542 530 517 535 555 562 534 483 557 464 581 599 638 527 610 652 673 622 558 646 617 570 487 471 466 701 664 604 630 523 479 604 556 429 438 406 344 317 316 262 349 495 1279 4932 
0 0 0 0 0 0 0 0 0 0 0 2 5 1 8 10 5 11 16 12 21 14 16 16 16 16 24 19 21 25 27 24 14 33 21 21 95 146 206 268 261 246 268 376 382 371 335 255 259 208 194 266 271 394 437 573 1009 1285 1386 1184 885 708 553 624 539 624 620 451 249 182 143 168 150 145 167 161 165 155 145 169 161 192 166 167 185 196 196 218 202 253 244 273 257 278 313 296 289 319 322 378 422 410 452 511 511 600 567 710 786 959 1110 1440 1844 2237 2727 3118 3441 3426 3451 3549 4027 4769 5384 5196 5185 4998 4815 5122 6538 6474 6746 6815 6986 6526 5979 6092 6806 7847 8434 9246 9161 8558 7935 7836 8793 9928 10573 10799 11006 10688 9376 8873 9456 9859 10565 11014 10923 10803 10522 10326 9647 9789 10661 10767 10972 11071 10172 8831 8314 8635 9729 11050 11818 12476 11426 10388 9907 10612 11952 11868 11397 9939 7457 6162 5287 5193 5540 5537 5714 5544 4940 4816 3726 3239 3335 3457 3382 3295 3296 2869 2375 2099 2262 2206 2015 1948 1379 849 717 737 750 768 709 683 653 608 578 665 689 692 652 637 540 514 572 661 763 719 627 528 515 504 520 521 409 340 258 283 264 258 238 233 251 302 292 334 326 340 334 327 364 363 364 469 1659 815 
0 0 0 0 0 0 0 0 0 0 0 0 0 0 0 0 0 3 1 6 6 2 3 5 7 9 12 11 17 19 21 18 18 18 64 78 66 75 122 88 86 102 134 178 245 263 310 291 352 364 315 291 265 266 326 391 432 771 1053 1362 1125 954 822 812 703 640 769 607 409 357 254 244 168 167 154 160 144 166 149 158 137 151 167 154 185 185 153 177 173 193 185 225 216 255 233 290 255 281 284 296 295 321 301 327 318 331 344 338 335 369 412 410 452 422 511 647 787 944 1069 1373 1530 1651 1838 2187 2720 3062 3561 3771 4257 4372 4429 4154 4088 4192 4706 5103 5248 5650 5787 5551 5639 5839 6361 7149 8070 8968 8953 8628 8447 8390 9034 9722 10474 10957 10904 10390 10081 9328 8705 8458 8966 9256 9112 8705 8640 8023 7860 8164 8961 9892 10006 10047 9319 8405 7775 8235 9326 10254 11622 11765 11657 11333 11310 11726 12539 13186 12793 11702 10160 8575 6690 5866 5547 5819 6425 6524 6637 5978 5413 5122 5077 5033 4638 4628 4650 4237 3511 3617 3962 4185 4130 3914 3286 2712 2556 2369 2132 2061 1788 1288 882 629 554 559 641 798 741 650 598 525 481 498 458 508 496 433 352 255 288 259 237 286 269 282 274 300 373 360 336 329 340 341 333 418 454 1990 


