1
0 0 0 0 0 0 0 0 0 0 0 0 0 0 0 0 0 0 0 0 0 0 0 0 0 0 0 0 0 0 0 0 0 0 0 0 0 0 0 0 0 0 1 0 10 68 423 1439 3397 5447 6872 7409 5764 5289 4711 4554 4073 3283 2086 1438 955 642 452 413 401 404 385 392 387 393 371 410 378 399 395 386 355 351 336 323 372 339 347 333 319 323 306 304 316 315 317 307 294 316 329 308 331 338 324 344 362 352 357 335 346 369 356 370 366 370 393 390 437 451 537 623 924 1326 1648 1762 1919 2208 2569 2829 3477 4338 5324 6494 7465 7063 5495 4731 5184 5721 6368 6239 3987 2536 1397 800 533 314 197 189 190 177 201 181 165 174 175 191 169 268 559 941 984 1265 1721 1840 2930 4455 4038 3563 4613 6929 69731 49993 2935 724 590 353 117 39 33 31 42 71 78 158 189 191 135 107 91 97 59 34 14 11 2 0 0 0 0 0 0 0 0 0 0 0 0 0 0 0 0 0 0 0 0 0 0 0 0 0 0 0 0 0 0 0 0 0 0 0 0 0 0 0 0 0 0 0 0 0 0 0 0 0 0 0 0 0 0 0 0 0 0 0 0 0 0 0 0 0 
0 0 0 0 0 0 0 0 0 0 0 0 0 0 0 0 0 0 0 0 0 0 0 0 0 0 0 0 0 0 0 0 0 0 0 0 0 0 0 0 0 0 0 0 0 0 0 4 7 71 335 1432 2851 4412 5787 6901 6058 5407 5028 4676 4116 3656 2850 1773 1327 867 474 376 388 351 377 375 360 355 369 375 394 371 355 377 378 373 382 367 370 348 307 306 307 282 285 296 264 284 292 304 295 318 314 275 299 304 287 314 300 288 293 284 283 315 295 300 330 325 295 343 328 349 336 365 340 361 375 395 392 350 359 403 330 321 295 270 254 230 218 196 156 160 202 131 126 124 141 115 101 105 94 101 152 271 567 936 1153 1172 1341 1547 1824 1995 1883 2332 3001 4057 5702 7725 6806 5557 5028 3719 3930 5442 6683 6980 4407 2583 1066 568 313 225 205 166 177 159 136 132 141 160 193 251 373 515 788 1102 1163 1838 1757 2465 3463 4212 4018 2809 4880 9959 61799 47676 9119 981 475 114 8 0 0 0 0 0 0 0 0 0 0 0 0 0 0 0 0 0 0 0 0 0 0 0 0 0 0 0 0 0 0 0 0 0 0 0 0 0 0 0 0 0 0 0 0 0 0 0 
0 0 0 0 0 0 0 0 0 0 0 0 0 0 0 0 0 0 0 0 0 0 0 0 0 0 0 0 0 0 0 0 0 0 0 0 0 0 0 0 0 0 0 0 0 0 0 0 0 8 40 209 787 2079 3393 4625 5920 6379 5204 5133 4690 4467 3958 3730 2756 1751 1164 891 577 388 362 348 351 351 361 335 337 353 358 348 363 363 361 371 331 405 362 343 331 346 291 312 265 274 279 282 262 290 273 270 285 277 258 274 273 282 289 291 281 283 261 301 249 317 294 273 319 287 276 306 290 309 336 328 333 328 391 383 387 406 329 367 346 348 316 333 276 223 227 200 210 175 166 125 132 95 74 79 75 73 80 70 77 55 58 47 55 51 49 77 58 53 72 51 44 39 63 68 136 323 886 1098 1083 1016 1261 1473 1967 1811 1832 1437 1701 2975 4384 9710 8149 6253 4852 3779 3265 5095 9418 7386 4388 2576 1160 538 378 369 270 228 231 260 359 734 977 887 1226 2025 2277 3980 4537 3963 2973 5058 10848 103240 12943 864 910 315 43 1 1 0 0 0 0 0 0 0 0 0 0 0 0 0 0 0 0 0 0 0 0 0 0 0 0 0 0 0 0 0 0 0 0 0 


0 1 1 0 0 3 3 2 1 6 8 6 4 3 3 8 6 12 10 27 30 46 38 48 51 40 44 46 41 43 27 32 40 42 58 88 129 165 276 500 724 879 956 1145 1207 1319 1493 1409 1109 998 1009 1108 1049 950 875 727 672 559 417 210 139 67 52 62 56 42 57 59 60 56 62 49 52 59 54 93 148 145 156 236 274 297 399 465 664 931 1163 1422 1509 1624 1968 2391 2707 3365 3597 3535 3403 3526 3749 3972 4388 4907 4874 4789 4367 4154 4557 5002 5799 6044 6413 6172 5766 5864 6029 6253 6412 6661 6635 6337 6303 6085 6472 6401 6191 6030 6030 5831 5737 5058 5219 5582 5205 5252 5342 5090 4849 4494 4699 5258 5603 5405 5105 4762 4379 4297 4801 5248 5774 6334 6222 5875 5387 5523 5844 6056 6893 7219 7534 8103 7742 7443 7717 8480 9713 10214 10535 10350 9410 9612 9737 10208 9629 8819 7608 6460 5265 5142 5612 5831 5567 5288 5121 4331 3721 3712 4047 4311 3979 4205 3706 3313 2760 2361 2291 2115 2082 2198 1845 1572 1183 1073 866 714 692 635 514 444 398 361 321 320 329 311 272 288 296 334 342 329 286 330 313 364 366 322 256 218 189 192 195 178 222 226 211 205 186 229 245 234 237 277 298 248 263 285 265 259 354 406 440 378 404 493 1584 10206 
0 0 0 0 0 1 0 1 1 1 4 4 5 3 2 2 6 6 2 2 5 11 4 19 22 23 32 33 44 41 40 40 55 42 48 64 81 95 127 164 314 373 621 844 1211 1455 1509 1507 1497 1181 1077 1106 1063 1178 1187 951 811 683 425 306 181 113 69 60 62 49 52 62 41 52 63 57 53 62 37 48 49 54 69 45 74 73 90 144 140 175 178 187 245 267 315 362 348 346 389 394 471 605 831 1228 1460 1778 2051 2083 2475 3033 3922 4679 4782 4859 4692 4264 4661 5313 5971 6281 6257 6076 5595 5634 5733 5944 6829 6913 6966 6895 6485 6096 6532 7085 7756 7772 7480 6998 6141 5400 5143 5499 5709 5817 5624 5106 4553 4025 3808 4111 4454 4980 5172 5473 5185 4591 4475 4939 5151 5638 5457 5381 5311 5073 4876 5455 6433 6497 6882 6658 6206 5883 6036 6831 7796 8909 8446 8423 7843 7428 7673 9325 11320 12031 11964 11335 9168 7603 7134 7167 7137 7150 6965 6703 5929 5411 4568 4242 4547 4989 5406 5127 4331 3550 2993 2835 2651 2434 2321 2472 2389 2107 1430 1208 1018 772 525 303 212 187 234 237 239 226 175 169 239 283 342 282 313 258 245 248 267 312 343 325 290 263 272 251 232 242 224 228 315 383 385 411 372 317 363 449 482 499 501 633 5471 1132 
0 0 0 0 0 0 0 0 0 0 0 0 0 0 2 4 1 3 0 2 3 2 3 2 6 8 6 6 9 14 12 24 23 29 34 36 34 44 60 53 83 111 192 225 333 568 667 658 799 969 1374 1696 1922 1813 1432 1220 1025 898 871 1034 785 651 340 210 123 101 79 52 58 55 70 51 52 54 46 56 52 61 50 56 48 54 59 58 67 81 72 115 162 173 194 198 230 260 276 305 292 261 239 252 274 329 325 362 394 501 621 732 956 1184 1553 1818 2422 3229 4088 5074 4954 4950 4871 4828 5433 6030 6286 6366 5899 5526 5834 6244 6626 6987 7220 7110 7013 6434 6334 6752 7649 7929 7864 7626 7211 6225 5665 5552 5861 5886 5380 4980 4591 4312 4037 4083 4131 4260 4721 4552 4842 4670 4520 4663 5160 5356 5555 5750 5136 4832 4883 4821 5320 6010 6620 6305 6075 5643 5477 6430 7184 7782 8902 8756 7948 7557 7664 8293 9664 10305 11280 10988 10768 9839 8887 8188 8116 7962 7356 6432 5424 5003 4672 4854 5190 5667 5312 4662 4140 3298 3392 3518 3599 2999 2736 2393 2077 2025 2107 2182 1956 2062 1668 1472 1438 1196 718 487 395 319 319 280 272 310 336 340 339 299 239 228 243 241 233 194 186 197 272 356 392 436 380 334 404 442 424 334 389 509 725 6386 


