1
0 0 0 0 0 0 0 0 0 0 0 0 0 0 0 0 0 0 0 0 0 0 0 0 0 0 0 0 0 0 0 0 0 0 0 0 0 0 0 1 0 1 2 0 3 2 1 1 4 6 8 14 37 53 69 91 96 216 333 490 463 512 601 646 491 629 854 1761 2748 4358 5527 6575 6709 6968 6659 5513 4161 2785 1785 1161 806 601 501 441 359 355 346 340 330 345 344 318 341 360 363 361 369 349 359 367 398 349 350 351 317 360 339 335 325 304 302 304 280 292 302 292 340 348 526 738 987 1478 1987 2543 3406 4686 5293 6626 7589 7126 6082 4269 3592 3683 4294 4589 4811 5546 4197 3096 1863 1221 869 844 709 765 584 503 349 319 313 312 312 324 412 562 864 947 768 1046 1847 2385 3372 4073 4413 3710 4390 7720 63269 64337 6755 684 320 204 160 114 89 98 73 68 62 75 74 82 68 72 40 59 49 38 50 36 30 27 18 9 8 13 10 6 9 6 5 2 2 4 2 2 1 0 0 0 0 0 0 0 0 0 0 0 0 0 0 0 0 0 0 0 0 0 0 0 0 0 0 0 0 0 0 0 0 0 0 0 0 0 0 0 0 0 0 0 0 0 0 0 
0 0 0 0 0 0 0 0 0 0 0 0 0 0 0 0 0 0 0 0 0 0 0 0 0 0 0 0 0 0 0 0 0 0 0 0 0 0 0 0 0 0 0 1 0 1 1 1 3 2 1 1 2 3 5 12 13 40 54 72 78 127 208 390 581 592 674 597 485 554 1048 1964 3645 5837 7166 7941 8047 7757 6271 4213 2347 1188 805 532 422 355 333 344 311 351 332 323 313 323 326 312 317 319 340 338 359 363 333 341 354 366 340 346 337 357 315 325 337 321 300 284 264 250 229 225 257 246 246 247 267 256 276 273 293 298 278 304 284 293 243 230 266 246 239 249 239 239 260 224 218 234 230 218 224 240 256 260 314 365 576 750 1080 1507 1813 2295 2807 3659 4964 5913 8452 7059 6519 3984 2779 2751 2664 4166 5582 6424 5076 3821 2208 1125 873 684 656 496 391 267 229 190 210 216 250 267 362 674 733 612 561 977 1776 2641 3116 3149 4416 3137 4704 5828 24064 80255 29936 2232 252 135 63 31 13 1 0 0 0 0 0 0 0 0 0 0 0 0 0 0 0 0 0 0 0 0 0 0 0 0 0 0 0 0 0 0 0 0 0 0 0 0 0 0 0 0 0 0 
0 0 0 0 0 0 0 0 0 0 0 0 0 0 0 0 0 0 0 0 0 0 0 0 0 0 0 0 0 0 0 0 0 0 0 0 0 0 0 0 0 0 0 0 1 0 0 2 0 2 2 2 2 1 1 6 6 13 18 38 59 71 80 121 157 255 515 508 585 679 705 840 1829 3245 5254 7140 8097 8432 7944 6852 4302 2457 1282 815 535 381 334 307 317 311 312 331 304 320 335 297 327 294 307 303 313 311 326 321 338 346 328 323 341 334 362 370 351 329 327 354 325 315 316 337 243 274 237 244 240 261 266 240 261 291 267 276 256 293 264 271 249 229 235 225 248 236 234 253 238 216 212 214 192 192 176 221 186 187 200 168 174 189 188 200 209 188 162 160 167 151 140 136 147 138 123 225 298 318 414 568 828 1256 1680 1883 2232 2360 2624 4026 6182 10166 8402 5894 3598 2558 2490 3146 6422 8492 5334 3973 2071 1206 687 538 675 574 400 260 424 723 585 558 667 1960 2718 3377 3864 3979 3305 4592 4375 26990 106252 3952 347 226 114 63 23 5 1 0 0 0 0 0 0 0 0 0 0 0 0 0 0 0 0 0 0 0 0 0 0 0 0 0 0 0 0 0 


0 0 0 0 0 0 0 0 0 0 0 0 0 0 0 0 0 0 0 0 0 0 0 0 0 0 0 0 2 10 33 77 133 257 284 398 492 552 763 883 856 911 809 828 724 733 779 760 937 900 937 944 919 1083 1130 1398 1516 1497 1413 1202 912 722 510 332 203 125 90 77 56 59 58 53 66 65 64 56 68 118 183 300 455 880 1316 1860 2129 2512 3211 3978 3847 3785 4010 4610 5034 4822 4909 4686 4937 5505 5232 5166 4789 4496 4529 4729 4421 4195 4483 4703 4780 4933 4515 4425 4444 5001 5333 5623 5692 5685 5453 5445 4971 4006 3608 3144 3136 3124 3023 2961 2788 2816 2992 3303 3278 3401 3134 3122 3204 3348 3384 3159 3030 3246 3284 3141 2848 2915 3041 3470 4070 4034 3619 3424 3335 3952 3941 3975 3742 3706 4371 5077 5506 4956 4596 4808 5289 5154 5170 4802 4873 5056 5375 5203 5067 5185 5390 5859 6203 6414 6007 5600 5474 5413 5549 5515 5229 4841 5249 5355 5796 5967 6480 7372 7767 8089 8842 9258 9798 9561 9130 8974 8459 7858 7547 6808 5756 5360 4717 3972 3043 2613 1954 1519 1161 876 618 537 529 445 380 316 297 227 214 165 145 182 145 139 133 117 104 108 107 89 102 108 136 152 116 95 101 122 130 110 106 98 117 106 111 110 122 130 120 117 498 1276 
0 0 0 0 0 0 0 0 0 0 0 0 0 0 0 0 0 0 0 0 0 0 0 0 0 0 0 0 0 0 0 0 0 1 4 23 66 139 390 463 559 713 1009 1373 1240 1212 1221 1241 1419 1447 1358 1376 1537 1732 1571 1491 1568 1383 967 595 322 231 108 74 68 56 60 63 60 51 66 51 57 53 47 56 59 49 63 59 51 61 49 52 61 67 61 66 73 76 104 156 368 581 812 1411 2260 2831 2923 3378 3826 4098 4566 4822 4817 4541 4820 5667 5568 4941 4630 4616 5082 5251 5098 4544 4330 4570 5234 5739 5433 4507 4370 4708 5521 6120 5817 5534 5607 5677 5957 5755 4949 4314 3860 3794 3496 3273 2931 2680 2943 3168 3476 3345 2932 3036 3349 3808 3449 3121 2629 2598 3042 3303 3423 3346 3091 3393 4155 4870 4256 3769 3811 4555 5108 5227 5066 5026 5447 6053 6003 5653 5392 5460 6127 6466 5999 5974 5396 5202 6005 6507 6960 6845 6088 6509 7474 7434 7237 6865 7381 8953 9507 9007 8467 9041 10431 11590 11244 9671 8842 9278 9464 8433 6922 6369 6063 5581 4617 3411 2707 2358 1782 1267 834 521 397 308 216 202 182 170 152 123 125 124 144 163 191 176 160 161 215 168 81 88 74 59 64 48 41 50 71 68 70 63 20 11 6 11 3 4 18 21 994 224 
0 0 0 0 0 0 0 0 0 0 0 0 0 0 0 0 0 0 0 0 0 0 0 0 0 0 0 0 0 0 0 0 0 0 0 0 0 0 0 1 4 50 146 193 405 664 857 1051 1004 1109 1277 1299 1274 1398 1441 1833 1764 1937 1775 1609 1581 1289 984 738 441 298 161 107 79 76 62 52 56 55 76 58 52 53 63 59 55 41 55 55 63 56 57 51 61 51 50 53 62 66 59 55 67 71 81 142 249 341 525 969 1566 2311 2706 2931 3333 3469 4024 4329 4190 4181 4294 4653 5206 5225 4886 4668 5273 6118 6121 5999 5477 5111 4982 5175 5301 5310 5162 4862 4647 5086 5643 6018 5560 5409 5431 5495 5148 4679 4128 3732 3631 3454 3415 3487 3176 3196 3321 3472 3469 3134 2994 3204 3463 3217 2891 2931 3014 3165 3139 3092 3229 3516 3881 4208 3991 3921 3962 4509 4857 4998 4891 5061 5212 5200 5549 6051 6066 5757 5850 6145 6511 7401 7786 7620 8274 8852 9708 9349 8721 8618 8755 9640 10246 9945 9486 9785 10322 11520 11164 10323 9933 10119 9794 8454 7685 6774 6307 5893 5044 3620 2695 2171 1831 1299 878 548 395 314 331 383 344 352 273 206 169 175 151 150 144 148 119 111 146 143 138 145 141 90 71 50 58 64 76 80 86 75 26 20 11 10 16 1247 


