1
0 0 0 0 0 0 0 0 0 0 0 0 0 0 0 0 0 0 0 0 0 0 0 0 0 0 0 0 0 0 0 0 0 0 0 0 0 0 0 0 0 0 0 0 0 0 0 0 1 0 0 1 0 0 3 6 10 14 14 45 78 138 244 306 665 1301 2476 4291 6644 8779 9660 9534 8207 6554 4472 2441 1289 617 419 313 314 306 309 325 326 304 312 306 294 316 347 335 327 320 353 358 316 368 362 323 341 364 336 361 379 374 414 400 412 472 459 596 761 1051 1267 1576 1977 2517 3354 4252 5668 7159 7609 7941 5989 4421 2769 2721 2958 2626 3264 4119 4633 4392 3146 1795 1116 797 676 538 468 394 357 322 233 312 298 578 680 536 428 497 815 1662 2097 3265 3194 3679 3337 3360 6124 24346 46641 14484 2850 682 90 40 22 17 7 2 0 0 0 0 0 0 0 0 0 0 0 0 0 0 0 0 0 0 0 0 0 0 0 0 0 0 0 0 0 0 0 0 0 0 0 0 0 0 0 0 0 0 0 0 0 0 0 0 0 0 0 0 0 0 0 0 0 0 0 0 0 0 0 0 0 0 0 0 0 0 0 0 0 0 0 0 0 0 0 0 0 0 0 0 
0 0 0 0 0 0 0 0 0 0 0 0 0 0 0 0 0 0 0 0 0 0 0 0 0 0 0 0 0 0 0 0 0 0 0 0 0 0 0 0 0 0 0 0 0 0 0 0 0 0 0 0 0 1 1 0 1 2 6 8 8 14 34 93 253 322 513 774 1085 1622 2865 5147 7703 10900 12494 10395 7092 3886 1443 710 410 312 283 290 285 289 332 303 317 278 285 319 296 294 294 316 319 327 317 332 308 328 341 317 319 334 336 338 378 353 371 345 351 349 364 340 367 385 370 412 403 397 367 393 395 410 396 440 404 415 476 472 463 430 421 435 451 481 476 461 455 451 372 432 475 597 770 973 1175 1377 1586 1879 2198 2800 4288 5439 6183 9225 7203 5529 3065 2058 1958 1760 2485 3020 4282 4442 3487 2459 1049 554 226 120 71 72 88 87 79 96 150 364 443 397 338 352 464 909 1825 2346 2597 4089 3154 3121 3530 6837 25555 48582 11635 1857 195 45 24 14 9 1 0 0 0 0 0 0 0 0 0 0 0 0 0 0 0 0 0 0 0 0 0 0 0 0 0 0 0 0 0 0 0 0 0 0 0 0 0 0 0 0 0 0 0 0 0 0 0 0 0 0 
0 0 0 0 0 0 0 0 0 0 0 0 0 0 0 0 0 0 0 0 0 0 0 0 0 0 0 0 0 0 0 0 0 0 0 0 0 0 0 0 0 0 0 0 0 0 0 0 0 0 0 0 0 0 0 2 0 0 1 6 3 7 13 13 66 182 228 351 523 770 1063 1647 2824 5791 9263 12608 12946 9991 5495 2273 898 422 304 301 262 271 270 283 276 303 279 276 282 300 299 315 306 281 280 303 312 279 317 314 293 315 328 328 301 328 358 351 323 336 351 333 350 329 348 368 390 374 363 402 367 369 382 363 377 368 369 390 400 453 422 405 410 405 463 428 440 429 371 413 350 345 335 315 271 284 268 251 245 264 262 265 286 302 237 217 219 194 180 229 368 427 745 961 1112 1268 1506 1908 2023 2617 3451 4394 8364 10105 6848 4225 2959 1759 1315 1932 3210 5132 4997 3991 2595 1059 464 149 135 212 490 447 362 361 392 567 1897 2562 2401 4426 3441 2098 3137 4267 9531 59889 20061 2075 113 47 29 15 10 0 0 0 0 0 0 0 0 0 0 0 0 0 0 0 0 0 0 0 0 0 0 0 0 0 0 0 0 0 0 0 0 0 0 0 0 0 0 0 


0 0 0 0 0 0 0 0 0 0 0 0 0 1 8 8 16 12 16 19 16 18 24 20 10 15 21 13 18 13 18 28 78 224 602 1348 1864 2277 2662 3152 3630 3650 3708 4107 4158 3861 3568 3561 3738 4049 4176 4346 4124 3929 3164 2617 2132 1779 1464 1101 1013 1038 1075 1253 1335 1282 841 683 817 846 970 986 894 859 968 961 973 879 732 878 939 1229 1417 1591 2065 2412 2578 2585 2435 2126 2223 2410 2785 3405 3400 3312 3199 3207 3450 3898 4254 4867 4349 4134 3650 3377 3560 3907 4139 4213 4007 3656 3613 3869 4074 4054 3828 3281 3091 3124 3531 4194 4903 5113 4932 3724 3232 3165 3460 3013 2563 2675 2485 2189 1953 1867 1950 1855 1726 1547 1471 1510 1616 1702 1700 1931 2163 2272 2285 2152 2376 2465 2350 2532 2697 2590 2552 2535 2514 2785 3045 3023 2816 2764 2941 3024 3025 3418 3634 3902 4027 4362 4224 4358 4722 5203 5826 6104 6274 6201 6413 7216 8429 9657 10718 11888 12628 12934 13658 15119 17595 19825 19576 17450 15765 14504 14051 12717 10449 8188 6136 4787 4045 3180 2197 1380 855 580 393 299 217 165 141 102 58 75 45 62 65 67 53 43 51 53 63 52 64 49 62 74 64 57 67 59 76 70 65 94 88 114 94 97 97 96 110 111 131 136 155 227 204 302 386 651 1159 4710 
0 0 0 0 0 0 0 0 0 0 0 0 0 0 1 3 2 4 1 4 3 1 1 1 2 2 3 5 9 3 5 3 6 4 3 6 13 11 10 20 10 14 18 16 31 46 41 88 241 464 652 765 886 961 1038 1216 1312 1174 984 921 1057 1229 1546 1846 1845 1550 1149 1018 1079 1160 928 536 274 172 126 102 102 109 116 102 104 124 152 168 180 195 234 262 320 406 574 760 977 1221 1233 1383 1806 2349 2712 3400 4101 4384 4112 3807 3858 4179 4409 4802 4810 4714 4590 5176 5722 6357 7467 7974 7789 7143 6610 6319 6737 7120 7353 7164 6611 6001 5626 5780 6680 6875 6619 6164 5338 4586 4304 4627 5278 5607 5661 5349 4197 3151 2373 2179 2233 2152 1949 1770 1769 1634 1903 2040 2164 2284 2242 2220 2055 2116 2409 2717 2759 2615 2594 2363 2325 2484 2746 3151 3419 3682 3654 3438 3324 3442 3982 4096 4390 4648 4757 4598 4837 5595 7041 7859 8938 9918 10022 10255 11810 14464 17877 22130 21435 18833 16793 16200 17378 16283 15093 11930 9521 8162 7389 6184 4756 3325 2223 1277 892 775 646 463 307 208 127 110 103 109 109 109 98 101 110 113 122 108 121 144 145 114 112 131 114 124 117 111 87 87 123 80 96 104 99 135 119 126 123 139 134 141 152 171 191 250 2474 1501 
0 0 0 0 0 0 0 0 0 0 0 0 0 0 0 0 0 0 2 2 4 2 2 4 2 1 2 1 2 2 7 3 7 5 5 2 7 2 5 6 10 12 17 14 22 20 32 36 43 76 236 379 561 638 730 907 1211 1266 1209 1168 1170 1423 1551 1409 1463 1235 1080 1049 1095 1246 1133 891 680 451 355 348 308 181 156 139 128 104 97 110 103 98 134 113 145 144 166 145 143 187 243 296 450 670 776 790 657 599 716 942 1105 1322 1482 1790 1924 1979 2304 2785 3397 3595 3198 3044 3066 3424 4067 4937 5686 6060 6231 5948 5629 5497 5849 5852 5816 5994 5786 5668 5280 5833 6354 6647 6728 6548 5550 4738 4480 4455 4702 4399 4513 5048 4566 3924 3764 3696 3312 3348 3581 3393 3292 3378 3327 3536 3711 3984 4100 3884 3570 2885 2773 2821 3132 3230 3233 3349 3180 2961 2801 3147 3443 4037 4857 5588 5633 5591 6047 6555 6845 6547 5605 4988 5240 5802 6820 7931 9863 10304 10779 11497 13555 16171 19026 19766 18804 17294 17041 17215 17299 15876 13783 10839 8354 7986 7528 6480 5250 3986 2799 2032 1524 1220 978 690 528 344 241 157 126 117 135 139 152 121 101 112 129 112 122 121 92 92 64 100 104 105 105 126 113 118 100 129 127 143 119 132 159 161 179 198 321 3559 


