1
0 0 0 0 0 0 0 0 0 0 0 0 0 0 0 0 0 0 0 0 0 0 0 0 0 0 0 0 0 0 0 0 0 0 0 0 0 0 0 1 1 12 160 943 1932 2828 3724 4292 4922 6277 6587 6642 6748 7975 8328 7591 5129 3263 1667 885 634 527 516 548 528 518 502 521 542 536 520 525 494 559 589 601 591 553 582 570 586 591 593 656 689 636 672 662 635 654 659 706 749 716 677 693 693 723 625 588 627 629 592 572 535 581 482 517 505 462 459 466 544 678 690 727 792 890 1001 1126 1466 1777 2035 2289 2751 2994 3216 4028 5021 5691 7275 7716 7689 6958 4838 3605 2621 2566 2502 2906 2975 3182 2556 2108 1584 1150 965 639 405 293 211 201 186 166 126 133 92 98 143 192 451 812 1255 1767 1732 2101 3428 3180 2301 2629 3271 10333 32263 24350 11036 3516 1340 481 266 257 188 121 43 19 3 1 0 0 0 0 0 0 0 0 0 0 0 0 0 0 0 0 0 0 0 0 0 0 0 0 0 0 0 0 0 0 0 0 0 0 0 0 0 0 0 0 0 0 0 0 0 0 0 0 0 0 0 0 0 0 0 0 0 0 0 0 0 0 0 0 0 0 0 0 0 0 
0 0 0 0 0 0 0 0 0 0 0 0 0 0 0 0 0 0 0 0 0 0 0 0 0 0 0 0 0 0 0 0 0 0 0 0 0 0 0 0 0 0 1 0 0 8 109 458 1306 2000 2487 2842 3317 4104 4930 6150 6453 6791 7236 7933 7173 5902 4439 3223 1902 1013 672 520 496 476 483 481 478 498 479 463 489 476 492 533 544 547 463 508 504 512 507 512 541 557 558 584 633 602 594 591 594 612 674 646 679 666 656 653 643 649 564 540 555 549 548 444 434 450 396 443 437 381 388 402 385 419 365 379 375 352 313 343 333 286 285 268 271 252 236 233 202 239 190 209 190 213 226 285 344 507 589 581 631 805 893 920 902 894 1249 1273 1420 1767 2112 2297 2307 2366 2547 2528 3227 4420 7157 8061 8183 7434 4827 3643 2114 1791 1725 1989 3010 3186 2858 2289 1498 1521 907 580 281 200 168 135 130 132 141 106 121 139 163 250 545 826 1223 1679 1713 1898 3189 2709 2117 2086 2924 4967 17440 32111 21715 6302 1923 625 279 231 127 53 10 1 1 0 0 0 0 0 0 0 0 0 0 0 0 0 0 0 0 0 0 0 0 0 0 0 0 0 0 0 0 0 0 0 0 0 0 0 
0 0 0 0 0 0 0 0 0 0 0 0 0 0 0 0 0 0 0 0 0 0 0 0 0 0 0 0 0 0 0 0 0 0 0 0 0 0 0 0 0 0 0 1 0 0 2 31 170 585 1219 1818 2523 2640 2939 3398 4318 5775 6104 6262 6369 6726 6525 6488 4646 3684 2677 2199 1452 1188 744 566 521 479 461 457 439 470 449 502 444 480 498 454 462 470 465 451 462 458 485 472 490 488 496 503 547 559 575 582 589 572 556 591 617 639 647 659 621 602 577 604 537 569 502 480 466 443 368 376 408 405 389 395 362 381 381 377 353 394 350 373 333 334 272 296 286 267 279 312 270 262 238 223 218 232 266 215 219 238 237 262 243 312 334 358 470 420 338 320 300 298 311 340 477 464 386 331 306 382 424 566 530 681 907 1014 1208 1582 1861 1677 2055 2425 2245 1977 1605 2217 4086 8199 10126 9189 7070 4416 3027 1922 1337 1746 2445 4410 3135 2324 2097 1378 1052 655 295 230 180 159 212 376 789 1072 1382 2227 1787 3676 2676 2253 2216 2944 4609 20996 33664 20008 3979 1289 342 272 196 91 19 6 0 1 0 0 0 0 0 0 0 0 0 0 0 0 0 0 0 0 0 0 0 0 0 0 


0 0 0 0 0 0 0 0 0 0 1 0 0 3 4 7 4 6 7 5 15 5 8 6 9 16 8 13 15 19 27 26 16 12 13 17 8 17 17 25 46 120 189 303 429 618 786 935 1019 1343 1359 1554 1489 1499 1452 1350 1220 1418 1454 1498 1499 1346 1404 1714 1815 1898 1714 1613 1434 1459 1496 1459 1411 1342 1304 1207 1152 1141 1072 1153 998 1006 995 998 1025 980 899 904 1014 1104 1268 1504 1841 2293 2636 2804 2938 2981 3232 3320 3588 3640 4205 5147 6166 7501 9242 10455 12496 13017 13132 12647 12245 11917 12057 11958 11242 10124 9166 8557 7388 6513 5838 5364 5244 4950 4976 5452 5767 5756 5631 5516 4849 4722 4305 3924 3985 3895 4197 4301 4674 5033 5312 5818 5895 5608 5647 5340 5193 5192 5439 5633 5814 5499 5320 5216 5247 5073 4865 5093 5025 4741 4837 4964 5022 4618 4418 4134 4003 4144 3755 3393 2864 2900 3343 3811 3736 3725 3965 4466 4626 5019 5119 4723 4452 4276 4053 4515 4707 5228 5378 4985 4746 4088 3463 3047 2842 2648 2237 1727 1248 1002 993 938 874 717 594 593 602 654 680 708 692 625 577 621 595 541 554 588 555 490 452 378 379 358 399 354 329 363 339 379 371 350 345 347 365 364 368 398 444 432 414 410 430 375 386 419 407 407 438 476 510 692 1616 3119 
0 0 0 0 0 0 0 0 0 0 0 0 0 0 0 0 0 2 1 6 8 8 7 13 12 5 12 9 9 13 14 9 14 13 16 14 12 19 12 14 18 43 118 160 220 252 266 445 570 832 762 728 494 436 352 375 328 368 452 459 405 358 353 376 367 458 552 679 747 804 899 913 916 1056 913 780 625 529 600 646 670 718 703 753 662 569 510 553 529 609 637 663 740 709 677 699 640 738 673 755 711 823 973 1133 1337 1698 2169 2693 3223 3731 4037 4342 5294 6874 9079 10597 12295 13088 13809 14088 13583 12708 11195 9574 8619 8318 8685 9118 10303 9108 8776 8739 8741 8419 7403 6207 5895 6031 6372 6302 5806 5258 4956 4623 4330 3994 3641 3361 3495 3815 4201 4756 5143 5580 5728 5626 5632 5604 5279 5008 4792 5242 5761 6423 7048 7284 7326 7600 7617 7129 6244 5505 5103 5243 5285 4990 5018 5391 5103 5174 5307 5250 4686 4234 4280 4906 5796 6037 6010 6067 6138 7100 6861 5860 4656 4353 4830 4778 4582 3968 3325 3149 2563 2355 1843 1420 951 702 595 700 636 630 569 501 487 485 573 631 671 605 623 522 496 495 501 460 445 447 439 407 450 396 423 381 358 382 349 329 335 339 370 337 324 338 310 270 296 261 351 352 353 294 244 287 647 558 
0 0 0 0 0 0 0 0 0 0 0 0 0 0 0 0 0 0 0 0 0 0 0 0 1 2 3 3 3 5 4 4 7 10 7 14 11 10 17 13 13 36 47 104 147 155 283 290 316 366 461 502 463 410 375 506 432 399 329 389 357 352 263 283 294 325 336 349 356 359 423 628 722 861 768 654 630 611 586 698 714 676 600 513 460 386 380 369 445 448 426 503 523 541 523 531 452 508 471 522 533 589 575 584 627 587 550 590 615 692 771 907 1134 1545 1822 2156 2797 3400 4235 5340 6180 7309 8210 8974 10941 12166 13605 13258 13013 12287 11821 10544 9437 8167 7912 8237 8738 8561 8179 8415 7838 7960 7743 7024 6500 6100 5952 5733 5694 5268 5027 4538 4147 4049 4031 3887 4048 4174 4435 4665 4852 5405 5876 5786 6060 5968 5697 5257 4752 4733 5180 5360 5554 5637 5844 6405 6748 6772 6499 5950 5510 5255 5016 4975 5194 5810 6114 6662 6870 6483 6559 6062 5706 5678 5815 6353 7149 7612 8057 8191 7927 7263 6313 5453 4178 3192 2824 2736 2428 2162 2382 2517 2309 2171 1727 1438 1455 1423 1193 1010 987 895 732 587 554 510 508 511 593 596 628 556 533 471 436 360 374 318 334 351 323 323 313 313 361 359 326 339 345 291 223 187 170 170 275 1108 


