1
1653 987 673 754 1154 1358 1740 2579 3213 2050 2710 2978 2418 2244 1954 2111 2284 3401 4747 5453 7419 9925 11859 13569 17079 17939 19968 26455 27543 25379 23869 21329 16622 13687 8796 5864 4781 2120 531 172 37 21 11 6 12 8 15 10 14 11 11 10 12 9 10 9 5 8 13 10 13 10 12 11 13 19 18 10 19 24 29 34 45 73 62 69 73 88 121 115 155 165 184 237 224 341 377 515 557 697 924 1083 1266 1169 1345 1443 1885 1767 2070 2266 2080 2091 1854 1908 1952 1942 1798 1874 2039 2039 2066 2024 2377 2313 2234 1951 2324 1985 1657 1483 1248 1087 912 676 528 422 311 231 241 199 190 162 141 123 129 102 81 73 66 52 25 7 3 0 0 1 0 0 0 0 1 0 0 0 0 0 0 0 0 0 0 0 0 0 0 0 0 0 0 0 2 1 0 1 0 1 0 0 0 0 0 0 0 0 0 0 0 1 1 0 0 1 0 0 0 1 0 0 0 1 0 0 0 0 0 0 0 0 0 0 0 0 0 0 0 0 0 0 0 0 0 0 0 0 0 0 0 0 0 0 0 0 0 0 0 0 0 0 0 0 0 0 0 0 0 0 0 0 0 0 0 0 0 0 0 0 
913 958 499 377 316 347 444 1159 1869 1111 1481 2055 1617 1594 1787 2047 2365 3074 4618 5691 6795 9356 11405 13691 16306 18173 18818 24844 28007 27138 25410 23714 19148 15588 10866 7099 5256 3278 1082 369 233 116 83 66 51 58 39 30 28 30 21 21 21 12 4 18 13 9 14 10 9 10 10 11 3 12 6 6 16 11 6 15 12 14 12 15 10 21 22 38 34 31 49 70 71 92 85 107 85 110 131 187 215 217 273 316 385 403 459 681 709 816 876 1159 1312 1492 1345 1597 1862 1778 1848 1902 2405 2562 2416 2079 2267 2441 2340 2323 2521 2623 2423 1965 1988 2346 2088 1749 1701 1412 1182 875 756 662 457 341 269 238 226 200 172 135 131 115 89 47 41 24 18 8 2 0 2 0 0 0 0 0 1 0 0 0 0 0 0 0 1 0 0 3 0 1 1 0 0 0 0 0 0 0 0 0 1 0 1 0 1 0 0 0 0 1 0 0 0 1 0 0 0 0 0 0 0 0 0 0 0 0 0 0 0 0 0 0 0 0 0 0 0 0 0 0 0 0 0 0 0 0 0 0 0 0 0 0 0 0 0 0 0 0 0 0 0 0 0 0 0 0 0 0 0 0 0 0 0 0 
666 586 483 368 317 318 434 1130 1802 973 1395 1877 1416 1339 1468 1708 1909 2609 4078 5106 6085 8575 10845 12955 15256 16927 17474 23330 26860 26993 25600 24073 19991 15826 11119 6895 4817 3152 1143 385 224 102 109 111 110 127 117 125 137 143 180 203 188 218 265 237 268 278 294 291 322 339 318 310 302 320 293 318 300 287 302 262 256 294 310 254 287 303 298 279 283 307 249 245 266 269 281 273 283 275 234 196 163 171 194 189 239 233 253 331 295 298 351 382 436 561 669 840 876 1042 1090 1223 1658 1792 1627 1605 1974 2217 2346 2358 2441 2431 2429 2232 2594 3004 2784 2641 2682 2326 2210 1839 2029 1789 1599 1303 1096 992 684 454 374 346 223 198 144 155 133 125 126 94 73 27 7 7 3 0 3 1 0 1 0 1 0 0 0 0 0 0 1 0 0 0 0 0 0 1 2 0 1 0 1 0 0 0 0 0 0 0 0 0 1 0 1 0 1 0 0 0 0 1 0 0 1 0 0 0 0 0 0 0 0 0 0 0 0 0 0 0 0 0 0 0 0 0 0 0 0 0 0 0 0 0 0 0 0 0 0 0 0 0 0 0 0 0 0 0 0 0 0 0 0 0 0 0 0 0 


24 0 1 2 2 4 2 2 0 2 2 5 3 1 1 4 4 2 4 3 7 7 8 8 6 3 6 20 9 6 5 3 0 8 5 5 2 4 8 14 20 16 45 75 93 116 137 180 205 218 219 214 281 320 360 358 333 248 193 220 175 197 228 261 231 237 262 303 287 219 228 213 258 302 302 267 259 296 349 478 521 526 524 659 737 876 1112 1292 1490 1681 1935 2158 2581 2876 3162 3346 3823 4292 4763 5148 5727 5818 5650 5906 6576 7283 7828 7362 7358 7197 7404 7974 8810 8859 8665 8250 8093 8201 8483 8597 8116 8038 7536 7536 7562 7888 8139 7604 7792 6928 6572 6561 6875 6802 6889 6345 5838 5462 5530 5679 5730 5556 5005 4584 4543 4542 4506 4360 4155 3764 3647 3506 3592 3632 3612 3641 3347 3350 3270 3774 3826 3829 3834 3536 3700 3879 4058 4059 4062 3938 3742 3674 3709 3983 4187 4274 3975 3923 3867 4362 4444 4311 3869 3823 3814 3971 4247 4025 4142 3985 3774 3892 3878 3990 3936 3450 3091 2889 2814 2940 2856 2704 2470 2132 1942 2033 1772 1684 1418 1194 1179 1148 1083 1004 953 786 693 655 604 588 503 408 341 357 260 208 161 124 92 61 54 41 19 12 8 5 7 3 10 10 4 6 10 9 5 5 13 14 33 14 13 9 7 12 35 1622 
24 0 0 0 2 1 0 1 1 0 4 2 0 1 1 4 2 1 4 5 4 6 7 4 10 6 2 7 15 9 2 11 4 3 3 7 3 6 1 2 3 6 9 8 8 5 4 2 4 5 2 3 9 3 7 8 8 16 45 69 143 177 195 236 271 243 243 269 280 212 179 193 225 249 200 174 160 212 247 237 247 253 242 262 256 301 257 250 226 222 236 285 318 327 311 303 363 407 496 572 653 649 760 974 1133 1458 1747 1793 1928 1958 2167 2618 3425 3839 4040 3868 3866 4388 4912 5550 6073 6242 6148 6117 6489 7216 7937 7928 8341 7279 7197 8011 8569 9552 9625 8903 8036 8006 8582 9365 9452 9024 8174 7363 7361 7650 8022 7751 7640 7047 6368 6734 7162 7678 7413 6633 5715 5446 5272 5969 5607 5508 4783 4293 3893 4115 4465 4305 4086 3998 3666 3746 4074 4433 4715 4675 4407 4104 4421 4775 5280 5412 5116 4904 4962 5378 6182 6173 6287 5689 5523 5807 5724 5814 6150 5561 4935 4767 5123 5444 5239 4908 4020 3480 3488 3854 3395 3012 2646 2207 2149 2180 1964 1516 1140 863 751 630 574 498 304 204 165 134 70 46 43 21 14 18 8 10 8 17 9 11 8 12 4 11 6 19 5 7 14 7 1 13 24 18 22 22 7 13 33 1625 
24 0 0 0 0 0 1 1 0 0 0 2 0 1 0 1 1 1 2 2 1 4 6 5 4 6 6 4 5 2 11 12 2 4 4 2 5 8 1 7 2 0 6 4 4 11 9 3 3 4 3 4 8 0 3 5 2 6 4 3 4 2 6 5 9 8 13 30 45 87 69 85 92 145 227 275 251 274 204 214 242 248 254 250 253 253 249 224 183 169 189 217 240 200 195 194 208 207 206 247 277 263 226 191 197 234 274 329 311 340 319 446 529 637 716 764 764 945 1082 1165 1333 1331 1413 1585 1810 2069 2646 2868 3203 3041 3363 3711 4420 4933 5318 5162 4868 4926 5437 6153 6538 6642 6497 6537 6589 6959 7860 8168 8475 8078 8106 8500 9425 10355 10540 10345 9386 9453 9436 10591 10442 10024 9341 8647 8040 7977 8259 7747 7372 6676 6032 5997 6103 6191 6192 5741 5311 5051 5132 5269 5342 5044 4878 4450 4503 4747 5026 5204 5482 5263 5325 6052 6118 6337 6529 6175 5795 5761 6044 6491 7092 6348 5794 5280 5492 5670 5791 5721 5233 4477 4381 4329 4439 3868 3232 2543 2502 2515 2385 2328 1974 1731 1553 1898 1404 1173 880 683 656 547 455 289 189 101 66 57 23 12 7 10 4 8 11 12 13 7 8 9 19 22 27 17 12 12 27 1634 


