0
0 0 0 0 0 0 0 0 0 0 0 1 0 0 1 0 1 0 4 2 6 4 4 4 7 11 6 10 9 13 11 7 14 12 11 13 15 16 10 9 15 14 10 15 10 21 17 15 11 8 16 14 17 19 14 17 24 27 29 44 36 64 55 79 86 120 112 156 194 159 190 189 146 135 121 113 94 86 85 72 68 58 60 51 40 45 45 39 38 40 35 35 28 37 34 37 39 32 42 41 33 25 36 26 36 32 27 34 30 23 29 24 32 41 24 30 29 27 32 26 45 54 62 85 87 103 92 99 113 107 57 78 49 66 40 42 49 40 40 33 39 36 33 36 29 32 28 28 29 32 33 25 28 24 34 31 17 28 30 24 30 34 31 33 23 35 32 31 25 25 30 44 33 40 39 34 30 38 34 39 35 36 36 43 56 74 83 67 73 131 144 167 163 173 219 210 268 275 325 338 352 279 248 242 262 290 307 310 262 209 158 134 120 96 100 70 59 45 26 30 30 38 27 22 22 23 19 22 21 16 27 27 22 13 25 23 35 27 29 32 35 25 30 28 36 48 40 41 55 61 67 88 121 265 834 4850 
0 1 0 3 1 3 0 0 4 2 6 8 5 1 4 5 3 2 6 9 10 8 9 8 8 8 7 5 8 16 13 8 17 12 10 12 16 11 16 17 18 22 4 11 15 14 24 8 20 16 23 15 20 20 22 14 17 19 16 14 20 20 15 14 15 16 15 13 18 18 14 8 13 15 14 11 13 16 20 20 16 15 13 15 12 26 24 18 15 14 21 21 19 26 28 23 23 26 23 24 27 31 22 22 24 24 20 34 28 32 27 14 36 20 39 24 32 34 35 33 34 34 39 48 50 55 69 63 79 89 91 120 139 171 182 204 256 315 301 265 246 177 135 96 99 111 131 131 133 124 118 107 82 55 68 58 59 55 45 60 62 38 51 52 57 41 39 52 67 95 95 75 102 118 164 185 172 205 246 243 283 307 360 346 302 284 258 287 275 301 330 366 257 197 112 73 52 64 63 49 50 40 34 27 29 24 21 20 24 18 23 23 28 27 18 12 24 17 20 32 25 15 21 26 23 24 30 27 30 38 44 43 42 36 51 58 56 68 101 306 411 473 759 876 487 322 344 295 271 266 245 230 184 192 148 147 
4 4 4 6 5 7 7 9 16 14 8 8 8 14 12 15 12 15 11 14 18 19 20 22 21 14 16 16 9 15 18 11 14 16 14 10 7 4 10 14 6 11 8 7 12 15 9 7 17 11 13 13 19 14 12 11 13 14 9 9 16 12 10 8 16 11 15 9 12 16 11 14 20 15 16 17 15 13 15 27 13 13 8 14 19 21 17 17 18 24 19 14 17 19 17 15 15 21 11 14 26 24 28 11 29 18 21 27 22 16 26 28 25 27 16 27 22 21 21 21 18 26 14 17 19 27 22 25 28 40 22 24 25 25 34 34 32 25 27 35 32 33 38 29 42 39 35 26 50 47 28 41 38 46 39 45 49 49 57 61 65 97 88 141 135 197 277 339 358 363 369 384 488 579 606 561 568 450 356 236 158 96 105 77 70 81 71 62 65 51 53 42 35 34 34 35 30 28 28 35 23 34 27 23 26 34 41 39 38 51 58 67 74 62 75 62 81 128 353 421 346 591 562 686 556 323 338 349 343 315 291 273 221 228 261 242 301 302 314 256 153 111 61 56 63 55 51 53 45 37 21 17 9 2 5 1 


1 2 1 1 1 0 6 2 3 5 0 5 3 3 6 8 11 9 22 29 37 65 102 110 159 173 276 307 337 358 323 307 205 158 125 95 98 80 85 72 74 89 88 75 119 85 86 94 82 78 82 74 82 82 75 92 67 75 77 104 83 101 101 88 84 108 103 115 117 136 136 132 126 139 132 139 138 126 130 115 125 105 105 125 107 115 131 117 122 123 118 124 147 137 137 128 138 132 133 127 139 141 157 136 172 164 154 178 162 197 175 198 228 210 227 217 236 278 294 323 351 359 388 392 359 401 471 503 475 571 633 705 823 923 1164 1319 1643 2004 2468 3043 3871 4542 5203 6237 7756 8913 10271 11658 13227 14967 17426 19259 20976 22511 23890 24788 25532 25976 26147 25878 25727 25938 25022 23901 22187 21109 20236 19051 17866 16257 15744 14819 13752 12518 11841 11038 10431 9946 9476 8550 7844 7419 7082 6599 6327 6089 5709 5656 5677 5625 5677 5727 5567 5465 5479 5388 5397 5445 5417 5290 5374 5374 5366 5618 5504 5639 5879 5790 5631 5624 5642 5380 5518 5698 5731 5778 5521 5074 4638 4097 3805 3476 3365 3141 2904 2922 2787 2658 2680 2808 2840 2978 3252 3362 3400 3224 2781 2370 1960 1499 1139 898 679 529 503 371 339 257 216 179 174 145 151 119 130 145 
0 1 1 0 1 3 1 0 0 1 1 0 4 1 1 2 6 1 3 0 1 2 4 1 3 5 2 1 2 2 3 3 1 3 7 7 14 11 11 20 23 40 45 66 65 66 98 148 157 187 228 264 298 320 334 338 300 246 243 207 152 113 110 92 113 95 89 97 95 85 81 95 110 93 119 86 97 97 115 96 113 97 126 128 115 111 92 92 102 78 80 68 86 81 94 81 99 91 85 92 94 91 96 91 91 92 88 90 91 91 86 98 93 95 108 115 90 99 121 102 122 113 131 125 128 115 146 132 137 123 149 138 154 167 165 197 183 195 206 217 238 250 255 291 319 378 335 377 398 360 391 398 472 451 523 605 716 842 941 1031 1244 1352 1446 1719 1969 2236 2681 2994 3686 4417 5533 6805 8228 9664 11326 12544 14721 16932 19537 23148 27931 32878 37512 40427 41475 42119 41501 40503 39292 37428 36492 33726 30475 26483 23981 20470 17557 14665 12502 10875 9988 9246 8961 9097 9015 9237 9219 9168 8744 8519 8011 7471 7027 6632 6245 6008 5443 5165 4908 4762 4684 4625 4535 4247 3891 3336 2956 2429 2057 1673 1392 1131 945 814 749 602 540 417 407 349 333 273 204 201 156 156 128 138 114 91 76 57 51 52 37 8 
0 0 0 0 0 0 0 0 0 0 0 0 0 0 0 0 0 0 0 0 0 0 0 0 0 0 0 0 0 0 0 0 0 0 0 0 0 0 0 0 0 0 0 1 1 0 0 0 0 2 1 0 0 0 0 1 0 0 1 1 0 0 0 0 1 1 0 0 1 0 0 0 1 0 0 0 1 0 0 0 0 6 0 1 0 1 1 1 5 4 4 2 5 6 6 6 3 8 5 8 7 7 8 12 9 10 22 13 15 22 24 27 23 23 27 29 23 34 37 29 36 28 40 32 47 37 31 41 37 30 20 39 44 31 44 44 60 70 81 81 84 81 105 84 105 85 91 102 114 107 116 94 115 119 114 133 136 131 169 161 161 210 216 220 216 215 275 298 315 386 418 478 582 650 714 919 1084 1273 1425 1488 1550 1625 1753 1908 2235 2695 3190 3885 4476 5297 6043 6875 7919 9149 10714 12539 14487 16758 19803 23326 27304 31703 37893 45214 53143 61047 65111 65287 62759 57667 52365 45146 37847 29420 22741 17968 14668 11993 9932 8246 6883 5631 4785 4074 3443 3029 2626 2339 2140 1906 1655 1450 1297 1152 986 808 788 729 607 565 514 443 388 394 319 289 226 208 210 174 153 113 103 95 71 52 


