1
0 0 0 0 0 0 0 0 0 0 0 0 0 0 0 0 0 0 0 0 0 0 0 0 0 0 0 0 0 0 0 0 0 0 0 0 0 0 0 0 0 0 0 0 0 0 0 0 0 0 0 0 0 0 0 0 0 0 0 0 0 0 6 10 10 8 10 9 15 22 29 20 22 26 32 40 21 26 22 29 45 42 55 68 75 76 100 88 83 76 92 83 99 105 134 152 170 159 186 167 185 232 244 266 267 411 496 556 728 788 1054 1125 1228 1474 1732 1661 1824 1743 1823 1858 1890 1890 2024 2221 2468 2737 2712 2807 2816 2374 2193 2458 3006 3385 3801 4549 5473 6133 6777 8040 9778 11154 12054 12152 12991 14097 14968 14490 14719 15405 14974 12273 8946 7344 5045 3224 2233 1194 608 313 95 61 60 45 50 49 46 39 58 53 76 70 52 51 64 49 66 69 63 50 45 58 78 91 97 125 204 265 332 401 396 448 514 465 399 396 442 518 557 607 809 781 1079 1209 2129 4014 6850 7672 4211 2033 824 609 673 507 197 17 0 1 0 0 0 0 0 0 0 0 0 0 0 0 0 0 0 0 0 0 0 0 0 0 0 0 0 0 0 0 0 0 0 0 0 0 0 0 0 0 
0 0 0 0 0 0 0 0 0 0 0 0 0 0 0 0 0 0 0 0 0 0 0 0 0 0 0 0 0 0 0 0 0 0 0 0 0 0 0 0 0 0 0 0 0 0 0 0 0 0 0 0 0 0 0 0 0 0 0 0 0 0 0 0 0 0 0 8 5 9 4 2 5 3 7 2 4 2 4 4 4 3 12 19 21 23 17 22 21 7 15 15 21 15 21 12 23 24 32 37 40 49 55 52 61 55 59 55 42 66 61 49 45 50 73 67 86 88 82 90 94 97 94 95 103 93 108 110 94 127 147 143 170 203 242 308 308 292 322 372 412 532 628 689 841 938 1087 1142 1152 1174 1312 1447 1812 1746 1698 1599 1530 1688 1973 2269 2403 2176 2005 1798 1634 1651 1780 1955 2182 2645 2971 3272 3977 4621 5384 6134 7343 7566 8909 10449 11007 10710 10480 10785 10827 12545 13966 15595 18478 17332 13601 7882 6134 4770 2494 1676 1454 1054 678 542 487 461 353 401 463 451 581 665 741 759 829 1063 1760 3303 6800 7358 5027 2439 1636 916 595 179 49 17 4 0 1 0 0 0 0 0 0 0 0 0 0 0 0 0 0 0 0 0 0 0 0 0 0 0 0 0 0 0 0 0 
0 0 0 0 0 0 0 0 0 0 0 0 0 0 0 0 0 0 0 0 0 0 0 0 0 0 0 0 0 0 0 0 0 0 0 0 0 0 0 0 0 0 0 0 0 0 0 0 0 0 0 0 0 0 0 0 0 0 0 0 0 0 0 0 0 0 0 0 8 8 5 4 2 4 2 2 3 3 2 1 1 2 3 1 1 3 1 1 4 1 6 4 0 2 0 1 1 1 1 2 2 6 3 0 1 2 2 2 4 0 3 5 12 1 4 9 7 13 18 14 16 17 26 20 11 16 15 24 20 16 15 19 17 15 24 19 26 25 27 32 36 42 54 45 67 64 75 93 72 101 90 82 124 167 198 244 293 269 295 322 361 420 501 527 586 697 815 848 881 854 934 1069 1262 1456 1690 1681 1636 1593 1681 1880 2029 1740 1276 1053 945 975 1106 1186 1424 1659 1502 1473 1418 1500 1615 1832 2199 2579 2965 3825 5039 6584 8285 10043 10598 10479 11015 12156 14681 18108 16797 20381 26478 27480 17816 11963 5675 3421 6789 7420 5107 2570 1818 907 276 90 48 18 5 0 1 0 0 0 0 0 0 0 0 0 0 0 0 0 0 0 0 0 0 0 0 0 0 0 0 0 


0 0 0 0 0 0 0 0 5 5 8 16 19 22 19 50 64 78 58 78 66 60 68 65 62 62 77 78 101 101 105 150 183 183 189 133 102 115 103 134 150 173 231 334 547 815 1114 1481 1328 1188 1500 1694 1365 956 428 190 186 173 190 142 137 144 116 148 142 136 114 131 124 149 242 325 348 356 342 250 195 173 157 140 126 126 119 115 114 142 117 126 123 151 200 200 255 330 385 397 516 569 693 772 922 1002 1159 1417 1642 1969 2290 2655 2939 3591 4091 4623 5441 6436 7224 7642 8407 9362 10215 10752 10309 9819 9374 9772 9921 9686 9645 9516 9501 9524 9390 8858 8698 8135 7780 7510 7739 7571 7030 6567 6233 5925 5814 5810 5540 5597 5537 5724 5929 6319 6370 6018 5954 5747 5639 5811 6124 6292 6071 6206 6656 7048 7467 7570 7642 7626 7710 7940 8154 8379 8399 8265 7787 7722 7926 7941 7558 7305 7094 6850 6803 6878 6818 6256 5610 4821 4312 3971 3325 2839 2292 1936 1722 1651 1316 1181 1154 1181 1195 1111 930 955 927 939 874 744 728 644 609 550 564 486 523 531 535 540 574 590 609 676 654 648 561 677 617 631 563 554 515 564 548 451 486 439 453 414 442 456 481 428 505 592 528 580 602 565 500 518 533 465 495 491 733 2612 3379 7366 
0 0 0 0 0 0 0 0 0 0 0 0 0 0 0 0 0 0 0 0 0 0 0 1 4 28 63 69 63 67 67 57 56 55 67 68 84 70 87 86 107 109 143 164 160 230 313 497 759 1054 1275 1324 1286 1124 1056 1144 1197 918 540 325 250 159 121 132 124 106 119 124 161 179 153 160 109 124 123 153 116 105 103 107 105 119 70 79 84 74 68 60 87 68 72 81 71 87 76 91 103 100 131 128 102 101 98 90 124 176 159 228 241 269 398 442 561 638 780 860 999 1072 1203 1379 1569 1812 2084 2520 3059 3489 3926 4461 5716 6561 7545 7974 7759 7889 9016 10122 10966 10653 9984 9677 10397 11229 10970 9695 8625 8424 9101 9429 9518 8824 7743 7016 7327 7944 8220 7893 6899 6238 6225 6467 5876 5317 4763 4422 4218 4373 4642 4960 5072 4936 5158 5697 6426 6887 6998 6195 5706 5870 6293 6328 6008 5506 5445 5831 6408 6937 7346 7146 6306 6140 6518 7450 6863 6373 5996 6462 7172 7447 7405 6524 5932 5978 6745 6964 6649 6062 5794 6002 6466 5999 5317 4381 3666 3527 3099 2493 1784 1525 1348 1255 1025 904 743 659 675 573 544 467 469 432 493 519 532 560 546 632 589 590 477 489 558 536 507 425 374 318 312 240 226 195 199 242 274 313 5705 125 
0 0 0 0 0 0 0 0 0 0 0 0 0 0 0 0 0 0 0 0 0 0 0 0 0 0 0 13 52 54 58 58 55 57 57 57 69 79 87 71 101 108 88 150 229 480 750 1182 1636 1576 1491 1273 1113 934 698 655 540 405 232 150 205 172 132 157 147 124 102 121 136 159 133 140 154 113 113 106 116 105 114 114 116 98 110 83 84 77 92 105 103 76 83 79 72 88 66 75 81 88 97 112 130 115 112 123 118 134 155 193 192 215 245 285 344 420 533 571 736 840 1056 1103 1203 1322 1619 1775 1991 2097 2374 2980 3401 3762 4261 4556 4925 5542 6408 7248 7814 8163 8455 9258 10119 10360 10462 10316 10298 10171 10440 10526 10314 9609 8904 8742 8605 8608 8490 8181 7870 7907 8483 8400 8019 7284 6583 6014 5575 5485 5485 5205 4918 4977 5331 5967 6629 6858 6712 6213 6426 6433 6616 6622 6764 6595 6515 6620 7082 7619 7713 7283 6931 6905 7140 7572 7576 7319 7215 7253 7580 8218 7828 7552 7232 7223 7275 7405 7212 6628 5854 5618 5410 5024 4263 3669 2673 2004 1641 1325 1075 885 920 840 875 823 732 721 695 652 575 505 486 459 432 470 418 419 454 487 587 566 563 608 646 618 507 459 423 472 355 310 232 242 235 210 196 265 409 6459 


