1
0 0 0 0 0 0 0 0 0 0 0 0 0 0 0 0 0 0 0 0 0 0 0 0 0 0 0 0 0 0 0 0 0 0 0 0 0 0 0 0 0 0 0 0 0 0 0 0 1 0 0 0 0 2 1 0 1 4 6 20 10 26 27 10 9 15 8 12 17 12 19 19 23 23 35 33 34 39 54 53 63 94 103 109 101 101 107 102 103 121 115 128 113 125 145 154 168 182 213 229 296 310 353 408 527 669 845 986 946 940 1114 1191 1474 1745 1979 2196 2239 2141 1876 1986 2022 2092 2141 2169 2407 2835 3431 4072 4867 5240 6254 7102 8467 9450 9879 10582 10605 12735 12868 12538 11508 10689 9953 9343 7457 6039 4904 3083 2085 1264 571 254 78 57 53 36 32 60 74 46 56 51 80 100 70 54 44 54 43 60 82 62 52 57 69 76 91 84 132 132 180 204 168 150 165 234 311 367 479 482 554 663 861 1334 1994 3610 5234 5007 2971 1559 623 493 679 194 6 0 0 0 0 0 0 0 0 0 0 0 0 0 0 0 0 0 0 0 0 0 0 0 0 0 0 0 0 0 0 0 0 0 0 0 0 0 0 0 0 0 0 0 0 0 0 0 0 0 0 0 
0 0 0 0 0 0 0 0 0 0 0 0 0 0 0 0 0 0 0 0 0 0 0 0 0 0 0 0 0 0 0 0 0 0 0 0 0 0 0 0 0 0 0 0 0 0 0 0 0 0 0 0 0 0 0 0 0 1 0 0 0 0 0 0 17 20 15 5 5 6 7 11 7 8 7 6 7 9 2 7 9 7 10 16 12 19 13 18 18 30 29 25 28 26 33 33 27 31 41 44 63 61 54 58 57 59 76 61 59 67 55 76 66 59 90 69 60 76 70 80 83 92 99 115 125 119 143 177 186 210 233 235 269 312 360 433 519 659 844 967 1020 1080 1284 1404 1601 1700 1757 1875 1978 1738 1626 1354 1265 1317 1318 1248 1245 1415 1760 2134 2681 3205 3382 3600 4203 4652 5333 5508 6817 8241 8463 10844 11383 11852 11223 10421 9729 9024 10243 12097 11282 9886 5055 4209 2582 1750 1000 650 507 376 255 189 238 290 336 379 502 508 549 703 818 1349 2037 3977 5885 4304 2677 1617 888 598 87 12 3 0 0 0 0 0 0 0 0 0 0 0 0 0 0 0 0 0 0 0 0 0 0 0 0 0 0 0 0 0 0 0 0 0 0 0 0 0 0 0 0 0 0 0 
0 0 0 0 0 0 0 0 0 0 0 0 0 0 0 0 0 0 0 0 0 0 0 0 0 0 0 0 0 0 0 0 0 0 0 0 0 0 0 0 0 0 0 0 0 0 0 0 0 0 0 0 0 0 0 0 0 0 0 0 0 0 0 0 0 16 30 0 4 1 2 2 3 4 1 0 1 2 0 4 3 4 1 0 4 2 2 0 3 3 1 2 3 2 5 4 5 9 8 7 1 6 7 4 6 3 4 7 5 10 13 3 10 6 10 10 10 8 9 15 18 20 12 14 25 19 25 16 17 27 31 33 45 41 33 43 58 60 82 66 68 78 92 93 111 120 118 133 150 175 177 215 286 349 432 531 610 626 714 760 831 1035 1175 1301 1698 1954 1987 1789 1797 1592 1360 1086 747 609 588 590 641 750 839 929 1092 1204 1447 1586 1639 1979 2138 2103 2779 4644 5853 7172 9613 10645 13046 15425 14441 11426 5685 7868 10067 13966 19287 18582 11411 8380 5082 2457 5452 4266 2690 1831 932 278 36 12 3 0 0 0 0 0 0 0 0 0 0 0 0 0 0 0 0 0 0 0 0 0 0 0 0 0 0 0 0 0 0 0 0 0 0 0 0 0 0 0 


11 33 20 23 14 12 12 8 13 9 10 14 16 30 23 20 24 18 25 16 24 13 27 11 23 27 25 24 17 31 30 27 35 58 68 81 97 107 116 84 82 104 81 115 137 131 135 142 167 174 169 159 228 180 199 149 140 173 138 133 150 135 148 134 174 177 163 167 167 174 184 193 210 244 254 304 336 283 329 352 256 197 209 248 257 319 259 249 241 247 319 380 510 508 454 438 393 432 382 426 408 403 392 415 464 454 645 797 988 1540 2054 2926 3814 4500 5032 5585 6511 7782 9384 10791 11736 12308 12307 12812 13239 14894 16514 17795 19027 19688 19446 16954 15345 15252 15453 15352 15236 15557 14788 14357 12530 11404 10270 10547 10207 10042 10005 10076 9510 8744 7730 7403 7040 7168 7659 8221 8227 7949 7432 6987 6215 5911 5821 6320 6648 6714 6489 6172 5518 5011 4747 4841 5306 5566 4991 4563 3880 3422 3058 2806 2686 2638 2664 2397 2019 1767 1658 1644 1642 1706 1653 1615 1391 1103 1020 899 924 1034 1015 1066 984 934 799 793 800 725 770 839 920 933 873 788 752 740 698 632 544 468 441 380 357 373 400 468 427 331 332 366 366 416 463 542 502 545 414 422 406 373 351 366 383 396 412 478 429 421 391 432 482 418 370 391 420 388 672 10011 
0 12 19 18 15 21 15 11 9 11 9 5 8 9 8 5 12 8 12 9 10 13 14 27 24 27 25 37 32 54 30 57 48 66 56 74 77 84 86 103 90 102 97 104 111 84 95 119 139 119 113 115 91 122 113 142 141 166 127 168 196 192 212 209 188 194 191 203 191 207 206 267 254 245 226 211 251 290 274 273 282 296 390 396 332 322 245 176 123 96 90 124 96 110 106 109 122 103 109 129 156 182 223 166 137 139 141 170 206 195 216 231 217 220 271 349 401 513 556 579 604 726 741 882 1016 1297 1513 1617 2072 2368 2667 3297 4131 5492 6804 8541 10063 11976 12304 12075 11714 12483 15660 18383 20261 21860 22179 21950 19833 17367 15930 17292 18782 19031 18547 17271 15777 13895 11316 10660 9833 9898 10018 10084 9658 9220 8136 7214 6683 6655 7439 8128 8279 8534 8040 7413 6323 5424 5368 5665 5947 6344 5941 5835 5100 4600 4614 4980 5393 5615 5759 6354 4964 3875 3090 2885 2837 2764 2656 2370 2149 1845 1518 1381 1329 1386 1257 1162 1203 1275 1053 827 772 877 821 868 836 726 605 546 457 474 501 498 513 549 628 575 470 513 513 489 512 572 529 532 543 587 578 521 419 473 444 362 319 320 340 382 424 488 465 549 446 516 6851 255 
0 0 0 3 1 8 12 10 14 23 15 14 17 8 11 7 10 7 6 7 14 14 13 20 16 16 26 32 22 38 27 47 36 50 51 55 74 88 82 83 93 92 115 88 99 96 88 104 117 115 122 113 98 107 121 113 130 162 143 151 197 203 218 245 223 178 193 149 162 176 158 202 257 250 217 256 294 255 259 300 302 337 327 376 288 270 235 227 239 176 166 108 101 135 95 98 98 95 88 98 131 130 99 175 207 211 163 178 203 228 252 201 236 237 222 234 319 381 484 409 397 427 473 523 697 797 964 1150 1280 1373 1471 2073 2774 3689 4905 5763 6772 8141 8757 8948 9110 10233 12073 14483 16194 18192 18572 18422 17640 16908 16642 17497 18495 19462 19648 19020 17969 16653 15016 14132 13888 14201 13309 12849 12332 11266 9654 8791 8285 8155 8448 9125 9030 8404 7860 7142 6487 6251 6387 6570 6952 6959 6745 6205 5555 5461 5556 5647 5805 6425 6006 5545 4524 3955 3549 3378 3485 3320 2859 2477 2034 1970 1772 1617 1515 1457 1372 1295 1114 929 792 701 814 833 984 1034 865 776 676 640 650 691 818 712 539 505 451 471 454 443 496 561 604 611 500 521 506 499 578 518 514 613 540 554 533 591 503 449 414 361 305 350 388 481 1177 8514 


