1
0 0 0 0 0 0 0 0 0 0 0 0 0 0 0 0 0 0 0 0 0 0 0 0 0 0 0 0 0 0 0 0 0 0 0 0 0 0 0 0 0 0 0 0 0 0 0 0 0 0 0 0 0 0 0 1 3 2 2 3 10 29 26 19 12 8 20 15 19 17 19 25 41 45 47 57 56 62 88 71 89 127 126 123 123 119 119 126 123 135 150 138 164 168 175 196 195 190 192 188 177 196 244 243 273 320 373 465 492 595 766 921 973 1118 1323 1508 1793 2291 2355 2765 2717 2677 2561 2559 2566 2379 2367 2421 2908 3359 3977 4468 5396 6219 7384 8497 9979 11832 12246 13265 14266 16191 18635 17890 17900 17162 16871 14447 11680 9483 7482 4921 2846 1883 937 590 243 53 38 34 54 47 31 47 52 59 38 36 44 59 54 43 64 55 58 42 53 60 57 55 59 62 49 70 48 73 78 95 126 134 142 90 99 136 170 226 254 347 397 365 596 655 1059 1959 3597 4801 3605 2607 1857 1378 418 105 50 26 12 7 0 0 0 0 0 0 0 0 0 0 0 0 0 0 0 0 0 0 0 0 0 0 0 0 0 0 0 0 0 0 0 0 0 0 0 0 0 0 0 0 
0 0 0 0 0 0 0 0 0 0 0 0 0 0 0 0 0 0 0 0 0 0 0 0 0 0 0 0 0 0 0 0 0 0 0 0 0 0 0 0 0 0 0 0 0 0 0 0 0 0 0 0 0 0 0 0 0 0 0 0 0 0 0 0 0 3 43 6 18 4 3 7 10 5 1 3 4 5 6 8 10 12 8 10 22 11 21 29 32 19 30 30 30 35 37 48 42 45 66 74 66 83 68 68 95 83 79 86 67 95 93 103 93 99 104 84 109 92 111 108 121 96 106 96 116 106 111 122 164 146 135 175 161 159 183 223 215 254 323 307 391 489 707 734 980 1096 1314 1516 1668 1692 1951 2238 2476 2318 2469 2021 1637 1541 1526 1454 1522 1666 1775 2141 2790 3031 3523 3915 4303 5118 5383 6284 6908 7807 9000 10241 12039 13505 15181 15385 14261 14019 14806 16985 16248 19585 16626 9887 7704 3941 2035 1565 1255 538 355 293 175 118 96 98 104 146 167 249 269 310 417 418 498 596 766 1713 2937 4199 4528 3430 2050 1089 547 163 85 53 24 10 7 1 0 0 0 0 0 0 0 0 0 0 0 0 0 0 0 0 0 0 0 0 0 0 0 0 0 0 0 0 0 0 
0 0 0 0 0 0 0 0 0 0 0 0 0 0 0 0 0 0 0 0 0 0 0 0 0 0 0 0 0 0 0 0 0 0 0 0 0 0 0 0 0 0 0 0 0 0 0 0 0 0 0 0 0 0 0 0 0 0 0 0 0 0 0 0 0 0 4 41 14 8 3 1 1 6 10 0 0 1 0 1 1 4 6 4 5 3 8 4 3 6 2 2 1 1 3 2 1 2 2 3 3 1 3 5 6 2 1 3 4 8 5 7 9 12 5 10 9 5 9 12 12 13 16 18 24 28 30 24 31 22 26 26 29 30 42 32 44 43 43 64 61 70 89 83 99 86 102 98 99 117 119 134 133 134 166 184 208 251 277 292 362 404 551 561 656 765 1134 1292 1624 2112 2408 2236 2067 2071 2085 1914 1303 909 771 692 714 713 843 909 1053 1181 1453 1618 1721 1941 2219 2279 2518 2809 3653 5467 6691 7823 10200 12491 14420 17176 18158 16769 8745 12044 18028 24804 30813 28544 17303 4646 1195 729 832 1718 2969 4241 4664 3512 1784 1060 553 158 95 56 24 9 9 1 0 0 0 0 0 0 0 0 0 0 0 0 0 0 0 0 0 0 0 0 0 0 0 0 0 0 


0 0 0 0 0 0 0 0 0 0 0 0 0 0 0 0 0 1 0 1 7 9 17 24 28 33 59 73 114 227 521 707 870 1087 1171 1052 739 387 196 121 74 61 37 41 51 36 38 42 36 44 51 44 54 78 72 102 97 101 160 286 381 413 450 543 819 931 969 812 660 417 251 200 111 66 64 57 55 72 87 88 119 128 150 166 191 215 236 321 296 300 355 646 866 734 429 266 143 109 96 83 65 74 73 86 78 89 87 86 84 109 93 108 119 134 165 240 323 415 507 605 943 1158 1523 2147 2661 3295 3606 3681 3864 4072 4328 5242 5644 6037 5872 5704 5878 6154 6816 8396 8527 8345 8161 8280 7494 7399 7959 9334 10190 10768 10621 9811 8701 8243 9008 10972 12967 13783 15349 16796 17211 17891 18234 19973 21294 21726 20294 18734 16339 14691 14035 14146 13910 12881 11102 9352 7466 6621 6549 6317 5810 5566 5430 5001 3893 3358 2907 2761 2464 2114 1860 1415 1210 1165 942 808 601 544 523 568 539 544 531 490 468 458 356 319 321 266 273 257 250 228 216 228 210 232 239 264 305 319 318 312 324 294 248 237 217 231 194 204 166 174 169 135 128 113 115 148 135 126 146 203 186 218 176 157 124 127 186 150 122 153 181 408 
0 0 0 0 0 0 5 15 34 32 36 62 78 73 107 104 84 53 72 58 55 46 85 255 501 857 1196 1533 1289 751 354 132 103 76 75 93 136 248 421 584 634 639 634 572 298 194 178 107 87 63 56 48 28 32 35 38 25 35 23 28 31 36 53 84 138 303 443 654 741 822 864 941 945 569 345 179 89 89 52 67 62 37 51 47 42 45 48 61 49 44 42 47 43 47 52 37 34 51 50 49 56 51 45 54 62 43 54 54 55 65 45 57 52 59 71 61 81 61 76 70 84 76 91 70 88 98 94 95 107 131 136 148 168 229 253 283 274 379 472 526 634 776 836 850 1172 1417 1524 1769 1942 2102 1920 2269 2776 3229 4144 5190 5972 6629 6614 7094 7581 9075 9998 10613 10309 9454 8418 8567 9337 10767 11966 11945 11190 10871 10245 11239 13922 17681 20548 22996 24025 23281 20567 18918 19168 20419 21699 21414 19515 16055 12884 12082 11466 10775 9151 7611 6228 5036 4606 4746 5280 5342 4677 4373 3918 2931 2331 2129 1807 1904 1712 1517 1170 972 857 767 683 594 678 550 408 356 406 408 323 280 276 277 269 255 296 416 292 267 300 387 384 336 328 317 234 216 195 206 190 182 161 258 143 162 200 245 223 234 603 891 
0 0 0 0 0 15 34 89 88 108 128 100 84 84 55 40 35 41 59 173 357 712 932 1052 1128 884 718 664 603 672 706 648 644 543 442 325 208 159 92 67 51 65 58 34 26 38 28 31 38 27 24 33 27 21 26 17 32 28 37 34 42 67 108 208 329 553 993 1128 1106 901 625 404 308 184 143 74 72 59 65 56 60 54 45 43 48 42 40 40 45 40 52 41 47 49 54 51 30 33 40 58 33 41 42 45 65 44 47 48 46 52 46 49 45 63 57 68 68 60 75 86 81 72 107 107 93 87 101 103 101 97 115 113 123 135 183 188 191 241 268 314 370 406 471 581 770 913 1250 1532 1846 1958 1982 2120 2472 3179 3933 4178 4962 5348 5280 5387 5700 7018 7491 8178 7930 7187 6682 7246 8434 9304 9837 10223 9796 9112 9508 10772 12490 13800 15155 16662 18551 18826 18289 18614 20361 21194 21626 21145 20285 18773 16877 16359 15743 14715 13160 11239 8695 6870 6237 6388 6258 6252 5952 5613 5212 4846 4587 4531 4771 4301 3854 3132 2687 2329 2096 1901 1646 1357 1263 1074 725 538 591 485 445 346 325 325 344 387 330 455 291 285 303 391 364 308 300 337 237 212 194 216 190 214 171 275 143 142 155 255 224 257 327 1297 


