1
0 0 0 0 0 0 0 0 0 0 0 0 0 0 0 0 0 0 0 0 0 0 0 0 0 0 0 0 0 0 0 0 0 0 0 0 0 0 0 0 0 0 0 0 0 0 0 0 0 0 0 0 0 0 0 0 0 0 0 0 0 0 0 3 8 0 3 7 10 13 24 25 24 46 28 42 54 33 36 39 49 51 64 86 77 86 82 95 109 85 81 67 75 73 112 118 114 136 134 116 154 169 144 165 163 167 175 167 186 202 216 323 350 396 499 591 632 673 818 1106 1309 1223 1254 1357 1302 1328 1335 1441 1752 2035 2339 2226 2099 1838 1780 2095 2425 2716 3236 3825 4346 4698 5780 7545 8342 9606 10739 12181 13743 15578 16937 18195 20107 21613 19416 15817 13121 11172 7736 5223 2930 1803 1172 622 231 121 74 56 52 45 33 37 42 40 40 42 34 45 47 35 34 29 31 28 17 37 24 33 24 24 29 30 26 30 22 27 29 25 28 30 19 18 30 30 32 40 46 22 31 52 57 56 66 69 96 89 104 123 135 143 199 357 717 1002 1249 1046 543 201 30 2 0 0 0 0 0 0 0 0 0 0 0 0 0 0 0 0 0 0 0 0 0 0 0 0 0 0 
0 0 0 0 0 0 0 0 0 0 0 0 0 0 0 0 0 0 0 0 0 0 0 0 0 0 0 0 0 0 0 0 0 0 0 0 0 0 0 0 0 0 0 0 0 0 0 0 0 0 0 0 0 0 0 0 0 0 0 0 0 0 0 0 0 0 0 0 2 7 2 0 3 0 1 4 2 2 3 3 0 2 6 4 19 11 20 21 25 16 18 17 21 19 18 19 19 24 31 34 43 48 49 47 85 56 78 63 61 68 57 69 59 66 65 74 73 70 77 84 69 65 70 81 82 81 86 85 90 104 105 102 89 100 89 106 107 109 129 108 134 140 127 176 159 248 243 288 328 338 405 423 486 525 674 738 861 1039 1039 1251 1201 1264 1298 1513 1842 1670 1770 1587 1477 1417 1429 1597 1760 1809 1896 2132 2368 2526 2913 3502 4095 5154 6375 7326 8876 10205 10416 10411 11278 11722 16307 20183 23769 26083 24197 16349 12059 9808 5417 2623 2172 1635 553 295 224 186 111 61 41 42 43 45 51 58 39 38 44 36 65 61 90 90 83 75 97 100 124 122 137 159 258 481 718 919 908 1007 680 268 83 4 2 0 0 0 0 0 0 0 0 0 0 0 0 0 0 0 
0 0 0 0 0 0 0 0 0 0 0 0 0 0 0 0 0 0 0 0 0 0 0 0 0 0 0 0 0 0 0 0 0 0 0 0 0 0 0 0 0 0 0 0 0 0 0 0 0 0 0 0 0 0 0 0 0 0 0 0 0 0 0 0 0 0 0 0 0 2 7 2 1 1 2 0 1 3 1 0 2 3 1 0 1 0 1 3 1 2 0 0 1 2 0 1 0 0 0 1 2 1 0 1 1 1 4 0 0 0 0 1 3 1 3 5 2 4 9 7 13 10 15 16 27 19 21 22 20 22 18 12 25 20 19 30 19 21 14 17 27 17 36 37 38 44 49 57 63 70 72 57 73 74 75 73 82 63 75 90 89 87 79 108 130 122 148 152 169 172 213 200 253 328 348 464 516 606 706 816 988 953 1028 1200 1338 1595 1252 1136 1004 826 770 889 1041 1469 1579 1426 1237 1190 1132 1280 1368 1407 1504 1643 1747 2030 2016 2298 2733 3677 4948 6775 8847 11020 16131 23087 32852 41866 46507 32223 16732 5358 593 236 131 103 87 109 112 131 138 126 130 156 202 306 612 791 891 925 766 656 252 67 8 1 0 0 0 0 0 0 0 0 0 0 


0 0 0 0 0 0 0 0 0 0 0 0 0 0 0 0 0 0 0 0 0 0 0 0 0 0 0 0 0 0 0 0 0 0 0 0 0 0 0 0 0 0 0 0 0 0 0 0 0 0 0 0 0 0 0 0 0 0 0 0 0 0 0 2 1 1 0 2 1 1 8 12 18 50 82 113 178 251 343 521 653 821 1089 1502 1887 2412 3074 3755 4652 5920 6911 7884 8504 9273 10077 10619 10591 10115 9386 8835 8119 7984 7440 7015 6760 6768 6571 6710 6865 6880 6999 7648 8696 9597 10393 10576 10993 12275 13636 15006 15606 15773 15493 15942 16754 16900 16183 15741 15386 14592 14166 12692 11063 9878 8947 8498 7794 7264 6380 5699 5301 5369 5421 4928 4259 3859 3700 3713 3711 3449 3286 3125 3005 3149 3092 2927 2821 2727 2525 2317 2190 2255 2069 1922 1812 1894 1887 1874 1774 1728 1805 1864 1786 1646 1529 1402 1339 1344 1316 1208 1201 1183 1101 1162 1066 997 913 847 791 775 766 700 816 890 921 972 939 925 1024 1039 914 792 728 643 706 514 445 406 473 432 461 450 384 357 343 390 363 337 325 317 397 347 318 322 305 277 262 241 269 238 187 225 250 235 220 197 187 164 178 156 185 202 200 210 231 257 220 271 244 297 308 337 292 427 776 2233 
0 0 0 0 0 0 0 0 0 0 0 0 0 0 0 0 0 0 0 0 0 0 0 0 0 0 0 0 0 0 0 0 0 0 0 0 0 0 0 0 0 0 0 0 0 0 0 0 0 0 0 0 0 0 0 0 0 0 0 0 0 0 0 0 0 0 0 0 0 2 1 1 0 0 2 1 1 1 1 0 0 0 1 0 0 2 0 2 9 20 34 49 112 167 246 328 449 516 605 740 892 1088 1351 1814 2419 3231 4072 4820 5317 6194 8078 10350 10816 9989 9851 10293 10004 9702 8838 7606 7152 7252 7655 7247 6343 5903 6000 6288 7039 7377 7051 6845 7260 8337 9192 9920 10174 10533 11265 12837 14824 15696 15383 14648 14909 16149 16562 16241 14450 13054 13005 13524 13316 12013 10172 9158 8821 8731 8411 7682 6214 5599 5189 4999 4731 4016 3567 3344 3474 3546 3681 3205 2837 2697 2746 2881 2619 2357 2184 2418 2439 2591 2303 2116 2045 2219 2408 2364 2066 1975 2128 2250 2324 2060 1834 1651 1545 1524 1452 1011 917 960 993 1223 1070 937 898 902 931 1144 1220 1010 901 854 779 686 582 567 520 480 548 507 483 508 547 497 483 424 400 371 392 330 338 333 317 304 325 256 291 301 228 234 208 209 230 192 199 265 304 317 327 378 333 365 1926 2740 
0 0 0 0 0 0 0 0 0 0 0 0 0 0 0 0 0 0 0 0 0 0 0 0 0 0 0 0 0 0 0 0 0 0 0 0 0 0 0 0 0 0 0 0 0 0 0 0 0 0 0 0 0 0 0 0 0 0 0 0 0 0 0 0 0 0 0 0 0 0 2 2 0 0 0 0 2 2 1 0 0 1 0 0 0 1 0 1 2 2 6 16 19 37 89 154 228 272 373 457 556 704 742 881 1133 1404 1921 2281 2719 3217 4358 5285 5963 6820 8116 9787 10105 10076 9418 9193 9029 9200 8541 7765 7043 6744 6838 6855 6438 6117 6066 6052 6382 6600 7299 7545 7941 8589 9204 10115 11042 11866 12167 12514 13541 14905 14940 15059 14669 14750 14725 14763 14321 13775 12947 12572 12089 11852 10516 9246 8457 7855 7691 7207 6510 5614 4932 4724 4716 4341 3775 3537 3327 3404 3297 3317 2917 2838 2896 2992 2985 2809 2509 2404 2405 2354 2163 2114 2080 2281 2414 2304 2177 1869 1739 1782 1822 1563 1569 1418 1359 1454 1403 1233 1185 1271 1107 1160 1134 1207 1058 1067 1095 1210 1240 1611 2200 1903 1770 1449 1177 1123 1071 885 596 542 483 460 503 461 421 369 352 333 359 396 413 441 354 314 328 306 331 254 287 249 256 254 300 313 269 272 310 472 1027 5554 


