1
2534 1112 799 825 1241 1538 1926 3021 3240 2314 3580 3497 2911 2493 2490 2564 2989 4216 5448 6123 9048 10605 13581 15684 18455 18537 24969 26289 26384 24756 22871 16770 14086 8270 5680 4628 2206 587 181 36 14 24 9 6 21 10 4 16 9 14 18 11 23 17 23 10 9 4 12 13 12 12 19 15 21 27 24 29 31 45 65 43 60 69 90 112 139 214 266 411 585 628 762 860 1199 1174 1288 1672 1742 1956 1726 2013 2250 1915 1902 2042 2740 2336 2281 2359 2515 2816 2542 2234 2259 2318 2127 1933 1873 2138 2474 2007 1966 1886 2074 1616 1453 1415 1401 1285 828 799 752 616 525 403 327 333 243 131 116 85 66 33 40 40 53 36 28 28 18 18 19 4 3 6 1 0 0 0 0 0 0 0 0 0 0 0 0 1 0 0 0 0 0 0 0 0 0 0 0 0 0 0 0 0 0 0 0 0 0 0 0 0 0 0 0 0 0 0 0 0 0 0 0 0 0 0 0 0 0 0 0 0 0 0 0 0 0 0 0 0 0 0 0 0 0 0 0 0 0 0 0 0 0 0 0 0 0 0 0 0 0 0 0 0 0 0 0 0 0 0 0 0 0 0 0 0 0 0 0 0 0 0 0 0 
1725 1095 613 431 475 496 637 1541 1955 1168 2235 2645 2032 2158 2218 2607 2940 3946 5523 6149 8549 9912 13742 14944 18357 18314 22766 25698 29045 25783 24461 20161 16437 10500 6660 4977 3303 1123 410 259 132 74 80 62 55 38 36 30 26 25 16 12 7 8 9 11 15 12 19 15 12 10 12 8 7 8 11 10 11 20 14 8 18 28 24 35 59 33 45 39 35 46 50 69 141 177 222 324 424 400 523 722 995 1028 1185 1398 2057 1761 1626 1850 2149 2279 1956 1778 1884 2362 2164 2089 2277 2704 2758 2333 2215 2440 2691 2283 2116 2150 2306 2318 1855 1757 2106 2004 1717 1535 1628 1610 1373 775 636 525 458 509 471 391 236 156 104 65 51 60 42 50 42 42 33 38 40 23 21 23 9 6 5 1 1 1 0 0 0 0 0 0 0 0 0 0 0 0 0 0 0 0 1 0 0 0 0 0 0 0 0 0 0 0 0 0 0 0 0 0 0 0 0 0 0 0 0 0 0 0 0 0 0 0 0 0 0 0 0 0 0 0 0 0 0 0 0 0 0 0 0 0 0 0 0 0 0 0 0 0 0 0 0 0 0 0 0 0 0 0 0 0 0 0 0 0 0 0 0 0 0 0 0 0 
1452 666 658 415 428 495 617 1470 1890 1066 2111 2447 1778 1801 1977 2268 2511 3524 4887 5544 7682 9383 13191 13884 17184 17109 21202 24741 28265 25926 24751 20872 16617 10809 6400 4599 3234 1161 448 227 115 103 114 114 119 125 179 176 180 183 198 218 259 287 253 250 296 298 282 293 317 349 309 311 335 273 295 314 290 262 275 318 287 303 282 319 313 301 308 300 270 246 287 328 288 265 253 232 188 164 135 167 264 280 310 352 456 593 600 817 1044 1302 1360 1414 1586 2089 2131 2109 2028 2409 2559 2162 2369 2684 2934 2459 2440 2551 2700 2772 2248 2165 2591 2743 2487 2253 2249 2563 2325 1721 1635 1547 1347 1131 990 844 560 586 468 412 337 174 144 78 87 84 56 61 56 46 55 45 50 41 38 31 32 37 21 14 13 4 0 2 0 1 0 1 0 1 1 1 2 0 0 0 0 0 0 0 0 0 0 0 0 0 0 0 0 0 0 0 1 0 0 0 0 0 0 0 0 0 0 0 0 0 0 0 0 0 0 0 0 0 0 0 0 0 0 0 0 0 0 0 0 0 0 0 0 0 0 0 0 0 0 0 0 0 0 0 0 0 0 0 0 0 0 0 0 0 0 0 0 0 0 0 


26 7 3 4 2 1 4 5 4 8 5 5 4 3 6 3 0 6 2 1 2 2 5 3 4 2 5 3 2 7 3 6 3 3 5 6 1 6 2 14 29 26 17 31 36 55 76 95 111 120 183 168 228 240 237 266 360 447 473 516 557 578 562 553 495 417 439 448 495 514 543 607 644 666 716 748 755 704 715 738 765 683 754 850 910 1029 1218 1564 2007 2312 2586 2451 2790 3004 3729 3894 4312 4205 4473 4741 5276 5677 5502 5362 5207 5114 5551 5802 6025 6194 5861 5764 5988 6212 6426 6499 6581 6101 5844 5698 5891 6380 6600 6664 6367 6124 6065 6287 7004 6754 6458 6153 5911 5867 6167 6306 6290 5986 5838 6168 6508 6829 7177 7240 7068 6885 6972 7356 7679 7733 7721 7405 7220 7549 7708 8126 8049 7839 7704 7885 7299 7423 7501 7542 6855 6184 6000 5954 5871 5653 5562 5039 4741 4400 4320 4130 3833 3789 3422 3179 3103 3043 3103 2784 2410 2161 1890 1778 1849 1710 1682 1522 1213 1026 1015 900 693 492 370 299 255 259 178 163 106 105 97 83 61 52 31 29 16 21 19 18 21 14 26 20 12 6 8 10 7 3 7 6 6 5 7 1 0 4 5 4 12 12 17 8 6 6 13 11 19 21 11 6 20 5 8 12 26 42 56 1830 
24 2 6 2 4 2 0 5 4 1 6 4 3 3 4 5 5 5 1 3 4 4 2 1 1 2 4 2 6 2 3 4 4 2 4 0 3 5 2 4 3 3 5 7 3 6 2 6 8 6 3 7 4 3 8 7 10 11 13 36 61 90 98 160 149 181 190 249 268 384 392 428 446 480 532 651 588 500 440 473 550 635 638 650 637 592 684 635 731 754 687 618 585 625 709 718 762 690 810 866 1146 1355 1642 1877 1968 2100 2412 2950 3353 3501 3896 3948 4364 4386 5232 5775 6173 5796 5352 5181 5746 6460 6538 6750 6118 5815 5784 6446 7300 6994 6744 6166 5605 5871 6539 6968 6734 6360 6111 6417 7286 7626 7973 7711 7057 6515 6694 7178 7807 7529 7205 6757 6469 6741 7354 7550 7630 7674 7180 7584 7447 7768 8035 8007 7817 7205 7100 7572 8227 8079 7876 7465 6559 6562 6934 7377 7277 6614 5940 5307 5035 5373 5438 5216 4773 4451 4099 4134 4470 4262 3854 3767 3159 2857 2853 2817 2695 2368 1943 1632 1635 1534 1437 1127 883 702 745 672 625 485 339 272 262 228 186 136 110 91 81 77 80 52 28 31 28 21 31 20 13 15 17 11 13 3 6 12 2 13 17 10 8 7 5 10 8 14 27 7 7 9 3 6 12 16 27 1623 
24 0 2 4 4 1 1 1 4 3 2 4 4 3 3 2 3 3 2 3 3 3 2 2 1 2 3 1 2 5 0 4 1 1 3 5 3 5 4 3 1 4 3 6 3 0 2 5 0 4 5 3 2 1 3 6 4 4 2 4 5 5 4 7 16 22 20 33 26 40 67 81 86 107 147 161 162 203 184 222 340 424 439 462 504 547 612 645 756 735 759 670 702 628 717 630 575 456 453 486 506 601 588 509 506 564 563 694 686 810 880 944 947 1001 1074 1290 1496 1575 1705 1973 2265 2861 3300 3691 3718 3990 4290 4752 5890 6014 5970 5777 5377 5666 6029 6647 6613 6287 6075 6117 6882 7466 7507 7382 6659 6462 6975 7802 8548 8655 8168 7511 7073 7447 7968 8412 8490 8291 7764 7720 7516 7879 7900 7864 7452 7211 7181 7537 7800 8168 8353 8166 7603 7504 7922 8189 8017 7619 7147 6401 6427 6671 6830 6690 6265 5745 5292 5256 5566 5459 5482 5549 4762 4531 4640 4708 4720 4403 4148 3721 3677 3589 3456 3133 2788 2751 2810 2659 2574 2248 1927 1646 1619 1633 1561 1361 1189 1027 1007 1078 937 845 665 610 601 570 591 478 377 359 306 323 247 157 89 67 77 75 52 60 43 42 36 35 34 17 35 21 5 11 3 7 13 16 27 1624 


