1
0 0 0 0 0 0 0 0 0 0 0 0 0 0 0 0 0 0 0 0 0 0 1 0 0 0 0 0 0 1 0 0 0 0 0 1 1 0 2 3 2 1 4 3 4 6 5 5 9 4 8 11 11 11 19 12 6 17 13 13 16 23 22 24 35 45 44 47 52 53 53 75 70 79 73 75 75 72 88 84 65 75 83 77 82 85 79 72 73 82 92 81 88 88 86 82 102 91 97 91 92 102 92 109 110 129 102 126 121 157 156 152 152 162 178 198 206 202 192 216 191 228 216 245 227 266 261 282 312 282 324 334 349 346 388 384 440 451 405 457 431 468 457 422 425 452 479 498 494 473 501 510 498 491 501 515 522 527 537 499 470 516 472 422 415 398 387 371 325 332 335 330 276 250 248 208 177 185 166 132 128 107 89 89 61 50 50 43 42 33 36 23 19 13 13 11 10 5 6 8 5 3 3 2 1 0 1 2 0 3 1 0 0 0 0 1 0 0 0 1 0 0 1 0 1 0 2 0 1 0 0 0 1 0 0 0 0 0 0 0 0 0 0 0 0 0 0 0 0 0 0 0 0 0 0 0 
0 0 0 0 0 0 0 0 0 0 0 0 0 0 0 0 0 0 0 1 0 0 0 0 0 0 0 0 1 0 0 0 0 0 0 0 0 0 0 2 0 1 2 0 2 1 1 2 0 3 4 10 4 3 3 7 6 5 12 7 7 10 9 4 8 1 5 10 10 8 14 13 12 15 22 24 31 33 33 35 45 47 36 48 54 45 52 75 53 65 70 68 68 73 65 70 69 79 67 58 60 76 82 64 71 70 74 89 105 85 87 66 89 90 77 93 108 120 112 92 120 121 147 135 139 141 157 173 157 191 197 242 210 219 250 272 265 278 323 307 329 330 331 354 344 386 349 386 379 393 361 381 360 376 376 393 408 478 431 498 483 458 501 504 520 444 538 503 500 450 476 459 447 406 451 403 398 366 379 332 366 330 285 284 271 267 248 210 203 193 202 205 160 141 154 134 126 122 121 86 116 99 128 123 96 97 79 81 74 41 54 42 33 25 18 23 11 8 4 2 1 0 0 1 0 2 0 0 1 0 0 0 0 0 0 1 0 0 0 0 0 0 0 0 0 0 0 0 0 0 0 0 0 0 0 0 
0 0 0 0 0 0 0 0 0 0 0 0 0 0 0 0 0 0 0 0 0 0 1 0 0 0 0 0 0 0 0 0 1 0 0 0 0 0 0 0 0 0 0 0 0 0 1 0 0 0 0 1 0 1 0 0 2 0 0 1 0 1 0 1 0 0 1 1 2 1 1 3 8 4 5 3 1 4 3 9 8 3 5 3 3 5 4 5 5 8 5 7 7 7 8 9 7 10 11 8 17 15 20 21 21 26 27 29 33 50 42 40 56 47 52 48 53 57 62 66 65 74 105 67 78 80 103 89 112 126 118 118 141 138 143 170 174 165 196 181 223 217 213 192 198 241 192 232 235 235 289 240 266 293 298 278 308 310 332 301 282 321 348 342 341 296 385 360 364 383 388 354 353 327 353 312 292 312 298 267 265 246 239 265 247 270 253 311 298 293 289 310 285 350 337 364 358 378 345 365 316 359 347 351 354 319 329 298 312 274 291 270 258 278 254 229 184 186 191 175 193 168 179 169 137 139 131 115 117 108 136 102 113 94 93 101 83 69 44 45 41 24 16 9 8 5 2 2 3 1 1 0 0 0 0 0 


12309 831 529 466 351 312 220 185 178 158 151 175 176 165 173 160 157 189 182 197 210 232 207 243 296 341 357 314 316 300 312 334 262 275 245 249 275 283 287 324 294 300 366 355 459 475 1627 488 433 389 378 359 354 393 332 383 382 352 394 415 416 468 444 465 490 516 587 533 622 623 673 725 676 731 782 825 879 998 959 1042 1053 1120 1164 1195 1241 1328 1360 1439 1491 1653 1572 1758 1776 1876 1941 2045 2191 2234 2281 2420 2482 2581 2610 2776 2853 2877 2932 3042 3124 3134 3287 3313 3368 3467 3548 3674 3735 3831 4151 4180 4034 4155 4220 4329 4468 4672 4488 4769 4907 4978 5108 5035 5295 5460 5549 5377 5583 5537 5343 5327 5231 5228 5395 5374 5268 5425 5364 5440 5459 5358 5413 5575 5646 5479 5650 5531 5639 5619 5670 5654 5554 5763 5756 5748 5791 5958 5865 5979 5920 5920 6039 6211 6140 6169 6203 6305 6377 6376 6363 6554 6539 6662 6732 6673 7047 6892 7009 7284 7528 7583 7653 7766 8178 7977 8229 8248 8513 8552 8721 8927 9102 8943 9188 9028 9062 9312 9268 9612 9602 9444 9531 9503 9368 9252 9441 9251 9282 9174 9080 8881 8727 8529 8484 8254 7770 7402 7276 6845 6717 6586 6372 6157 5751 5215 4956 4684 4452 4361 3910 3688 3350 3010 2818 2410 2242 2094 1828 1646 1490 1317 1187 1190 1087 1755 1811 4867 
13115 724 338 311 222 174 156 178 131 136 146 139 126 136 170 138 135 156 145 166 172 164 201 217 209 201 258 309 356 281 265 216 216 186 220 182 228 230 224 239 244 247 321 302 342 326 350 354 406 1660 524 433 377 376 385 353 347 354 374 333 373 369 380 404 445 412 476 461 500 543 524 552 586 642 689 682 735 784 819 839 904 997 997 1001 1063 1184 1161 1189 1304 1341 1468 1434 1535 1606 1661 1783 1746 1900 1933 2086 2169 2300 2314 2432 2536 2602 2724 2882 2916 2973 3045 3079 3306 3296 3332 3515 3528 3640 3744 3808 3843 3996 4112 4079 4243 4280 4347 4400 4602 4598 4564 4742 4851 4828 4845 4936 5097 5294 5262 5458 5453 5432 5437 5631 5837 5878 6025 5935 6170 6041 5832 5924 5783 5667 5688 5521 5739 5711 5754 5855 5663 5898 5733 5861 5909 5815 5896 5982 6106 6232 6228 6081 6133 6208 6464 6356 6336 6610 6705 6717 6910 6920 6860 6962 6910 7229 7309 7432 7801 7710 8118 8349 8395 8723 8762 8785 8833 8973 9254 9404 9452 9569 9714 9908 10105 10016 10013 10000 10008 10177 10114 10156 10365 10166 10071 9852 10036 9708 9607 9698 9156 9158 8848 8689 8271 7732 7483 7181 6976 6588 6276 5818 5494 5168 4706 4312 4146 3845 3350 3112 2717 2424 2216 1967 1743 1551 1381 1210 1113 877 800 709 733 719 1052 4638 
12218 638 605 290 258 295 292 201 211 172 170 157 124 135 131 151 138 143 153 146 177 185 195 174 185 187 188 183 201 208 268 332 334 280 251 201 201 183 203 175 212 239 212 235 258 297 259 290 290 276 301 292 347 280 311 336 347 337 331 326 339 346 388 332 292 367 359 386 397 395 397 419 438 481 525 533 534 567 614 668 678 716 710 804 814 868 910 955 1023 1067 1162 1140 1203 1238 1303 1341 1428 1464 1572 1693 1768 1685 1874 1882 2066 2103 2299 2250 2372 2515 2577 2628 2834 2939 2977 3022 3133 3245 3340 3335 3619 3598 3660 3829 3845 4017 4107 4188 4265 4320 4488 4436 4591 4583 4813 4911 5024 5039 5203 5200 5502 5628 5839 5598 5913 6069 6022 6015 5837 5839 5619 5658 5629 5592 5766 5772 5849 5792 5857 5936 5827 6033 5813 6049 5891 6076 6004 5990 6104 6038 6351 6130 6310 6181 6567 6381 6431 6404 6776 6741 6743 6869 6867 7091 7207 7329 7232 7440 7574 7696 7920 8193 8351 8498 8648 8993 8959 9063 9339 9476 9486 9597 9931 10128 10145 10598 10492 10840 10520 10619 10677 10674 10618 10694 10913 10602 10443 11438 10279 10145 9868 9714 9458 9276 8807 8466 7963 7712 7626 7216 6569 6316 5789 5520 5267 5151 4635 4196 3768 3452 3060 2718 2458 2250 2048 1818 1601 1487 1206 1146 1019 937 937 968 1432 4558 


