1
0 0 0 0 0 0 0 0 0 0 0 0 0 0 0 0 0 0 0 0 0 1 0 0 0 0 0 0 0 0 0 1 0 1 0 0 0 0 2 0 1 4 2 5 7 9 7 6 3 7 5 14 6 8 6 9 15 14 12 11 26 14 29 30 35 25 48 43 66 53 50 52 68 72 75 81 84 54 62 74 77 75 64 93 67 77 87 88 82 77 73 93 80 92 72 78 76 95 97 98 86 71 91 108 117 125 101 136 131 139 161 159 150 179 194 189 171 226 176 199 202 192 220 236 265 271 283 273 309 292 331 315 338 321 373 371 366 388 385 372 385 398 415 366 434 415 435 437 439 462 466 454 492 511 467 497 504 466 487 461 471 464 474 422 394 388 400 326 331 337 331 297 279 293 250 216 224 205 212 190 145 137 131 90 96 61 78 58 51 36 39 22 22 12 5 18 6 8 9 5 2 3 2 1 1 1 0 0 2 0 0 0 0 0 0 1 0 1 0 0 0 0 0 0 0 0 0 0 0 0 0 0 0 0 0 0 0 0 0 0 0 0 0 0 0 0 0 0 0 0 0 0 0 0 0 0 
0 0 0 0 0 0 0 0 0 0 0 0 0 0 0 0 0 0 0 0 0 0 1 0 0 0 0 0 0 0 1 0 0 0 1 0 0 0 0 0 0 1 1 0 2 1 1 1 3 3 5 5 5 9 4 9 7 6 5 5 5 7 7 2 3 5 6 11 12 11 6 14 15 17 19 23 26 30 35 44 52 32 38 38 45 36 51 76 61 50 58 64 59 69 72 79 66 77 58 58 61 66 70 92 74 75 71 77 78 81 82 84 91 94 99 83 104 122 110 116 105 112 117 143 152 178 160 154 189 186 193 204 225 226 219 258 260 255 252 265 290 285 280 312 330 320 317 276 333 308 339 403 361 357 382 383 409 403 417 406 482 475 434 479 511 499 469 484 501 488 489 467 418 441 436 444 412 397 407 364 329 364 310 326 285 254 256 226 208 198 190 191 178 147 140 124 111 129 108 101 106 113 100 117 94 103 82 68 65 59 59 31 29 24 23 11 15 5 5 0 0 0 0 0 0 0 0 0 0 0 0 0 0 0 0 0 0 0 0 0 0 0 0 0 0 0 0 0 0 0 0 0 0 0 0 0 
0 0 0 0 0 0 0 0 0 0 0 0 0 0 0 0 0 0 0 0 0 0 0 0 0 0 1 0 0 0 0 0 0 0 0 0 0 1 0 0 0 1 0 0 1 0 0 1 0 0 0 0 1 0 0 0 0 0 1 0 0 0 0 1 0 1 0 1 1 2 6 1 1 6 7 7 2 4 4 5 4 4 3 12 3 1 5 6 3 8 4 1 4 4 7 6 15 11 14 11 14 15 13 21 24 13 31 28 31 38 46 40 54 53 51 53 75 55 66 85 61 68 70 72 90 100 93 125 127 120 120 125 117 147 141 166 151 150 157 145 151 187 169 150 176 199 188 212 199 199 212 261 228 291 265 229 286 251 298 273 281 325 328 313 343 332 325 360 378 344 385 371 364 334 325 336 363 301 296 276 300 281 304 250 262 269 246 275 305 293 286 314 321 352 331 351 337 382 357 355 342 306 359 323 333 322 291 278 286 289 283 264 270 238 219 247 206 187 179 189 171 173 164 146 136 136 131 130 123 109 108 102 106 95 95 108 85 73 48 45 19 17 14 12 9 5 2 3 2 1 0 1 0 0 0 0 


31352 1137 2707 1599 1228 2210 2267 2057 1901 1556 1371 1406 1331 1423 1541 1514 1379 1339 1260 1195 1212 1096 1050 981 940 883 848 793 838 964 1111 1112 921 788 618 557 559 506 495 510 502 583 631 636 673 687 1857 748 703 648 618 621 591 623 675 639 622 711 629 665 665 598 644 621 558 669 622 623 593 568 584 632 638 695 714 730 775 791 822 809 897 869 969 1003 1078 1128 1170 1179 1241 1284 1365 1426 1470 1518 1548 1678 1638 1773 1786 1759 1897 1941 1981 2093 2060 2120 2213 2283 2394 2371 2460 2424 2529 2582 2690 2807 2812 2944 3395 3279 3363 3654 3868 4124 4428 4589 4812 5267 5465 5668 5865 5788 6056 6308 6478 6725 6833 6574 6560 6806 6190 5480 5436 5228 4834 4798 4832 4919 4925 4862 4632 4471 4496 4566 4477 4408 4452 4597 4516 4691 4552 4628 4602 4577 4563 4793 4796 4831 4897 4919 4852 5160 5094 5215 5306 5417 5396 5566 5653 5653 5768 5882 6041 5947 6149 6280 6465 6527 6653 6679 6864 6925 7081 7155 7280 7269 7537 7570 7490 7884 7868 7988 8046 8144 8074 8229 8235 8529 8554 8698 8410 8573 8427 8569 8674 8765 8702 8795 8645 8294 8340 8184 8272 8261 7873 7606 7248 7048 6894 6935 6943 6785 6507 6091 5872 5516 5429 5143 4909 4603 4278 4005 3753 3334 3098 2877 2524 2385 2175 1869 1810 1605 1469 2127 2199 5447 
38050 3709 2132 1950 1626 1392 1401 1545 1589 1601 1456 1345 1318 1229 1268 1362 1158 916 803 760 731 690 725 701 576 555 530 616 672 627 855 724 647 542 493 444 443 357 340 360 346 410 405 427 438 440 464 470 553 1749 649 506 467 450 466 479 460 488 489 523 520 528 589 608 674 633 652 572 653 806 856 808 695 735 705 755 818 758 809 806 838 829 907 939 887 975 1037 1092 1146 1208 1189 1264 1270 1331 1428 1479 1551 1590 1597 1645 1742 1725 1778 1906 1941 1941 2069 2062 2146 2246 2296 2357 2362 2438 2562 2543 2563 2665 2634 2705 2685 2818 2888 2839 2955 2962 2994 3016 3064 3136 3157 3154 3345 3341 3262 3317 3308 3308 3363 3476 3442 3394 3490 3466 3642 3510 3649 3564 4053 3696 3695 3769 3757 3830 3800 3912 3873 3813 4003 4101 4015 4118 4099 4132 4238 4236 4336 4450 4636 4566 4864 4975 4904 5133 5227 5319 5581 5794 5960 6040 6367 6597 7134 7529 7805 8152 8576 9067 9449 9973 10698 11430 11476 12162 12906 13330 13466 12951 12459 11351 10964 10366 10455 10028 9954 9667 9343 9449 9297 9549 9515 9237 9321 9354 9422 9321 9432 9275 9243 9217 9016 8937 8790 8574 8413 8041 7672 7533 7279 7121 6957 6838 6442 6066 5630 5439 5117 4766 4434 4209 3731 3298 3033 2792 2466 2318 2003 1682 1523 1265 1057 961 853 815 1153 4851 
34880 2861 2449 2308 2190 1936 1793 1790 1697 1749 1686 1458 1423 1376 1434 1303 1215 1063 974 819 746 759 664 645 538 522 496 572 652 701 802 754 644 546 469 396 433 379 311 268 243 267 264 290 249 267 299 313 321 341 329 358 374 369 333 348 407 392 360 421 428 400 417 454 469 470 494 489 519 498 574 557 621 631 686 647 604 602 636 680 700 645 749 766 785 791 857 926 909 929 991 1130 1153 1185 1219 1276 1374 1423 1488 1544 1604 1693 1771 1807 1878 1909 1951 1921 2064 2054 2075 2099 2158 2165 2328 2341 2465 2473 2550 2577 2578 2593 2779 2744 2751 2729 2906 2927 2942 2951 3060 3007 3106 3112 3205 3298 3358 3330 3412 3397 3411 3410 3488 3561 3524 3428 3559 3600 3795 3759 3785 3824 3729 3788 3809 3974 4013 3993 3991 3982 4131 3978 4008 4158 4228 4267 4396 4185 4474 4406 4595 4702 4701 4814 4826 5124 5165 5279 5391 5457 5664 5752 5909 6002 6067 6327 6228 6494 6589 6764 7024 7094 7091 7460 7518 7696 7799 7971 8005 8257 8468 8393 8723 8766 8664 8995 9318 9345 9552 9493 9663 9721 9801 9950 9982 9897 9890 11017 9892 9691 9762 9760 9589 9489 8910 8745 8235 8143 7958 8032 7751 7684 7838 8114 8663 10109 10807 11533 12771 14180 14475 13313 10364 6985 4449 3082 2333 2010 1803 1534 1368 1208 1157 1174 1671 4943 


