1
0 0 0 0 0 0 0 0 0 0 0 0 0 0 0 0 0 1 0 0 0 0 1 0 0 0 0 0 0 0 1 0 0 1 1 0 1 1 0 5 3 4 4 2 1 3 5 6 4 2 5 4 7 3 1 2 0 5 3 2 5 4 3 4 10 5 5 5 4 6 9 4 5 3 9 10 11 10 10 9 11 16 13 8 16 18 11 9 20 15 18 16 21 19 21 15 25 21 20 24 16 21 16 15 13 22 12 11 13 13 15 16 15 14 20 14 12 12 14 14 15 14 13 13 12 10 7 13 10 14 11 9 9 11 14 7 6 11 13 19 7 11 11 10 4 15 8 8 7 12 8 9 11 5 9 15 11 9 16 2 10 9 16 8 11 12 7 10 12 13 10 13 9 11 13 11 12 7 11 9 11 14 10 11 7 17 12 13 12 19 7 6 10 10 9 9 10 14 14 6 10 12 5 8 4 8 2 9 4 8 6 5 8 4 6 7 6 6 2 1 9 8 2 9 7 3 13 4 6 8 8 5 3 10 5 4 3 10 4 3 11 10 7 12 6 9 10 11 16 14 18 20 34 52 91 338 
0 0 0 0 0 0 0 0 0 0 0 0 0 0 0 0 0 0 0 0 0 0 0 0 0 0 0 0 0 0 0 0 0 0 1 0 1 0 2 0 1 0 3 0 0 0 2 4 1 1 0 1 3 0 1 0 1 0 0 2 1 1 0 1 1 1 2 5 4 3 0 3 1 1 2 4 4 8 1 4 10 8 7 6 7 9 6 8 8 13 10 11 15 12 11 17 14 19 17 11 16 16 13 20 12 19 17 17 15 13 18 17 16 9 22 15 21 20 16 19 14 22 12 13 15 20 25 20 11 14 13 23 9 14 16 10 12 6 7 8 8 12 9 6 10 6 9 7 6 14 6 16 8 3 8 6 8 10 4 11 11 10 4 9 12 11 7 13 6 9 7 16 14 11 11 10 5 12 7 14 12 16 7 17 15 10 15 17 11 8 9 15 14 13 9 7 18 15 19 6 15 25 11 18 13 14 13 18 10 12 11 11 4 11 15 10 12 17 10 14 6 8 10 12 8 5 7 1 3 7 8 7 7 6 4 11 7 9 6 10 7 10 9 8 2 10 8 7 9 12 17 33 38 34 126 342 
0 0 0 1 0 1 2 1 2 6 7 3 6 12 7 16 17 26 38 56 49 48 41 40 24 19 31 20 15 13 11 19 11 20 9 10 6 14 10 13 12 7 11 15 11 8 10 8 11 10 16 9 4 10 10 15 4 4 9 8 9 2 7 12 4 5 3 2 11 5 8 9 6 10 8 10 10 8 10 7 8 6 7 4 10 5 10 9 10 6 8 8 4 5 6 7 5 4 4 1 6 5 6 10 7 7 9 4 5 4 5 4 0 9 11 8 6 5 6 6 8 8 2 7 4 12 9 9 6 5 4 9 4 4 13 6 3 5 7 1 6 5 8 6 9 9 5 6 12 9 12 6 7 11 11 7 10 8 10 9 15 8 11 12 7 15 7 9 7 6 5 5 8 7 10 2 10 6 7 6 9 3 10 4 5 4 6 12 7 4 3 11 4 2 5 4 3 5 3 5 3 3 5 4 6 8 10 8 3 3 9 6 3 6 3 3 6 3 6 3 3 4 10 4 5 4 4 2 6 3 4 6 16 8 5 3 9 10 6 9 5 16 11 7 5 12 12 12 17 18 15 30 32 57 119 236 


67890 4402 2161 1702 1428 1484 1190 1277 1416 1417 1261 1153 1090 1017 953 934 910 895 761 805 796 792 848 838 791 808 848 848 819 803 814 753 807 686 731 717 726 710 814 783 744 817 926 827 823 870 1962 881 730 719 737 699 748 719 768 746 732 736 786 791 815 765 741 758 810 770 845 780 863 835 867 908 927 858 866 915 988 842 908 973 915 1057 953 966 939 911 991 942 891 928 975 989 1032 964 1095 1087 1187 1089 1076 1089 1186 1228 1219 1218 1282 1310 1280 1315 1367 1378 1388 1289 1335 1249 1289 1286 1250 1293 1545 1345 1396 1353 1416 1396 1494 1594 1579 1579 1660 1766 1777 1820 1831 1967 1972 2085 2225 2282 2393 2487 2486 2596 2714 2848 2846 2904 3013 3126 3226 3310 3447 3436 3794 3851 3927 4071 4249 4366 4429 4482 4625 4853 4857 4952 5133 5168 5291 5386 5388 5644 5642 5674 6069 6236 6136 6385 6398 6348 6682 6739 6644 6994 7082 7219 7314 7371 7486 7448 7580 7630 7517 7477 7629 7730 7498 7702 7783 7793 7768 7910 7899 8087 8177 8303 8179 8406 8460 8636 8645 8819 9142 9172 9258 9307 9178 9452 9360 9628 9813 9831 9963 10095 10174 10007 10069 10144 10274 10010 10101 9904 9808 9924 9531 9072 8707 8854 8463 7925 7606 7250 6688 6095 5743 5226 4925 4536 4120 3781 3523 3154 2923 2693 2413 3259 3794 10717 
68054 3913 1591 1309 1280 1342 1293 1549 1372 975 894 772 775 738 697 700 681 717 713 655 663 687 705 723 790 796 753 785 708 736 751 756 733 703 675 621 617 707 677 630 610 601 619 572 650 802 866 905 943 2086 939 819 713 721 713 757 733 740 713 686 728 807 732 831 763 836 840 785 830 848 878 848 881 878 906 917 992 1032 1078 1025 1141 1118 1186 1101 1088 1067 1062 1194 1079 1139 1107 1088 1104 1022 1207 1151 1192 1189 1150 1227 1254 1270 1225 1264 1289 1240 1262 1187 1301 1332 1342 1322 1399 1521 1523 1566 1612 1688 1659 1696 1637 1650 1758 1733 1723 1696 1706 1781 1928 1966 1861 1946 1983 2001 2078 2133 2036 2103 2112 2234 2223 2318 2375 2443 2564 2522 2725 2763 3287 2981 2989 3178 3417 3532 3590 3787 3915 3968 4079 4421 4383 4452 4481 4698 4727 5051 5177 5121 5296 5427 5678 5543 5797 6027 6227 6431 6551 6776 6897 6888 6948 7041 7047 6991 7095 7057 7170 7220 7222 7458 7496 7454 7507 7664 7748 7732 7893 7736 7883 7806 8024 8208 8163 8284 8450 8547 8565 8632 8853 9062 8930 9006 9238 9236 9453 9635 9555 10000 10119 10030 10323 10442 10779 10826 10726 10706 10673 10637 10671 10476 10485 10339 10109 9909 9646 9421 8870 8534 8201 7610 7009 6465 5994 5443 4825 4363 4069 3561 3211 2750 2459 2159 2059 1905 2631 9761 
64950 3000 2934 1362 1556 1353 1307 1217 1389 1478 1307 1101 1040 815 815 695 791 791 768 771 790 757 776 739 795 757 811 844 837 911 907 833 791 749 782 724 780 738 796 709 633 580 609 573 572 559 604 665 581 612 679 684 702 628 725 774 955 1017 873 786 760 774 685 804 810 790 819 847 939 931 981 961 931 978 1027 1062 1135 1108 1138 1230 1122 1104 1128 1153 1168 1124 1010 1121 973 1051 1032 1044 1046 1036 1101 1039 1112 1084 992 1055 1016 1050 1072 1068 1058 1088 1095 1130 1164 1226 1123 1258 1227 1272 1247 1320 1325 1335 1293 1393 1478 1457 1555 1582 1549 1556 1463 1509 1534 1574 1492 1561 1527 1552 1662 1609 1752 1812 1769 1824 1884 1932 2003 2030 2160 2253 2360 2506 2438 2633 2698 2788 2951 3020 3178 3315 3390 3658 3759 3824 4140 4068 4093 4551 4484 4624 4649 4747 4936 5108 5306 5372 5473 5671 5895 5923 6067 6210 6486 6756 7010 7084 7056 6934 7088 7053 7077 7080 7109 7327 7393 7542 7502 7508 7896 7761 7742 7985 8074 7940 8228 8118 8154 8339 8221 8355 8508 8534 8660 8725 8835 9114 9130 9246 9196 9365 9661 10791 9915 9915 10438 10266 10868 10736 11164 11120 10980 10925 10900 10946 10759 10878 10700 10638 10577 10645 10387 9688 9358 8918 8606 7967 7391 6722 6146 5610 4948 4450 4091 3742 3324 2964 2760 2727 3587 10103 


