1
0 0 0 0 0 0 0 0 0 0 0 0 0 0 0 0 0 0 0 0 0 0 0 0 1 1 1 0 0 0 0 0 0 1 0 0 0 1 2 0 5 3 5 5 11 10 12 9 13 17 15 25 21 19 20 17 17 21 24 38 40 60 67 68 92 100 91 107 113 111 140 157 176 176 187 169 192 172 207 200 209 188 212 204 183 232 216 227 231 247 200 249 259 226 259 245 259 270 231 257 287 270 302 310 339 357 395 387 373 403 433 491 475 545 537 526 574 556 525 600 549 597 612 687 703 686 753 772 791 805 821 880 913 905 919 950 974 937 963 976 993 966 1077 1038 1014 1034 1062 1115 1079 1145 1102 1080 1180 1160 1112 1177 1180 1167 1161 1176 1132 1152 1120 1031 947 995 937 870 856 788 760 772 724 708 656 584 592 554 539 445 417 351 302 286 250 190 173 150 135 114 101 94 64 55 38 40 29 29 25 24 14 8 5 6 4 2 3 2 8 3 1 0 1 2 0 2 3 4 5 7 3 5 1 3 2 3 0 1 3 3 1 1 0 0 2 4 2 3 1 2 1 0 1 1 0 1 0 0 1 1 0 0 0 0 0 0 
0 0 0 0 0 0 0 0 0 0 0 0 0 0 0 0 0 0 0 0 0 0 0 0 0 1 2 0 0 0 0 0 0 0 0 1 0 0 1 1 0 1 0 0 0 0 3 3 3 9 9 12 8 10 10 11 14 19 25 9 18 14 13 8 13 15 19 13 20 20 23 34 35 51 32 61 68 80 90 110 93 105 107 106 117 142 112 167 154 166 174 173 166 198 204 214 189 231 184 212 204 225 248 211 210 197 223 248 242 257 277 277 289 282 261 321 348 330 332 335 380 362 370 353 438 453 426 441 466 528 552 588 599 578 632 609 606 637 671 686 715 700 718 756 761 736 768 781 778 815 757 803 809 775 799 867 855 926 980 1002 1071 1088 1099 1163 1137 1205 1239 1193 1238 1245 1177 1128 1133 1175 1130 1151 1098 1066 1116 961 985 916 888 849 812 729 677 649 591 570 588 501 462 404 397 373 307 319 337 289 310 299 350 293 258 270 262 218 175 159 132 104 88 89 42 56 41 20 19 6 3 6 3 7 1 2 2 4 1 0 1 0 3 1 5 3 2 0 1 3 0 1 0 0 0 0 1 1 0 0 0 0 0 0 0 0 
0 0 0 0 0 0 0 0 0 0 0 0 0 0 0 0 0 0 0 0 0 0 0 0 0 0 0 0 0 0 1 0 0 0 1 0 1 0 0 0 0 0 0 1 0 0 0 0 0 3 0 0 0 2 1 2 1 3 3 2 1 2 4 3 1 1 2 7 4 2 7 5 6 9 13 5 14 12 13 24 15 25 23 21 22 27 26 20 27 28 31 40 31 26 41 44 30 37 56 53 63 58 91 87 87 85 102 118 124 122 139 142 162 152 175 178 188 211 202 200 232 247 224 216 264 257 277 287 335 331 325 338 341 347 360 347 346 358 368 372 413 400 378 392 360 448 388 415 437 458 498 478 540 520 530 522 584 533 604 588 665 710 681 750 762 737 838 811 896 927 834 980 896 898 874 869 882 851 878 860 834 779 774 772 732 701 715 765 754 814 814 811 835 862 905 933 1007 969 924 916 888 864 909 978 850 827 810 796 735 753 694 753 724 631 618 619 564 581 524 513 482 436 454 423 375 388 335 337 305 365 300 300 297 287 286 265 222 220 137 113 101 63 39 31 16 16 8 8 6 4 5 0 1 0 0 0 


1 0 5 5 3 3 3 1 6 4 1 2 5 4 5 3 2 4 6 7 16 13 9 6 5 7 14 11 6 13 11 19 17 10 18 18 24 27 28 37 41 54 61 73 136 173 1369 184 144 103 80 86 100 90 85 110 143 128 138 160 164 188 169 213 231 204 276 260 270 276 313 326 334 351 366 390 449 455 461 478 515 511 532 582 568 647 633 646 661 754 690 759 828 768 890 875 925 971 1064 1060 1075 1086 1120 1261 1237 1255 1300 1347 1439 1370 1499 1494 1535 1698 1684 1699 1793 1784 2112 1945 1952 1976 2071 2028 2117 2280 2234 2306 2335 2363 2430 2539 2493 2581 2742 2754 2736 3021 3060 3081 3210 3308 3399 3462 3386 3651 3734 3811 3919 4102 4070 4195 4437 4622 4695 4786 4880 5079 5293 5330 5561 5494 5547 5708 5859 6187 6089 6425 6319 6683 6745 6850 7115 7275 7249 7522 7620 7890 7868 8083 8225 8426 8613 8471 8713 8953 9118 9332 9247 9461 9566 9734 10009 9855 9942 10348 10255 10398 10358 10483 10592 10836 10753 10690 10560 10985 11051 10979 10782 11102 10860 10834 10786 10982 10637 10724 10548 10585 10550 10351 10168 10191 10013 9933 9471 9483 9069 8778 8639 8496 8178 7641 7481 7049 6650 6153 6057 5878 5436 4950 4524 4045 3577 3189 2912 2581 2317 2093 1949 1617 1524 1300 1199 1728 1574 4689 
0 0 3 4 4 3 1 3 9 2 1 2 1 3 5 9 3 2 2 4 18 12 6 6 2 3 12 6 8 8 11 10 9 15 15 15 8 16 26 21 25 37 22 27 57 38 55 84 157 1407 264 137 98 84 76 78 92 97 117 113 127 142 142 169 162 183 199 206 207 238 260 267 271 298 312 329 325 352 366 409 434 470 484 498 472 509 497 548 579 584 702 692 686 750 721 752 853 834 852 874 954 1000 1029 1081 1119 1086 1224 1219 1218 1352 1297 1372 1364 1430 1572 1548 1608 1583 1677 1754 1832 1855 1880 1944 1942 1981 2076 2152 2265 2287 2290 2318 2474 2465 2542 2524 2567 2739 2671 2771 2934 2954 3092 3266 3273 3378 3466 3503 3882 3799 3860 4047 3977 4182 4308 4382 4748 4675 4861 5074 5093 5183 5412 5515 5547 5818 5873 5998 6086 6244 6505 6573 6838 6844 6994 7175 7524 7628 7764 7893 8109 8375 8488 8736 8887 8762 9010 9038 9373 9500 9663 9779 9994 9989 10153 10377 10376 10183 10434 10849 11002 10905 11094 11280 11225 11135 11341 11493 11471 11424 11626 11502 11427 11438 11460 11473 11440 11150 11360 11360 10909 11139 11064 10656 10391 10124 10001 9767 9432 9057 8845 8562 8070 7643 7200 7077 6622 6051 5614 5216 4545 4205 3449 3100 2829 2473 2143 1839 1574 1321 1101 888 811 753 1103 4813 
0 0 0 1 1 3 4 3 3 1 1 0 3 1 1 0 3 0 1 2 13 15 3 3 1 0 4 6 0 0 4 6 3 1 2 5 6 7 13 6 10 14 12 14 15 23 23 32 24 33 28 46 49 47 45 43 44 61 43 48 68 73 74 80 91 101 118 120 128 151 154 152 181 184 203 235 233 237 274 277 290 335 332 357 392 375 403 437 434 464 503 487 557 576 603 639 619 654 708 731 781 732 861 867 927 972 965 1020 1038 1047 1079 1244 1212 1258 1235 1349 1321 1416 1507 1515 1604 1634 1643 1701 1744 1889 1775 1982 1963 1968 2109 2084 2197 2267 2316 2367 2450 2581 2596 2607 2610 2695 2701 2793 2953 3012 3112 3214 3308 3282 3422 3603 3662 3737 3938 4074 4043 4281 4521 4553 4655 4788 4871 5079 5209 5284 5437 5549 5673 5834 6027 6218 6234 6473 6582 6756 6708 7032 7296 7438 7632 7946 8140 8159 8400 8612 8853 8892 9189 9299 9566 9716 9971 9946 10129 10246 10334 10443 10621 10618 10629 11007 10928 11212 11240 11354 11689 11562 11680 11887 11933 11855 12160 11949 11975 11989 12189 12948 11986 11957 11885 11875 11879 11777 11337 11104 11117 10656 10590 9975 9952 9429 9159 8740 8427 8381 7663 7130 6544 6196 5531 5111 4441 3958 3625 3052 2703 2325 1869 1670 1487 1240 1111 1018 1449 4869 


