1
309 127 80 35 6 18 9 6 2 3 1 2 2 1 2 0 0 4 1 0 2 1 2 4 3 1 3 0 3 3 5 2 2 0 0 1 0 3 1 0 2 1 0 2 2 1 1 0 2 1 2 1 0 1 1 0 1 2 2 2 1 1 3 0 1 0 0 2 2 1 1 2 1 2 0 0 0 2 0 0 0 1 0 1 2 2 1 0 3 0 1 1 1 1 1 4 6 0 2 3 3 2 4 3 0 3 9 8 11 14 11 19 27 41 50 87 94 115 139 126 162 181 195 229 213 245 287 347 1312 294 291 269 223 225 210 249 209 195 239 208 240 277 255 235 202 200 205 205 251 162 184 184 252 244 222 257 272 328 338 363 490 647 313 416 535 335 355 409 296 417 417 370 414 292 262 247 252 269 245 233 229 235 188 190 177 184 187 179 157 179 164 178 155 185 181 156 191 159 150 151 137 151 163 185 188 179 153 155 154 167 157 154 155 158 143 94 69 45 22 13 6 9 5 8 3 4 7 1 1 2 2 2 3 2 0 2 0 0 0 0 0 0 0 0 0 0 0 0 0 0 0 0 0 0 0 0 
265 180 67 21 9 7 20 5 6 5 3 4 2 1 1 2 3 1 0 2 3 1 0 1 0 1 4 1 3 2 2 2 3 2 3 1 2 2 1 0 2 1 2 1 0 2 0 1 0 1 0 3 1 1 2 0 1 2 0 2 1 1 0 1 2 0 1 3 1 1 0 2 1 2 1 0 0 0 2 6 1 0 0 0 1 0 0 0 0 0 2 1 1 2 0 1 1 2 0 0 0 3 0 7 2 2 1 2 3 2 2 2 2 2 3 3 4 3 9 9 13 6 14 7 11 23 19 53 95 108 116 139 128 152 182 378 1457 344 343 333 295 289 283 255 272 291 249 269 275 302 277 272 304 280 272 296 287 334 286 267 277 256 261 299 291 310 314 290 321 324 342 350 331 349 398 540 591 611 931 458 451 777 569 428 348 245 214 229 223 180 182 229 212 208 219 184 196 221 218 214 218 207 186 197 180 177 178 134 82 57 26 16 13 8 6 2 4 3 5 2 1 1 1 1 0 0 0 0 0 0 0 0 0 0 0 0 0 0 0 0 0 0 0 0 0 0 0 0 0 0 0 0 0 0 0 0 
0 0 0 0 0 0 0 0 0 0 0 0 0 0 0 0 0 0 0 0 0 0 0 0 1 0 0 1 0 1 0 1 3 1 0 0 2 2 1 1 0 0 0 0 0 0 2 0 1 1 0 0 1 0 0 0 1 1 0 0 1 1 0 1 0 1 0 1 0 0 0 0 0 0 1 0 0 1 0 2 0 0 1 1 2 0 0 1 1 0 1 0 0 0 0 1 0 0 0 0 0 1 0 0 0 0 0 1 2 0 2 0 0 0 0 0 0 1 1 2 0 4 4 3 5 21 14 6 9 22 21 22 19 18 35 52 84 98 203 226 256 309 360 1373 341 243 268 307 417 475 464 472 405 430 429 433 423 513 503 577 552 483 501 559 483 439 397 432 443 390 353 371 295 330 354 312 332 308 293 315 301 311 299 293 276 284 265 257 262 249 272 280 257 226 199 150 206 264 560 1096 947 349 136 23 5 3 0 1 2 1 0 1 0 0 0 0 1 0 0 0 0 0 0 0 0 0 0 0 0 0 0 0 0 0 0 0 0 0 0 0 0 0 0 0 0 0 0 0 0 0 0 0 0 0 0 0 


18511 1107 1686 1052 1025 1202 1391 1169 1130 1052 925 820 761 709 641 609 570 598 517 568 547 540 549 521 527 517 505 481 511 491 459 486 509 584 606 640 622 688 619 631 501 556 600 571 643 634 1821 600 578 577 659 679 686 699 652 639 598 570 506 462 457 451 492 465 425 363 415 395 388 332 329 320 369 331 332 338 354 384 368 357 381 387 370 407 366 347 365 383 369 361 380 413 389 396 382 423 474 409 456 476 459 473 479 517 525 508 509 506 509 528 541 553 583 590 644 684 692 759 1119 914 878 948 1016 1014 1214 1282 1327 1540 1678 1795 1960 2188 2496 2972 3716 4942 5874 6566 7524 8038 9092 10441 10948 10716 10366 10870 11221 11693 12811 13459 13379 12883 12038 12553 11964 11968 10814 10396 10275 10850 11231 10469 9161 8548 7733 7403 7576 8220 8175 8027 7726 7724 7474 7819 8326 8402 8242 8249 8386 8015 8053 8592 8614 8884 8057 7356 7476 7356 7333 7107 7172 7403 7524 7308 7221 7118 7383 7800 8439 7801 7653 7711 8003 7733 7712 7707 7934 7625 6711 6325 6228 6226 5952 5847 5857 5021 4585 4376 4093 3753 3454 3948 4176 4472 4374 4706 4793 4531 4348 4677 4410 4085 4121 4186 4385 4068 4613 4553 6800 7387 4373 4772 4492 5954 3961 4931 3372 4211 3528 4060 3423 2165 2442 2071 1688 3182 
22621 2096 1327 1267 1105 996 863 817 722 676 605 594 556 477 593 525 587 587 579 608 508 482 474 482 459 539 529 529 591 710 728 740 580 508 659 651 522 446 497 504 520 516 560 647 616 694 609 577 594 1830 716 608 501 517 474 476 461 408 413 462 409 395 385 420 376 343 321 314 317 321 306 294 305 306 287 304 317 315 330 343 351 337 357 340 333 356 360 329 382 366 349 383 414 421 397 402 487 442 428 462 489 471 493 495 459 496 521 487 539 560 609 583 653 669 706 819 788 828 870 908 887 951 1010 986 1036 1044 1018 1191 1146 1196 1246 1273 1347 1390 1488 1564 1644 1694 1820 1848 1859 1864 1953 2105 2258 2340 2595 2624 2996 2861 2931 2752 2784 2522 2401 2388 2326 2402 2344 2435 2407 2425 2402 2479 2524 2560 2632 2774 2791 3092 3560 4097 4857 5522 6565 8098 9354 11090 12882 14450 15069 15406 15910 16137 16515 17813 17497 16873 16591 15590 15875 16311 13831 12347 12008 12133 13184 13933 13881 14081 13798 13859 13772 13223 12079 11222 10425 10061 9582 9109 9185 9099 8348 7882 7361 7288 7315 7838 9314 9310 8956 8581 8483 8972 7495 7055 6289 6469 6677 6497 7123 6868 6989 6682 6059 5930 6144 6065 5489 5377 5306 5750 5880 6032 5294 5576 4273 4866 4778 3889 3746 3457 1109 935 968 3791 
22139 2579 1705 1322 1160 1044 995 830 779 690 698 671 567 593 622 605 611 602 622 557 617 632 685 779 857 646 593 688 661 519 499 511 501 578 539 608 715 641 631 569 506 499 521 518 557 495 479 499 452 428 428 452 377 409 443 418 461 380 392 437 405 363 329 349 279 311 297 318 319 311 304 315 288 315 315 348 364 364 362 320 363 390 348 354 389 388 403 385 401 466 445 452 496 444 479 508 517 540 482 494 477 520 507 562 621 575 595 605 695 768 785 871 823 889 894 957 989 1074 1108 1196 1296 1341 1508 1476 1491 1653 1895 1896 1871 1919 1911 1993 1898 2176 2150 2306 2282 2384 2430 2505 2497 2579 2459 2231 2223 2111 1990 2038 1965 2006 1996 1981 2049 2036 2107 2292 2181 2260 2280 2420 2420 2354 2432 2368 2486 2421 2576 2525 2668 2669 2863 2822 2896 3002 2990 3228 3185 3276 3337 3364 3382 3723 3650 3718 3775 3837 3877 3741 3995 3850 3885 3772 3650 3366 3332 3328 3408 3633 3119 3092 3635 3050 2897 2493 2001 2082 1897 1829 1686 1512 1553 1534 1373 1457 1845 1880 1862 3201 2677 4174 6620 9332 13626 18793 21677 23922 24502 24088 23556 22172 21194 20882 20533 21568 19821 18812 16437 15704 15632 15303 15443 14939 13446 12521 12444 12460 12792 13090 14080 14325 13987 13010 12567 13487 24921 40107 


