1
0 0 0 0 0 0 0 0 0 0 0 0 0 0 0 1 0 0 0 1 0 2 0 0 1 3 1 2 2 1 0 0 1 2 0 4 2 6 6 5 7 9 7 10 7 13 7 8 9 8 10 6 9 7 12 7 4 11 6 9 9 5 12 11 13 9 11 9 9 15 10 10 24 18 25 36 29 35 39 36 18 38 40 49 33 39 38 40 60 44 41 38 22 34 32 39 36 26 28 23 39 24 32 24 19 28 20 28 27 23 28 26 25 19 14 14 16 13 20 12 19 21 18 10 29 15 19 25 21 16 16 15 16 14 19 18 20 24 16 15 17 23 20 19 18 16 24 14 23 16 26 15 18 14 15 15 22 21 21 12 13 16 22 15 17 14 24 17 23 21 18 16 12 14 29 20 13 7 9 9 14 11 12 14 10 9 8 8 8 5 4 12 5 11 5 2 4 10 8 7 4 8 6 6 3 5 9 7 3 13 5 13 7 3 8 3 12 5 12 9 6 12 15 5 4 11 10 14 9 12 10 7 12 9 13 11 14 13 9 13 16 8 12 15 16 25 27 28 25 48 54 82 110 98 166 334 
0 0 0 0 0 0 0 0 0 0 0 0 0 0 0 0 0 0 0 0 0 0 0 0 0 0 1 1 0 0 0 1 0 4 0 2 3 1 2 3 3 0 4 1 1 2 1 6 1 3 1 3 0 1 0 3 4 0 2 4 4 5 1 4 1 0 1 3 6 3 9 6 4 12 11 20 12 12 22 20 23 22 24 25 27 30 22 26 26 34 33 33 30 37 32 27 19 32 30 27 45 31 28 33 31 37 30 32 38 33 33 24 32 31 28 29 28 28 30 24 19 20 38 31 32 26 16 14 14 17 19 17 13 19 17 19 14 19 18 15 12 16 9 19 13 15 10 11 7 18 14 12 18 20 23 10 20 18 9 21 15 19 24 12 29 17 17 24 6 21 20 20 22 28 24 16 24 18 27 18 33 21 25 28 23 31 21 29 18 33 30 19 15 19 24 25 21 20 12 14 20 6 9 12 9 12 16 6 11 15 9 9 7 11 9 8 9 14 13 10 13 2 15 13 9 12 10 7 12 8 7 10 13 10 9 8 7 13 9 14 26 23 47 42 76 86 70 104 130 109 107 52 45 36 35 29 
0 0 0 0 1 1 1 0 3 4 2 5 11 6 23 23 46 61 109 128 115 103 79 53 43 40 41 26 19 31 27 25 23 21 20 29 20 11 15 26 22 16 11 17 19 23 11 17 17 16 12 19 19 21 13 16 17 15 19 12 18 12 14 12 10 10 9 15 16 13 10 11 18 11 11 10 15 15 10 11 10 5 14 13 14 13 13 8 8 14 8 10 13 10 14 16 15 12 9 7 6 7 8 18 7 6 9 8 14 12 7 10 13 12 9 8 5 10 16 11 11 12 17 12 9 10 8 7 13 14 8 16 17 12 14 12 15 15 17 21 13 11 20 24 15 16 20 14 20 9 12 14 22 17 16 19 12 15 19 18 13 5 10 9 6 4 12 13 5 6 13 12 6 14 10 13 7 9 9 9 6 2 9 9 7 4 3 10 7 10 9 8 11 6 9 7 7 2 6 3 5 5 4 4 6 6 7 11 8 8 3 10 8 8 6 9 10 12 9 7 8 6 6 8 7 7 7 12 19 9 16 21 22 49 57 110 101 77 78 110 104 106 44 23 26 19 14 10 15 8 11 8 8 4 6 1 


0 1 5 6 3 2 3 3 9 0 3 4 2 5 7 6 5 14 16 9 7 12 13 14 15 14 12 20 26 26 28 36 35 32 41 63 59 45 45 59 53 87 92 94 174 219 1375 191 168 153 126 113 130 113 127 108 132 132 153 146 175 195 209 181 202 212 210 219 256 266 257 295 289 341 403 377 365 429 442 483 512 556 543 585 629 652 681 641 692 735 743 862 885 793 887 937 945 1011 1045 1143 1059 1115 1172 1292 1389 1387 1409 1469 1549 1491 1615 1702 1738 1814 1831 1936 1982 2092 2372 2215 2307 2312 2378 2302 2477 2514 2636 2701 2740 2861 2807 3008 3009 3067 3159 3255 3210 3433 3539 3576 3616 3694 3930 3907 3989 4168 4303 4307 4346 4457 4640 4666 4943 4845 5218 5173 5384 5546 5642 5699 5658 5903 5937 6102 6227 6249 6444 6478 6740 6784 6941 6936 7158 7202 7341 7569 7601 7809 7849 8090 8167 8319 8494 8542 8698 8862 9122 9169 9349 9474 9646 9942 10070 10190 10383 10470 10619 10642 10863 10947 11499 11502 11540 11837 11964 11978 11827 11833 12031 12082 12060 12121 12101 11938 11957 12050 11952 11807 11809 11753 11414 11368 11120 10894 10736 10334 9755 9616 9286 8884 8661 8220 7640 7307 6833 6543 6020 5858 5370 4985 4546 4175 3783 3387 3134 2936 2639 2412 2152 1975 1872 1714 1763 2571 2912 7906 
0 0 4 2 6 3 0 4 8 5 1 0 4 5 6 6 6 3 2 18 19 3 9 10 10 16 16 10 11 23 15 30 22 39 45 40 41 43 49 62 47 56 47 58 81 69 95 95 205 1415 284 163 159 129 96 103 114 127 118 120 121 151 159 162 180 167 193 220 192 232 228 230 256 260 263 290 279 341 325 359 430 410 429 504 509 497 555 592 594 643 663 714 742 738 756 821 850 852 877 863 983 1019 1019 1084 1136 1113 1258 1296 1348 1440 1425 1493 1541 1575 1630 1689 1829 1823 1898 2002 2057 2095 2114 2204 2196 2359 2328 2457 2490 2629 2672 2759 2812 2897 2919 3007 2997 3163 3241 3283 3431 3517 3564 3648 3810 3815 3895 4034 4343 4483 4277 4512 4589 4728 4802 4853 4914 5176 5407 5447 5560 5662 5805 5836 5927 6164 6196 6248 6388 6549 6631 6840 6804 6909 7295 7284 7378 7631 7721 7897 7933 8175 8259 8535 8594 8745 8880 9087 9355 9394 9619 9987 10083 10339 10239 10515 10654 10704 10987 10914 11259 11355 12081 11881 12123 12190 12256 12501 12759 12668 12612 12717 12627 12895 12799 12379 12994 12900 12637 13202 12960 12769 12830 12728 12213 11379 11096 10844 10188 9937 9192 9120 8580 7987 7477 6992 6440 5957 5471 4972 4409 4089 3582 3163 2980 2584 2332 2062 1816 1665 1518 1310 1302 1302 1952 7510 
0 0 0 0 1 3 3 0 8 1 0 2 1 4 4 3 3 6 2 8 15 17 9 4 6 2 4 10 5 6 7 6 4 14 11 17 19 27 22 41 24 30 46 46 43 48 44 58 67 71 67 56 74 82 75 74 97 76 82 90 112 87 117 110 115 124 125 126 152 148 172 168 176 194 229 219 217 245 258 242 252 323 261 284 333 366 362 409 424 462 463 492 567 590 625 640 648 700 706 735 748 745 813 866 903 980 1015 1025 1087 1131 1206 1277 1312 1296 1361 1443 1544 1525 1607 1733 1790 1776 1863 1917 2037 2147 2170 2192 2302 2270 2391 2436 2546 2547 2697 2757 2816 2960 3064 2993 3085 3222 3211 3328 3372 3545 3751 3661 3881 4020 3998 3972 4243 4391 4519 4709 4611 4812 4856 5050 5116 5263 5378 5467 5671 5707 5889 5904 6040 6151 6347 6449 6557 6733 6720 6962 7135 7234 7256 7525 7537 7846 7825 8012 8351 8404 8459 8751 8984 9231 9398 9447 9743 9789 9960 10113 10421 10779 10717 10944 11043 11332 11456 11674 11896 11990 12224 12394 12691 12739 12881 13016 13371 13271 13340 13613 13691 14696 13600 13697 13647 13757 13923 13913 13616 13161 12648 12301 11887 11373 10731 10383 9835 8970 8747 8670 7619 7181 6372 5889 5212 4921 4295 3902 3291 3042 2683 2421 2181 1912 1682 1567 1528 1548 2468 7461 


