1
0 0 0 0 0 0 0 0 0 0 0 0 0 0 0 0 0 0 0 0 0 0 0 0 0 0 0 0 0 1 1 0 2 0 1 0 2 1 0 2 5 0 2 2 4 3 3 2 2 9 4 5 9 9 5 5 7 5 4 5 5 3 8 6 9 7 2 3 7 13 14 8 8 5 8 12 9 17 15 16 25 15 20 16 27 23 23 22 19 27 23 19 32 27 31 29 24 27 31 23 15 20 19 22 29 32 16 19 22 20 22 16 20 25 20 15 21 12 12 12 20 20 14 19 17 15 16 15 16 12 9 12 10 16 16 15 5 16 15 10 11 7 22 16 16 13 18 8 14 8 9 12 9 16 21 17 17 11 19 14 14 11 12 12 22 18 16 10 21 17 11 18 18 15 10 13 14 16 17 17 17 17 11 8 15 10 14 17 10 18 15 10 12 9 10 17 9 7 4 12 12 11 10 7 9 8 11 4 9 3 8 4 5 8 8 12 9 8 11 7 7 8 6 6 4 3 8 7 4 7 3 4 4 8 9 13 15 9 13 8 11 20 10 10 15 11 17 14 17 22 27 30 41 102 188 373 
0 0 0 0 0 0 0 0 0 0 0 0 0 0 0 0 0 0 0 0 0 0 0 0 0 0 1 0 0 0 0 0 0 0 2 0 0 0 0 2 0 0 1 2 3 1 1 0 1 0 0 4 0 1 1 1 4 2 1 2 4 1 0 1 1 2 0 3 5 0 2 2 4 4 2 5 4 7 5 4 13 11 8 21 17 14 9 17 12 16 14 10 16 14 21 14 18 21 27 14 16 17 24 33 18 17 28 32 30 22 18 19 17 19 22 32 33 21 21 23 14 20 17 26 21 29 18 24 24 20 16 18 15 23 22 20 13 11 11 14 11 6 12 14 18 11 13 15 18 11 12 11 16 12 9 12 8 12 8 14 12 8 8 12 9 13 8 8 17 14 9 12 18 11 13 12 17 16 10 14 18 14 13 7 12 15 12 20 15 18 13 18 17 22 19 15 20 21 19 20 27 23 26 21 22 18 15 19 14 11 24 12 14 28 21 19 7 12 16 13 11 14 6 7 12 13 5 8 9 9 4 11 9 7 6 6 10 4 11 5 6 13 6 11 19 12 9 21 14 27 19 22 34 49 158 483 
0 0 0 1 1 3 1 1 1 0 3 2 1 3 8 9 22 20 26 45 55 77 92 84 60 43 32 22 25 20 21 14 24 20 16 18 21 19 12 16 12 14 17 14 15 13 8 19 10 8 9 10 10 7 14 16 11 12 17 10 13 6 11 11 8 8 6 7 12 9 11 8 6 12 10 11 14 16 10 12 15 11 7 7 5 9 9 6 8 8 14 7 10 7 11 4 8 11 6 8 8 8 8 6 9 14 7 9 7 4 10 6 10 6 7 15 11 9 9 9 4 7 4 5 9 4 15 8 8 5 13 11 10 7 10 11 6 6 12 8 5 6 6 4 11 11 6 8 13 12 6 17 11 16 13 18 16 15 16 10 11 14 10 11 13 8 10 13 16 12 12 10 12 8 10 5 4 10 11 10 10 13 4 10 10 5 9 7 8 5 9 10 7 3 7 6 5 5 3 6 7 4 3 8 8 13 5 7 9 3 11 7 7 5 6 5 1 11 8 6 7 5 3 6 9 4 7 4 7 8 6 9 6 4 14 12 10 13 11 11 14 18 20 11 14 20 24 17 22 29 74 94 97 115 144 109 


40406 677 2016 569 961 1034 1334 724 1217 1088 1017 956 802 724 829 879 690 729 682 648 634 566 568 513 572 591 502 501 560 627 683 661 773 814 647 713 730 707 598 612 577 540 540 558 631 694 1908 848 819 696 691 543 355 290 291 249 316 289 328 263 339 257 226 218 212 251 228 189 214 236 216 220 255 231 240 218 239 241 286 298 309 314 313 337 298 285 262 306 256 240 256 275 289 301 240 260 253 290 314 344 324 354 420 350 362 357 364 407 385 357 360 358 367 374 353 397 372 371 617 365 377 331 342 383 414 425 509 517 547 639 687 839 983 1265 1545 2012 2526 2927 3364 3759 4107 4348 4839 5012 5914 6882 7618 8276 9327 10573 11493 12088 12134 12526 13312 13779 12930 13140 13524 13489 13619 13841 13603 12588 11636 9983 9155 8919 8659 8590 8357 8118 7674 7646 6834 6328 6263 6461 6289 6081 6410 6903 7127 7418 7051 7405 7485 6937 6824 6667 7501 7910 7896 7940 8794 8932 8592 7635 7305 7171 6978 6783 7002 7157 7254 6746 6744 6726 6925 6381 6618 6932 7140 7298 7474 7894 7110 7058 6534 7282 7607 8712 9047 8056 7131 7580 7067 6750 6894 6233 5391 4924 5497 6817 6259 5881 5337 4429 4379 4356 4738 5070 5209 4877 4298 4087 3889 3211 2800 2671 2474 2773 2453 3205 6655 19333 
47270 2150 1230 1018 852 844 827 868 831 862 866 802 706 650 684 642 699 804 854 834 721 691 665 678 791 729 685 584 677 734 841 960 885 808 609 371 296 259 281 266 315 272 375 294 331 260 299 410 471 1645 580 325 318 281 244 281 242 234 221 247 238 212 257 263 268 306 330 337 342 334 327 340 279 264 244 285 280 337 298 308 309 306 319 289 303 339 361 372 381 354 335 362 357 387 311 320 324 324 361 367 327 359 322 332 351 348 343 372 374 433 442 515 514 455 452 427 420 369 393 379 387 460 412 418 392 455 484 509 528 499 521 475 462 514 496 510 465 480 501 508 469 491 502 466 535 474 562 514 838 573 645 630 596 657 650 717 782 1019 1268 1657 2035 2368 2690 3345 3573 4023 4718 5449 6088 6484 6282 6478 7484 8267 8464 9666 11285 12341 13307 13907 13845 14425 15177 15878 16045 16667 16878 15828 15045 13837 13764 13646 12239 11296 10581 10286 10572 10398 10293 10189 10845 11642 12799 13519 13666 13405 12628 12823 14108 13765 12517 11140 10633 10004 10106 9637 9657 9579 10582 11636 11540 12516 11391 11707 10222 9083 8953 9759 8753 7953 7981 9197 8916 8289 7177 6262 7205 7003 6713 6256 5146 3922 3496 3071 3207 2849 2488 2355 2235 1882 2772 2427 2220 2188 2101 8909 
47556 3250 1221 1178 1146 1178 1057 1078 1085 993 876 892 962 986 946 886 966 1024 918 915 878 1010 1150 891 800 609 409 301 354 335 340 306 371 349 330 344 350 310 312 299 360 378 361 334 275 277 285 340 253 280 318 265 332 382 379 405 440 428 315 332 328 319 364 401 384 370 348 334 376 389 339 406 383 415 405 366 408 386 391 364 364 345 363 367 366 444 462 488 406 434 448 438 456 440 531 512 464 439 461 430 399 400 431 400 404 433 403 398 452 510 507 517 546 548 491 459 507 417 443 444 494 459 488 462 489 546 471 515 540 492 497 523 512 495 448 397 342 367 367 405 392 406 415 452 420 414 486 502 497 495 538 552 620 612 685 730 680 677 728 713 663 661 667 724 584 615 560 494 476 426 347 361 382 313 293 213 180 182 141 137 107 102 100 96 138 125 192 255 316 462 613 781 973 1294 1664 2308 3084 3945 4297 4991 5209 6492 7963 8826 10068 11612 13243 15671 17337 19434 20710 20142 20004 19120 18685 18287 17953 19040 18287 19364 20079 20928 22375 23716 22628 21532 22573 24941 25893 24772 23906 23258 21900 20878 19349 16954 16203 16054 14327 12427 11088 10191 10124 9098 8151 7399 5976 5207 4543 4400 3928 3447 3929 3529 5846 11801 


