1
0 0 0 0 0 0 0 0 0 0 0 0 0 0 0 0 0 0 0 0 0 0 0 0 0 0 0 0 1 0 0 0 0 1 0 2 1 2 2 1 1 3 1 3 5 4 4 5 5 7 9 12 18 12 31 23 55 37 79 84 51 95 59 74 39 91 52 62 36 56 63 68 28 49 28 36 36 43 16 21 31 28 12 21 24 35 49 59 67 99 94 72 77 54 46 62 34 96 27 82 33 19 19 24 18 17 11 13 7 14 14 25 18 24 10 8 10 14 13 8 17 10 11 6 12 11 10 13 12 14 12 18 15 18 26 18 23 23 35 27 36 27 32 31 85 153 249 287 411 433 419 546 445 574 644 551 564 457 448 450 293 259 172 257 178 155 149 123 133 154 149 129 186 157 125 143 113 124 114 124 112 88 90 71 78 81 74 83 79 78 91 66 69 73 71 77 65 80 59 81 77 79 76 70 68 58 72 73 71 70 69 65 63 84 70 62 65 71 54 52 65 52 50 50 50 66 52 46 48 69 51 57 56 56 50 56 56 52 60 49 66 50 70 67 74 71 72 71 55 63 79 99 118 156 283 533 
0 0 0 2 105 382 611 407 476 195 77 62 31 23 22 12 18 19 14 12 18 14 10 17 16 11 13 11 11 19 8 13 8 10 5 9 12 9 10 11 8 15 11 10 5 11 6 9 12 6 5 9 11 8 11 10 10 9 9 10 6 3 5 5 5 7 4 6 5 4 6 9 4 4 9 7 6 5 7 5 6 9 5 4 3 6 9 6 4 9 10 3 4 4 8 8 7 10 6 7 4 6 4 7 10 13 4 15 3 7 4 1 5 1 10 7 4 4 9 10 10 10 8 6 6 16 4 10 13 15 11 26 15 21 23 18 30 20 22 29 30 22 26 32 39 28 19 27 23 26 30 23 23 30 28 24 24 32 34 50 164 257 455 819 812 764 1065 817 654 895 519 329 367 137 120 169 146 139 185 145 106 104 98 98 90 73 89 93 90 72 87 100 104 84 97 76 77 86 80 102 84 67 86 85 83 72 85 80 80 75 70 74 80 79 70 65 67 70 81 57 64 72 59 47 51 45 54 49 49 51 46 54 62 46 63 60 68 61 82 74 67 56 54 59 44 48 50 52 63 51 52 62 74 84 202 574 
5 48 282 684 863 237 102 55 40 32 32 22 20 20 14 17 16 16 13 20 12 16 6 14 14 14 8 9 9 9 8 11 10 4 15 10 12 8 8 6 12 5 10 6 8 8 6 10 10 13 13 9 8 5 5 10 7 5 8 2 10 5 6 9 3 9 3 9 7 5 7 2 3 7 3 9 4 5 3 4 5 4 4 4 6 3 4 5 12 11 5 8 7 12 6 13 8 6 6 8 5 5 9 3 2 6 7 3 9 6 5 5 6 3 7 7 11 3 8 6 4 6 9 11 16 18 14 32 23 22 18 25 32 37 37 30 28 41 36 24 29 26 24 24 35 21 37 30 32 30 31 53 53 99 78 60 51 59 35 22 21 22 23 17 14 23 15 16 23 27 41 35 50 51 95 155 294 362 458 479 720 1047 924 976 1017 1002 617 332 201 174 163 146 119 124 115 113 113 118 101 104 114 122 108 95 109 104 86 104 96 109 77 77 65 83 86 69 61 62 62 60 52 65 55 78 79 71 68 76 73 89 111 71 71 67 78 63 55 67 57 59 60 62 46 35 59 60 41 51 47 42 57 54 39 50 112 187 


27154 2471 3429 1007 1964 1717 2222 844 2138 724 1022 501 496 377 358 371 331 321 315 335 336 334 370 408 389 392 459 451 415 437 444 382 397 400 440 487 487 478 456 418 347 367 318 331 410 478 1614 396 329 299 261 249 270 255 261 235 216 220 206 203 182 224 186 222 170 200 219 176 217 199 215 216 218 184 191 215 201 235 241 245 227 228 263 258 292 297 351 361 377 382 396 385 348 286 344 327 315 281 314 307 330 284 325 343 324 403 432 472 484 485 542 543 493 507 440 446 522 521 834 605 638 631 710 641 682 678 738 973 1149 1224 1370 1599 1975 2416 2485 2685 2865 3000 3652 4009 4701 5301 5731 6473 7326 8066 9176 10654 11659 12282 12083 11334 10769 10293 10639 11226 11838 12747 12935 13235 12844 12485 11855 10974 10111 8839 8389 8275 7814 7621 7327 7558 7541 7642 7951 8382 8697 9576 10175 10107 10429 10559 9961 9513 10014 9588 9590 9359 8473 7808 7922 8234 8076 7975 8300 7894 7518 7831 7925 7855 7583 7790 8257 8647 9236 9232 8157 7657 8101 7565 7273 6264 5602 5316 5060 5105 5049 4848 4885 4430 4598 4946 5294 5280 4861 5221 4780 4613 4565 4855 5081 4857 4694 4512 4291 4078 4013 3729 3918 3338 3348 3369 3298 3437 3575 4059 4506 4618 4563 4506 4606 4394 3864 4230 6336 15401 
35901 1903 289 260 225 220 229 243 236 222 232 246 216 222 196 217 204 212 243 228 221 238 250 267 274 270 271 316 285 263 288 361 366 287 259 249 246 241 266 231 245 258 290 234 314 305 319 290 335 1550 424 280 270 221 224 255 237 238 226 215 223 237 225 176 231 173 256 204 193 234 192 182 197 215 194 198 161 191 193 184 190 202 215 242 220 222 197 215 213 230 226 277 241 231 256 248 291 269 237 269 282 272 326 330 331 319 348 363 413 423 457 416 422 468 389 358 360 359 336 363 400 418 456 525 451 396 409 420 482 500 535 530 550 648 537 578 641 610 600 637 541 608 562 615 635 609 718 702 951 670 646 663 691 766 822 851 873 951 1060 1238 1593 1907 2268 2444 2717 2846 3021 3378 3766 4354 5023 6324 7330 8292 9368 10237 10813 11995 13711 14423 14725 14137 13906 14030 14704 15420 14970 15012 14753 13910 13490 12520 10500 10025 10070 10147 10262 10837 11482 11806 12396 12979 14594 14931 15789 16543 16435 16253 15558 15014 15043 13937 12511 12361 12721 12978 13116 13710 14171 15128 13567 13475 12519 12026 10292 8693 8052 7830 7258 6946 6969 7134 6513 6082 5839 5604 5572 5507 5938 5950 5674 5151 4942 4627 4533 3838 3163 3368 4681 1888 4700 2435 1106 467 532 3580 
34346 3008 335 220 227 205 216 214 217 217 214 225 220 206 199 184 240 261 240 254 242 221 286 290 327 272 270 289 283 305 295 323 273 257 239 256 229 231 211 201 216 214 194 183 170 165 157 184 169 157 173 183 168 158 177 148 172 155 180 190 160 182 176 156 148 151 147 138 146 132 135 121 133 105 113 138 104 102 134 118 122 109 115 117 95 103 118 108 128 139 133 123 133 119 138 108 123 135 172 162 163 164 173 159 169 154 186 184 226 208 197 232 223 217 201 248 229 223 248 289 286 360 348 349 340 375 367 376 383 314 325 367 343 334 307 331 328 311 344 358 335 361 364 421 448 484 578 481 572 557 529 514 507 475 494 485 500 485 452 461 520 470 505 693 666 636 605 580 652 582 652 612 608 652 722 772 734 612 737 729 735 800 785 781 928 1420 1073 1095 1003 889 971 1311 1506 1561 1400 1546 1911 2649 3160 3570 4198 4504 5258 6114 7879 9587 11344 12481 13776 15990 17197 18117 20192 21102 21924 21462 20297 20494 18745 18710 19475 21338 22646 22114 19589 18692 17534 19644 21206 22005 23460 26157 27099 27885 27889 27364 25957 24836 22190 19083 15633 12730 11509 10282 10086 8837 6764 6128 5973 5751 3994 4436 6002 3413 2362 3629 


