1
1320 503 131 52 32 19 21 13 8 7 5 5 5 6 4 6 9 6 8 7 7 6 4 7 3 2 4 2 3 5 4 5 7 9 5 3 5 1 3 3 2 4 6 7 5 4 4 8 4 5 5 2 2 13 14 5 3 5 11 5 6 6 6 4 2 5 2 6 4 9 11 19 43 186 65 119 16 4 1 8 7 8 4 4 6 6 4 8 3 2 3 2 7 2 2 6 1 5 4 3 7 6 10 8 10 10 9 9 10 6 16 18 18 27 48 72 77 104 127 136 197 241 282 317 339 356 441 481 560 611 630 595 598 627 525 543 532 566 506 527 446 453 420 431 378 357 355 364 374 609 428 496 434 265 220 233 213 186 190 177 207 200 248 237 208 219 257 249 245 259 268 282 288 312 309 340 376 352 377 351 437 423 429 467 467 475 513 459 510 547 590 553 625 633 611 700 692 680 794 902 5806 824 786 838 1203 342 138 81 65 52 63 40 45 48 34 30 36 47 43 29 26 22 21 22 20 23 15 21 23 14 12 10 7 15 5 5 8 7 3 4 1 3 0 1 0 0 1 1 0 0 0 0 0 0 1 0 
1079 644 159 73 40 19 17 17 22 12 13 7 3 5 4 4 6 5 6 3 10 8 8 11 2 4 3 4 7 3 0 3 1 4 3 7 6 4 4 4 4 3 4 5 3 3 9 2 2 3 6 7 7 0 4 6 5 2 2 9 14 8 2 3 6 11 6 5 5 5 6 3 2 5 2 4 0 2 10 17 20 69 198 111 28 9 10 3 7 9 6 4 6 4 3 6 3 5 7 3 5 1 1 5 7 6 5 5 5 9 6 10 11 9 16 13 17 8 11 12 17 25 28 21 24 37 44 58 83 93 102 133 181 237 348 389 340 405 426 528 625 664 743 784 769 778 729 724 803 766 719 622 546 529 509 477 374 362 350 301 321 307 326 347 610 1020 407 340 330 320 320 311 339 370 374 419 414 408 441 416 504 483 501 489 534 512 573 590 620 571 652 661 658 1284 6104 639 630 595 553 564 533 441 493 527 927 82 44 41 49 38 41 27 28 29 21 24 19 20 13 9 19 10 12 7 9 2 3 1 1 1 0 1 0 0 1 1 1 0 2 1 0 1 0 0 0 1 1 0 0 0 0 0 0 1 0 0 
0 0 0 0 0 0 0 0 0 0 0 0 0 0 0 0 0 0 0 0 0 0 1 1 5 2 5 2 4 0 1 2 2 4 1 0 1 1 0 2 2 1 2 1 1 2 1 0 3 2 3 2 0 0 0 1 5 1 0 1 0 0 0 0 0 1 0 0 3 1 0 2 1 3 0 0 1 0 2 0 0 2 3 2 2 0 0 3 6 4 3 1 2 2 3 3 0 2 3 2 0 2 3 1 2 1 2 4 2 2 2 3 7 3 8 10 6 4 10 9 16 14 18 19 20 14 29 22 32 41 25 42 60 57 73 70 97 142 374 412 355 386 398 447 513 603 698 802 817 904 1007 1004 887 786 774 819 1012 1051 985 809 706 570 527 529 485 436 520 473 424 432 441 425 446 496 663 484 544 970 677 713 545 714 852 5871 741 522 497 595 580 593 616 580 583 655 549 595 650 547 520 518 507 477 490 545 890 48 22 7 3 1 2 1 0 0 0 2 0 0 1 0 2 1 3 1 1 0 3 0 3 1 1 0 0 2 0 1 1 0 1 2 0 1 0 0 0 1 1 0 0 0 0 0 0 1 0 0 


10 11 21 17 16 11 12 13 25 17 20 21 33 26 36 28 35 25 65 46 57 49 34 53 72 77 81 93 86 125 250 178 160 120 95 97 80 63 54 71 51 92 75 84 156 194 1351 163 128 82 59 66 48 48 56 49 44 43 48 43 62 52 60 63 51 66 74 79 76 94 70 87 86 105 124 116 117 116 139 156 168 179 176 163 180 213 210 227 273 273 287 287 324 330 357 380 397 427 467 456 491 504 577 589 632 674 669 750 776 836 919 949 922 1025 1100 1167 1288 1335 1644 1493 1575 1565 1710 1741 1782 1929 2048 2135 2225 2359 2380 2606 2651 2833 3038 3030 3234 3288 3474 3698 3813 4019 4163 4369 4487 4663 4829 5114 5230 5506 5688 5967 6005 6185 6472 6552 6846 7011 7318 7301 7641 7769 7805 8239 8327 8536 8607 8741 8964 8972 9117 9114 9395 9465 9620 9849 9818 9871 9928 10166 10146 10066 10328 10340 10479 10608 10685 10619 10691 10524 11096 10929 10835 10815 10875 10873 10781 10728 10693 10673 10611 10462 10514 10559 10680 10450 10417 10163 10193 9872 9772 9698 9617 9552 9404 9278 9145 9080 8882 8844 8602 8475 8417 8097 7749 7527 7225 7061 6750 6603 6445 6184 5967 5685 5444 5066 4754 4620 4423 4080 3767 3531 3237 2957 2652 2501 2259 2083 1841 1656 1542 1453 1423 2135 2149 5569 
46 18 20 28 17 13 20 16 28 22 27 24 30 31 38 36 34 35 28 42 44 37 32 30 39 52 68 83 86 74 75 130 259 191 155 119 91 95 83 72 73 78 74 71 73 76 72 88 194 1426 261 125 103 97 64 75 79 67 71 62 69 72 90 83 92 83 87 80 75 88 91 109 103 125 107 120 119 158 141 135 149 174 189 191 191 170 177 213 240 259 248 313 297 294 309 362 339 406 404 444 462 442 497 538 555 553 620 635 681 756 736 842 891 938 978 988 1014 1221 1194 1203 1278 1337 1407 1451 1548 1665 1617 1746 1881 1921 2014 2120 2208 2330 2445 2499 2620 2799 2906 3092 3332 3347 3424 3586 3861 4063 4174 4416 4779 4622 4797 5077 5229 5408 5724 5905 6035 6230 6410 6708 6893 7031 7154 7372 7710 7721 8061 8119 8381 8568 8967 8866 8996 9186 9427 9506 9539 9810 9717 10061 10143 10526 10469 10603 10664 10707 10808 10978 10996 11277 11188 11358 11422 11525 11376 11529 11426 11476 11515 11549 11389 11627 11475 11582 11278 11203 11497 11104 11160 11070 10894 10908 10616 10648 10486 10266 10149 10151 9933 9932 9532 9543 9387 9145 8979 8466 8199 7718 7512 7370 6877 6679 6355 5822 5616 5374 5084 4737 4317 3966 3602 3394 3054 2749 2377 2152 1884 1675 1493 1283 1180 1006 980 900 1249 5467 
87 46 29 16 18 20 21 14 27 19 21 19 27 24 37 29 36 36 34 33 50 56 58 47 69 52 49 50 43 33 39 43 51 55 58 58 86 78 87 88 68 102 174 291 225 167 148 129 114 104 103 94 110 79 88 65 65 69 79 69 79 80 102 79 75 84 84 85 83 95 85 102 96 90 100 111 116 104 129 102 133 107 123 136 145 171 177 158 177 188 202 230 211 227 253 280 289 283 308 299 332 382 377 409 431 432 443 521 513 596 642 660 687 745 714 806 833 815 942 929 1002 1095 1097 1119 1181 1229 1319 1407 1438 1541 1587 1734 1852 1886 1927 2065 2216 2271 2449 2525 2610 2752 2942 2967 3297 3363 3428 3527 3775 3962 4236 4353 4549 4619 4851 5111 5146 5430 5780 5906 5999 6183 6419 6708 6765 7017 7293 7392 7684 7861 8175 8186 8467 8644 8923 9138 9326 9414 9443 9756 9874 9932 10191 10303 10497 10600 10734 10810 11057 11116 11281 11418 11530 11654 11620 11657 11632 11673 12067 11847 11775 11840 12031 12073 12198 11948 11968 11882 11869 11908 11645 11787 11584 11583 11266 11477 11289 12253 11146 11020 10781 10368 10395 10352 10045 9774 9446 9003 8652 8290 7931 7594 7221 6848 6425 6348 5758 5446 5014 4481 4192 3838 3452 3056 2901 2507 2194 1890 1678 1538 1323 1201 1128 1150 1594 5400 


