1
0 0 0 0 0 0 0 0 0 0 0 0 0 0 0 0 0 0 0 0 0 0 0 0 0 0 0 0 1 0 1 0 0 0 0 0 2 0 0 0 1 2 0 1 0 1 0 1 4 3 3 1 3 9 5 3 11 15 14 17 13 12 10 14 18 11 13 12 13 11 13 6 10 15 13 14 6 11 7 11 17 11 17 13 17 24 27 15 28 46 33 38 43 36 41 53 45 55 57 65 64 51 59 70 68 73 53 59 43 47 66 60 52 45 43 49 44 48 33 38 41 25 27 49 43 41 30 30 36 28 26 30 28 31 25 29 22 29 27 27 31 21 28 23 28 23 29 28 24 27 18 25 25 25 26 38 25 31 34 29 36 24 27 29 29 24 31 39 23 31 24 23 24 28 26 36 36 28 32 30 26 29 22 27 30 22 24 35 21 26 15 15 14 18 8 26 21 13 23 19 18 14 10 15 11 16 6 6 13 18 9 10 11 12 7 8 9 12 10 7 11 11 12 13 8 11 14 16 17 19 14 17 14 20 15 12 15 19 20 17 16 14 25 26 12 26 20 28 27 32 35 66 52 120 291 1016 
0 0 0 0 0 0 0 0 0 0 0 0 0 0 0 0 0 0 0 0 0 0 0 0 0 0 0 0 0 0 0 0 0 0 1 0 0 0 0 0 0 0 0 0 0 0 0 1 0 0 0 1 2 3 2 1 4 4 3 4 6 3 6 4 2 1 1 0 3 3 2 3 5 2 4 2 2 4 4 1 4 1 1 5 6 3 4 5 8 11 9 13 19 25 21 30 33 36 32 39 38 30 36 36 45 40 42 53 44 51 45 66 44 38 47 47 39 55 51 59 56 33 53 37 49 41 45 50 36 50 45 40 39 46 32 43 45 32 50 34 44 27 26 25 28 31 27 28 22 21 19 29 28 21 23 22 26 21 30 26 22 14 22 26 14 26 27 20 31 22 25 29 35 35 36 26 25 23 25 26 26 19 32 27 35 40 32 38 32 34 34 38 27 45 34 49 49 41 48 46 47 41 38 32 44 38 38 23 26 34 33 31 27 30 21 11 17 20 10 21 14 12 10 18 18 15 18 19 14 15 14 21 13 19 16 15 13 17 15 15 24 12 19 19 20 18 12 17 28 28 31 30 70 114 300 1031 
0 0 0 0 0 0 0 0 0 0 0 0 0 0 0 0 0 1 0 0 0 0 0 0 2 0 0 1 2 7 6 4 12 19 30 55 92 116 146 170 161 151 139 80 70 59 45 46 35 29 38 33 29 35 24 27 28 36 29 32 19 27 26 27 27 27 24 29 20 19 19 20 15 16 20 26 16 25 29 22 21 13 18 12 19 22 17 17 15 30 21 16 18 20 18 16 18 26 17 17 16 22 16 15 6 9 13 12 13 10 22 14 16 21 20 20 15 15 17 17 11 17 10 13 10 13 16 13 14 15 19 15 20 22 12 22 13 11 18 14 15 20 14 16 16 19 20 16 20 20 19 19 26 20 14 24 32 21 31 26 23 27 31 19 18 29 21 22 27 32 26 21 26 22 17 16 12 20 12 17 13 20 18 11 19 15 14 17 12 18 25 14 17 14 9 10 17 16 8 13 13 7 13 10 11 7 8 14 14 14 5 14 10 12 10 10 10 9 9 11 10 13 9 10 13 14 13 14 12 11 11 13 14 22 17 13 16 13 21 12 22 31 16 39 48 63 63 79 90 203 201 125 74 94 172 408 


2 1 3 4 2 2 2 7 5 4 0 2 3 4 3 10 20 4 4 1 2 0 3 3 4 6 0 1 1 3 2 2 5 5 4 2 6 2 5 5 6 27 22 38 91 156 1320 106 98 40 23 19 24 23 5 4 2 3 6 15 8 3 3 3 4 4 4 3 3 2 2 2 0 1 3 2 8 7 18 9 9 2 4 2 2 5 7 31 2 6 6 6 6 1 3 3 7 1 9 1 7 9 14 17 24 19 23 27 45 52 31 38 34 26 43 42 54 55 295 53 72 39 25 22 25 18 18 47 37 39 52 86 60 139 105 116 135 120 141 189 230 390 482 490 583 698 952 1123 1444 1879 2244 2648 2889 3300 3674 3881 4143 4512 4635 4769 4450 4443 4361 4436 4574 4873 4993 5205 5813 6721 7640 8239 9400 10547 12514 14079 15059 15989 17632 18010 18925 19725 20169 19720 19661 19903 19958 19415 20244 19405 19399 18905 18829 17086 14804 12948 11071 10161 9072 8546 8603 8289 8676 8536 8395 8900 8737 8974 9339 9760 10674 10675 10080 9591 9190 9471 9304 8666 7876 7076 7328 7987 10092 10050 9162 8236 6848 6451 6615 6329 6019 5967 5854 5179 4927 5373 5265 5728 6134 5631 5619 6425 6718 5387 4238 3493 3376 2989 3110 2827 2711 2612 2717 5235 14456 38867 
0 0 3 4 3 4 1 2 10 2 2 1 1 3 2 9 3 2 0 12 17 2 4 3 2 3 4 2 2 1 3 3 3 4 6 1 3 2 3 5 3 9 1 6 20 11 24 42 116 1350 208 86 47 35 16 19 9 6 4 4 2 2 2 17 9 2 4 2 4 2 6 3 1 1 2 3 5 6 22 6 2 3 5 5 3 6 3 3 5 4 28 9 1 3 5 5 1 3 6 3 3 3 3 7 5 5 7 10 4 16 14 4 4 9 4 7 3 4 8 26 20 47 31 28 35 19 16 26 18 17 40 40 31 54 64 46 45 38 80 66 59 61 46 62 68 50 61 66 379 124 106 105 113 171 107 130 147 135 135 180 130 151 177 241 315 369 432 577 760 1012 1213 1484 1920 2289 2618 2997 3171 3658 3940 4386 5017 5223 5808 5846 5836 5934 6295 6965 8138 9313 11070 14833 16745 18899 21463 22377 23661 25051 24689 25014 25413 25244 25216 25095 25377 24029 23245 23008 24106 23972 24083 22512 20513 17773 16118 15577 15436 16597 17208 18230 16799 16396 16897 16064 12973 10881 10065 9130 8457 8132 8169 9257 8825 8072 7672 6880 6222 4867 4200 3742 3530 3765 4039 4328 4780 5447 6448 8579 5931 5103 4027 2708 1493 706 644 3858 
0 0 0 0 0 1 3 5 4 2 1 2 0 2 0 3 0 2 1 0 1 0 3 3 27 1 1 1 1 3 1 0 0 1 3 0 5 1 2 2 5 7 3 1 3 3 3 2 0 2 2 2 21 14 16 3 0 2 1 1 1 1 2 2 2 1 1 8 16 3 1 1 0 2 2 4 4 5 4 4 1 3 2 4 2 8 6 6 4 0 6 4 6 7 25 1 5 3 0 3 6 1 2 7 4 4 4 2 14 14 4 5 7 1 3 1 4 4 3 3 7 27 6 2 6 6 2 15 16 7 2 1 1 5 6 13 18 30 31 32 51 44 48 69 37 45 58 68 92 92 106 85 75 54 58 36 86 57 48 47 50 50 36 35 34 17 37 44 39 62 115 161 119 100 76 54 35 43 27 29 37 44 65 76 104 113 146 167 288 332 497 691 962 1315 1741 1985 2475 2991 3469 4462 5218 6038 7093 7073 8384 9384 10303 11996 13787 15609 18211 19686 24739 28092 32447 35046 36754 37678 37099 39440 41793 45347 46957 44904 37515 35622 33591 31131 27996 23796 19556 16671 14242 13935 13482 12252 10962 10158 8084 6477 5750 5104 5241 6708 7522 8686 7332 8716 5689 2631 1322 645 318 218 652 3304 


