1
0 0 0 0 0 0 0 0 0 0 0 0 1 0 0 0 1 0 0 0 0 0 0 1 0 0 0 0 1 0 0 1 0 0 3 1 2 2 0 1 6 1 2 5 3 8 12 9 6 9 7 3 12 15 14 10 11 6 12 10 13 11 10 11 13 8 12 13 19 12 18 20 15 27 18 16 25 28 27 34 52 35 37 29 33 39 54 29 40 50 54 48 52 51 56 47 52 42 38 38 34 38 27 39 35 34 24 42 29 35 27 36 33 32 27 27 29 20 26 28 20 26 20 21 16 17 26 22 12 20 22 17 22 22 28 24 21 27 25 16 33 20 22 16 17 24 26 16 20 21 22 32 22 24 38 18 17 27 22 23 27 23 23 26 20 27 20 36 25 21 19 22 14 17 20 34 26 19 22 13 24 21 18 23 14 7 9 18 8 9 14 7 9 10 10 10 9 10 8 11 9 6 9 10 8 7 4 9 16 8 8 6 7 13 9 8 7 10 7 9 12 14 9 13 10 12 9 10 11 9 11 16 14 22 27 14 20 15 20 11 15 14 10 17 17 19 29 19 27 27 35 43 72 101 286 739 
0 0 0 0 0 0 0 0 0 0 0 0 0 0 0 0 0 0 0 0 0 0 0 0 0 0 1 0 0 0 0 0 0 0 2 3 0 0 1 4 2 2 4 4 5 1 3 2 2 3 4 0 2 2 2 1 1 0 1 6 5 4 4 5 1 0 1 3 4 6 2 3 7 12 9 12 16 22 9 29 17 19 16 35 22 32 29 19 19 22 24 39 39 40 26 42 36 41 39 31 38 35 37 38 36 41 37 40 20 49 54 29 33 37 29 36 50 27 37 29 31 28 33 35 44 34 32 34 30 21 32 22 21 20 29 24 21 19 21 19 21 27 20 19 14 11 19 14 17 13 15 17 10 14 17 19 10 17 13 14 13 21 16 23 27 25 22 32 26 28 22 19 20 31 22 27 25 25 19 38 34 19 29 23 34 29 33 37 42 48 32 36 34 33 16 27 36 28 32 28 26 27 27 23 23 21 10 12 17 17 5 13 11 13 14 14 17 19 17 11 11 11 10 11 9 12 15 17 21 14 23 10 16 13 17 15 16 16 20 13 10 9 9 13 11 14 22 18 35 55 71 140 171 386 175 250 
0 0 0 2 1 0 0 0 0 0 4 1 2 4 9 7 11 16 34 49 83 126 172 137 125 82 51 53 54 50 36 36 30 37 28 26 31 23 33 21 24 25 25 20 17 24 23 14 21 17 14 21 15 20 15 14 16 29 12 15 14 19 20 12 15 11 9 19 7 25 8 11 13 19 20 12 14 11 16 23 13 15 12 14 14 11 13 17 15 14 7 8 14 23 15 11 11 9 14 11 12 14 12 7 19 12 17 12 12 12 13 14 10 13 16 12 12 14 10 14 7 17 20 11 15 15 14 15 17 17 6 8 14 8 16 14 21 11 14 16 15 15 11 18 19 18 24 30 30 19 22 24 17 14 21 21 16 27 24 16 12 20 24 18 22 11 12 19 16 26 7 10 13 14 11 15 16 18 13 10 14 8 13 18 12 10 11 8 10 6 7 5 8 9 8 7 8 10 14 13 13 12 6 6 10 2 3 6 8 8 6 12 10 7 12 7 11 11 11 4 7 19 9 12 20 13 10 14 15 22 12 17 17 22 21 25 21 35 37 37 44 80 179 359 162 105 58 46 33 21 23 30 21 11 25 28 


3 5 4 4 2 1 5 5 2 2 1 0 5 6 5 17 17 2 3 1 3 4 3 3 8 2 2 0 1 2 4 3 3 3 2 6 6 5 21 6 7 32 18 39 113 174 1306 125 80 33 21 16 14 16 5 5 2 2 4 3 3 5 6 5 11 12 2 4 6 5 2 3 2 7 5 5 9 6 9 4 5 8 5 4 5 13 35 4 8 12 12 25 19 29 42 55 78 65 92 102 79 75 50 30 39 46 36 32 28 11 8 15 26 25 35 36 70 74 336 101 45 54 58 62 81 69 86 117 86 62 57 44 28 54 19 19 23 35 34 39 51 61 101 131 229 322 389 658 879 1141 1479 2022 2495 3013 3707 4535 5505 6499 7719 8986 9742 11265 13350 14785 16331 18144 18934 19670 19485 19872 19409 18332 17551 16481 15477 15561 14730 14260 14427 14592 14154 13884 13413 12077 11525 11611 11241 11029 11424 10630 10432 10919 10958 9682 8986 8682 8394 7994 7927 7942 7638 7619 7380 7142 7342 7081 6771 7137 6988 6750 6781 6997 6766 6385 6622 7566 8179 8865 9921 10315 10482 10173 9762 9199 7964 7802 7793 7586 6892 6688 6328 6544 6386 6008 5711 5721 5781 5547 5647 6070 6010 5952 5856 5597 5476 4972 4633 4270 4120 4319 4361 4530 4729 7083 14707 23158 
0 1 3 5 4 1 0 6 7 2 3 0 2 2 6 6 4 0 0 12 20 3 3 4 1 4 3 4 3 3 2 2 2 2 5 3 2 4 4 2 4 6 0 7 22 12 21 45 129 1340 234 59 50 32 15 20 17 10 10 4 2 2 3 4 4 5 3 2 4 4 4 6 15 6 3 2 8 7 3 1 6 2 8 7 2 5 2 4 8 7 16 24 2 3 7 0 4 4 9 3 5 3 8 5 7 8 10 8 7 10 37 14 48 49 54 66 103 79 86 80 89 92 55 65 82 52 34 27 16 18 29 25 12 14 25 36 20 37 63 65 62 53 59 49 49 76 62 103 381 117 62 62 48 46 67 25 32 36 44 43 63 62 84 137 227 358 478 633 877 1149 1597 2071 2803 3576 4598 5556 6749 8316 9660 11255 13901 14954 16510 17105 18360 18576 19389 20334 21273 20786 21287 22388 21579 21385 22455 22581 23003 22285 21717 20300 19331 19233 18763 17863 16422 15053 13287 12088 11746 11133 10829 9831 9737 9602 9087 9202 9901 10984 12285 14288 14974 15950 16194 16576 15246 13142 11835 10825 10013 9705 9129 9095 8545 8349 8318 7505 6687 6629 6127 5881 5263 5322 5113 5188 5299 4388 4713 4913 3271 3250 2601 1742 1181 596 611 3806 
0 0 0 0 0 0 2 3 3 4 1 2 1 1 0 4 0 1 2 1 2 0 3 6 23 1 1 2 3 0 1 0 1 2 2 3 1 2 3 1 2 1 3 0 1 2 1 5 0 1 1 2 2 8 16 21 2 3 1 0 0 1 1 1 4 6 8 4 2 2 3 2 2 2 2 4 3 3 2 6 1 1 3 5 4 3 4 5 7 5 3 4 6 4 25 4 3 3 3 5 4 3 3 4 7 4 5 18 3 6 7 4 5 3 3 4 3 5 6 9 3 9 6 13 11 13 10 6 16 32 19 48 73 79 128 141 147 165 119 76 39 27 7 31 6 11 4 12 8 15 14 9 13 21 19 11 29 53 39 64 66 93 122 89 108 153 93 100 78 44 32 14 32 23 31 14 23 10 19 14 16 24 23 37 64 82 105 223 360 565 866 1467 1986 2863 4106 5687 7439 9903 12947 15868 19065 21718 24391 26099 28837 31244 32345 34055 33212 32866 32682 31251 30145 27329 24894 22078 20806 20390 18761 18834 19568 20979 20019 19210 17122 16715 16963 17844 19877 21793 20939 20190 18352 15386 13276 12185 11624 10259 9228 8007 7478 7231 6482 6323 5710 5769 5455 4758 3860 3192 2665 1967 906 531 769 3086 


