1
178 56 23 17 5 3 6 5 3 6 3 4 3 1 0 1 4 3 2 2 3 2 1 3 2 2 1 1 3 3 2 2 2 0 3 0 2 2 1 0 1 0 3 1 2 0 2 0 0 1 0 2 1 1 1 4 4 3 1 2 2 2 1 5 0 2 3 1 2 2 3 1 0 1 1 1 2 1 4 2 4 0 2 2 2 1 1 2 1 2 2 3 1 4 1 0 3 4 3 0 0 2 1 2 7 7 5 12 13 23 71 158 243 403 506 580 549 732 878 1286 1840 2217 2226 1558 1338 1011 843 744 611 590 567 713 1168 1491 1660 1674 2121 2354 2109 3114 2487 2112 2969 2049 2142 3491 2022 1285 1323 915 668 406 308 299 318 323 280 295 295 317 285 261 239 279 246 267 317 327 283 272 282 291 272 257 323 353 443 4756 4481 10897 783 494 324 327 307 316 292 270 232 223 186 190 167 164 159 166 166 153 136 146 149 140 127 134 108 122 114 117 133 125 116 126 112 82 61 52 63 62 50 58 32 46 40 37 51 18 28 27 21 26 37 20 10 1 0 1 2 0 1 0 0 1 0 0 0 0 0 0 0 0 0 0 0 0 0 0 
157 62 21 14 11 7 3 4 2 6 1 4 3 7 1 5 4 1 0 2 1 2 1 2 5 2 3 1 2 1 0 3 1 2 1 1 1 1 1 1 2 1 3 2 1 2 1 1 1 1 0 4 0 1 2 0 0 1 0 2 2 0 1 1 1 3 2 0 2 4 2 2 0 5 1 2 1 2 2 3 2 1 2 0 0 0 1 3 1 3 2 2 2 1 4 4 1 1 0 0 2 2 3 1 0 2 1 1 4 3 2 3 1 2 0 5 2 5 4 7 12 33 48 99 120 193 308 570 638 878 1065 1235 1472 2259 2201 1972 1626 1175 1163 943 740 745 643 602 659 606 531 456 473 502 751 1448 1432 1617 2582 2012 2388 3967 2490 2590 3435 2639 2790 3213 1781 1101 887 564 457 468 418 434 456 453 5228 15311 651 384 368 363 366 309 286 283 256 285 233 205 228 211 209 211 217 188 147 171 161 166 162 175 133 126 162 118 88 81 61 57 75 57 53 54 50 39 41 33 38 28 26 29 13 6 1 3 0 0 1 1 0 0 0 0 0 0 0 0 0 0 0 0 0 0 0 0 0 0 0 0 0 0 0 0 0 0 0 0 
0 0 0 0 0 0 0 0 0 0 0 0 0 0 0 0 0 0 0 0 0 0 0 0 0 0 0 1 0 0 0 0 0 0 0 0 1 0 0 0 0 0 0 0 0 0 0 0 0 0 0 0 0 0 0 1 0 0 1 1 0 0 0 0 0 0 1 0 0 0 0 0 0 0 0 0 0 1 1 0 0 1 0 2 0 0 2 0 0 0 0 1 2 0 0 0 0 1 0 2 1 1 1 2 0 0 1 0 0 0 1 1 2 2 2 2 0 1 0 2 2 0 2 2 3 5 12 17 61 116 212 471 664 726 639 661 643 875 1037 1226 1338 1082 847 1064 1081 1163 1468 1546 1448 1258 1284 990 922 781 717 686 573 572 580 617 602 544 542 506 480 476 538 617 1037 5958 15693 2478 2834 2930 3784 3334 2767 3205 3012 2840 3439 2232 1293 910 607 430 389 339 261 249 192 115 132 93 113 79 80 73 59 46 53 49 49 40 16 12 5 4 3 1 2 0 2 0 0 2 0 0 0 0 0 0 0 0 0 0 0 0 0 0 1 0 0 0 0 0 0 0 0 0 0 0 0 0 0 0 0 0 0 0 0 0 0 0 0 0 


23812 449 946 216 368 345 534 205 384 187 334 162 298 172 217 116 159 194 137 206 134 201 144 131 155 174 169 166 156 177 172 233 244 243 203 222 228 276 280 295 242 293 335 313 392 446 1588 435 373 316 310 300 303 293 262 295 268 255 269 295 273 282 296 295 295 293 258 255 214 226 212 189 187 234 197 205 198 175 184 194 173 202 169 176 176 198 195 169 185 200 170 141 156 176 151 137 143 165 169 129 159 154 156 142 117 105 133 118 135 144 132 154 208 217 183 210 211 219 447 237 204 236 253 265 277 306 329 413 493 666 954 1353 1632 1550 1513 1787 1965 2015 2226 2441 2551 2439 2489 2773 3267 3828 4440 5091 5917 6498 7018 7522 8388 9417 10114 10817 10558 10971 11092 11088 10620 10348 9600 9160 8640 8643 8244 8070 7593 7666 7899 7404 6930 6629 6226 5321 4875 4414 4404 4859 5349 5762 6286 7491 8425 9171 9163 8864 9360 10267 10743 10656 10730 9968 9261 8608 8527 8269 8473 8901 8841 8978 8892 8642 8907 9459 9476 10839 11377 11467 9930 8633 8995 8240 7512 7345 6236 5839 5193 5127 5168 5172 5062 4649 4970 5424 5183 5842 6543 6281 6345 6096 5247 4685 5003 5023 5333 5106 5323 5159 5137 4264 3491 3077 3551 3431 3399 3153 3532 4119 4592 4784 5192 7190 14627 24318 
27620 732 259 212 237 248 212 195 221 210 247 214 248 307 333 347 395 375 330 336 349 385 330 407 362 366 357 341 345 280 334 324 340 378 356 361 370 324 342 323 284 270 309 247 236 210 219 256 305 1546 386 236 218 188 176 179 151 158 139 121 136 139 107 95 110 103 118 94 94 110 95 81 92 93 77 100 79 100 77 77 86 75 95 86 68 69 83 93 85 79 75 105 96 82 85 85 83 102 87 94 85 81 74 75 67 82 76 74 68 81 91 71 79 89 87 70 81 75 113 92 100 109 99 108 109 89 78 96 103 135 136 113 91 129 151 169 135 149 167 130 173 150 221 185 214 214 212 285 656 386 520 732 1055 1378 1434 1228 1323 1586 1574 1665 1795 2053 2394 2714 2635 3022 3264 3551 3910 4624 5159 5889 6530 7295 8463 9586 10274 11155 11467 11735 12157 12232 12275 12392 11898 11066 9946 9748 9855 9345 9655 10324 9194 8404 7958 6382 5554 5063 5066 5473 5897 6423 7487 8833 10585 12529 14068 14666 14728 15555 15677 15628 15406 15579 15593 16792 18463 18550 17379 17554 15952 16218 13763 12177 9530 8331 8468 9047 8975 8971 9227 9353 8500 8458 8171 6573 6110 6220 5174 5150 4986 4560 4980 5257 5605 6269 6331 6674 6153 5268 5504 2551 1885 2341 1945 4479 
28263 1523 377 343 377 423 472 507 553 508 473 539 487 469 461 418 419 428 401 406 401 375 389 380 372 351 362 329 299 295 285 247 272 258 199 186 172 136 135 125 142 115 122 118 110 83 99 73 65 69 69 81 79 95 79 76 95 83 69 69 63 69 88 76 85 81 86 69 80 82 79 82 71 78 73 79 91 75 76 97 87 95 82 83 77 80 71 69 76 69 82 61 90 79 67 59 47 51 62 44 54 55 35 31 47 30 40 44 39 37 38 35 31 31 30 19 18 17 41 31 22 23 25 32 36 29 34 65 45 62 74 63 57 69 68 80 83 100 125 107 98 82 67 54 42 76 93 95 96 105 95 92 106 100 89 86 104 121 113 107 115 102 108 125 145 151 188 177 226 268 211 256 261 298 317 378 381 393 441 560 821 967 1154 1305 1406 1529 1525 1595 1471 1452 1884 2480 3212 3835 4903 5443 5893 7004 7737 8796 10656 12005 13829 14443 14897 15450 15954 16359 16090 15642 14696 12809 11513 10311 9537 9048 8444 8721 7504 7998 9269 10639 12260 15031 15498 16658 19011 23213 27187 31235 32621 33184 31992 30315 26268 22657 21792 18657 15144 12491 11002 10008 9617 8618 8067 7755 7307 7534 8047 7246 6998 7408 5231 3511 2532 3662 


