1
14 12 6 5 9 3 4 1 4 2 2 2 1 0 1 3 1 2 1 1 0 0 0 0 0 0 0 0 0 2 0 1 0 0 1 0 0 0 0 0 1 0 1 0 4 2 1 0 0 1 0 0 3 0 0 1 0 0 0 0 2 3 2 2 0 2 1 1 1 0 1 3 4 2 1 6 3 5 4 6 7 6 5 8 7 4 7 7 8 5 6 7 11 7 8 11 15 14 11 7 14 8 12 14 12 14 15 19 27 18 14 12 23 32 27 40 51 76 76 98 125 165 198 190 236 263 262 259 275 332 337 364 323 296 275 243 284 296 271 259 239 255 286 271 270 295 302 338 299 293 424 585 3548 547 360 265 268 284 297 314 281 276 268 237 250 280 297 289 285 288 300 296 272 253 265 307 305 289 298 327 321 377 413 380 377 375 430 423 325 336 313 328 287 283 242 262 249 292 296 234 258 206 115 107 61 38 27 27 27 21 19 33 19 25 25 24 18 15 12 11 13 12 9 17 12 12 17 21 18 18 12 12 21 20 11 11 14 8 8 16 1 0 0 0 0 0 0 0 0 0 0 0 0 0 0 0 
12 13 4 6 5 6 2 2 3 4 5 1 0 0 1 1 1 2 0 1 2 0 2 0 0 0 1 0 0 0 0 0 0 0 0 2 0 2 0 0 0 1 1 0 1 0 0 0 0 1 2 0 2 0 1 1 0 2 1 0 1 1 0 1 1 2 1 2 1 1 1 2 0 3 3 4 3 4 5 4 4 1 8 6 7 4 6 5 12 9 4 5 6 5 11 5 10 12 8 16 8 13 14 10 10 11 11 15 16 10 16 17 20 16 19 15 16 26 16 21 22 22 19 15 40 27 35 36 72 78 109 103 144 153 166 225 307 317 363 403 432 451 460 508 461 433 397 382 359 371 378 387 392 453 4005 660 361 375 335 371 372 355 332 360 340 324 304 390 352 383 382 372 391 432 407 485 609 503 515 534 420 499 394 367 368 334 268 333 292 298 292 325 319 299 320 208 121 64 48 40 20 26 27 39 29 27 22 11 13 20 17 17 14 17 19 19 19 19 22 21 27 19 10 13 15 18 0 0 1 0 0 0 0 0 0 0 0 0 0 0 0 0 0 0 0 0 0 0 0 0 0 0 0 0 0 0 
0 0 0 0 0 0 0 0 0 0 0 0 0 0 0 0 0 0 0 0 0 0 0 0 0 0 0 0 0 0 0 0 0 1 0 0 0 0 0 0 0 0 0 0 1 0 0 0 0 0 0 0 0 0 0 0 0 0 0 0 0 0 1 2 0 0 0 0 2 0 1 3 0 2 0 1 3 4 5 3 5 3 4 6 4 5 2 5 7 11 3 4 6 4 7 7 10 4 12 8 10 11 12 10 11 15 9 10 13 13 13 14 20 20 11 25 17 14 25 18 21 14 24 15 24 27 30 16 20 26 41 24 38 36 47 68 92 128 162 169 231 249 268 341 372 444 586 665 789 891 810 688 658 932 4028 646 515 471 474 516 502 549 548 575 639 746 753 734 677 663 696 607 509 542 443 405 406 425 442 353 340 315 345 268 177 101 71 36 43 38 48 38 26 30 21 22 23 21 21 23 30 34 24 24 33 22 18 21 4 2 0 3 1 0 1 0 1 0 0 1 0 0 0 0 0 0 0 0 1 0 0 0 0 0 0 0 0 0 0 0 0 0 0 0 0 0 0 0 0 0 0 0 0 0 0 0 


1 0 4 5 5 1 1 5 7 6 2 3 4 6 9 8 6 4 6 11 24 19 14 12 12 9 18 19 15 19 20 23 30 32 28 26 38 50 52 47 58 76 92 86 200 218 1359 191 186 146 130 104 143 136 138 142 172 172 169 195 223 212 223 211 305 262 276 309 329 311 380 347 408 425 436 510 499 509 566 588 657 680 712 729 715 726 746 849 913 906 944 984 1036 1128 1054 1199 1181 1210 1309 1373 1389 1395 1508 1516 1618 1639 1702 1696 1855 1846 1895 1980 2047 2127 2161 2198 2353 2483 2765 2521 2540 2718 2791 2943 3045 3060 3098 3236 3395 3392 3464 3571 3647 3683 3751 3880 3994 3953 4012 4194 4183 4185 4292 4486 4489 4521 4570 4605 4909 4895 5013 5159 5180 5284 5464 5417 5627 5821 5750 5828 6088 6061 6008 6152 6390 6370 6546 6526 6862 6875 7015 7251 7133 7246 7680 7550 7762 7736 7913 7989 8170 8297 8442 8763 8668 8902 9058 9059 9279 9450 9840 9715 10035 10206 10155 10277 10453 10425 10709 10777 10737 10921 11096 11079 11141 11173 11330 11271 11196 11324 11206 11583 11091 11073 10870 10699 10593 10300 10138 10027 9987 9712 9450 9372 8924 8444 7975 7937 7688 7119 6694 6550 6138 5745 5263 5003 4610 4398 4028 3747 3645 3443 3139 2777 2684 2505 2407 2215 2058 1831 1794 1729 1770 2554 2969 7708 
0 0 4 5 3 3 1 5 6 4 4 4 1 3 7 9 5 6 5 5 18 24 13 9 9 12 10 13 17 23 16 28 26 21 20 25 35 35 37 55 41 54 52 60 81 84 83 109 205 1411 321 157 144 128 121 131 140 132 150 151 153 178 192 215 249 216 250 262 272 262 269 303 335 353 381 418 428 427 455 483 497 538 583 643 670 662 725 721 775 785 863 912 906 969 1010 1043 1046 1116 1164 1154 1262 1319 1372 1403 1366 1503 1543 1641 1653 1762 1748 1891 1852 1930 1900 2118 2115 2249 2263 2376 2345 2465 2554 2799 2650 2775 2925 2971 3170 3275 3289 3383 3395 3418 3684 3592 3835 3867 3959 4134 4021 4199 4184 4278 4444 4290 4526 4681 5018 4903 4695 4915 5119 5264 5203 5430 5423 5613 5631 5835 5841 6009 5974 6028 6288 6389 6396 6456 6707 6755 6784 6924 7008 7208 7330 7475 7439 7793 7953 7942 8172 8254 8270 8611 8618 8752 8911 9190 9236 9640 9819 10235 10024 10014 10198 10453 10708 10749 10966 11018 11214 11403 11663 11509 11698 11778 11829 11942 12144 12046 12312 12302 12008 11977 11982 11763 11540 11443 11348 10975 10953 10469 10602 10161 9878 9405 8943 8472 8074 7505 7027 6716 6114 5750 5262 4814 4421 4145 3827 3498 3115 2878 2721 2486 2250 2163 1957 1747 1649 1447 1383 1262 1230 1224 1909 7069 
0 0 0 1 1 5 1 2 5 1 0 2 0 1 5 0 0 2 4 3 14 15 9 7 4 4 6 7 7 5 7 9 20 12 14 27 22 26 20 25 26 27 25 38 36 38 52 62 53 65 62 70 91 71 85 81 76 89 97 102 120 128 116 130 149 155 171 187 213 204 211 225 267 237 257 267 296 335 345 371 369 400 400 448 480 514 519 530 587 642 692 727 732 782 746 830 964 950 925 957 1020 1080 1183 1166 1235 1274 1342 1391 1416 1517 1511 1607 1716 1715 1746 1892 1924 1980 2080 2000 2165 2252 2289 2334 2328 2533 2681 2693 2713 2831 3005 3141 3147 3232 3294 3357 3492 3607 3720 3659 3867 3970 4056 4064 4200 4210 4334 4503 4611 4598 4623 4773 4830 4995 4921 5095 5269 5366 5324 5616 5484 5774 5794 5926 5995 5982 6131 6156 6424 6653 6593 6655 6744 6979 7071 7064 7210 7400 7423 7672 7782 8013 8148 8167 8415 8627 8648 8855 9022 9001 9496 9728 10035 10082 10138 10205 10649 10662 10672 10849 11331 11366 11446 11763 11824 11939 12169 12241 12229 12590 12755 13044 12679 12409 12808 12519 12669 13364 12231 12362 12077 11808 11539 11167 10880 10475 10339 9744 9164 8643 7951 7565 7084 6594 5981 5816 5168 4727 4278 3877 3545 3271 3002 2751 2495 2274 2114 1962 1786 1606 1527 1465 1438 1421 2287 7033 


