0
0 0 0 0 0 0 0 0 0 0 0 0 0 0 0 0 0 0 0 0 0 0 0 0 0 0 0 0 0 0 0 0 0 4 11 37 105 241 337 372 436 429 382 362 452 441 372 360 395 381 398 345 391 373 342 308 303 341 381 331 269 278 254 202 187 150 137 124 99 117 111 102 95 122 112 117 124 109 134 131 149 143 111 147 165 173 175 155 171 156 148 166 149 133 118 112 125 96 108 88 107 96 99 100 96 82 77 62 78 65 85 58 59 71 65 66 59 74 54 45 70 57 62 55 49 61 58 57 55 57 60 52 68 70 74 67 71 72 73 70 50 50 62 66 48 53 53 48 57 41 42 43 53 50 49 47 52 55 44 38 56 58 60 61 75 69 60 57 60 69 63 67 65 69 75 70 54 61 70 46 57 46 51 65 50 50 49 57 53 46 65 49 50 55 47 58 57 64 48 60 49 50 50 58 67 41 64 87 61 80 79 81 97 90 120 111 120 102 76 128 105 84 85 107 96 132 123 147 171 161 189 201 184 192 161 181 145 154 159 166 157 170 156 193 208 223 240 289 343 440 543 798 1243 1942 2897 5713 
0 0 0 0 0 0 0 0 0 0 0 0 0 0 0 0 0 0 0 0 1 1 2 4 7 19 112 280 439 639 771 650 605 510 527 512 512 459 407 400 381 406 440 443 346 176 177 150 135 112 119 125 125 115 130 138 148 103 114 168 155 158 157 145 150 134 131 159 135 125 161 152 165 151 158 156 141 164 145 138 137 123 128 125 101 109 124 129 105 109 100 136 89 76 87 73 90 82 70 88 63 58 62 62 60 63 52 53 48 68 43 57 39 58 50 46 43 46 62 58 42 51 57 57 42 54 65 63 58 52 69 54 74 70 77 77 70 70 59 62 66 60 68 83 62 69 72 68 91 77 85 78 74 89 65 72 96 98 79 79 63 69 68 66 67 74 68 80 58 66 57 64 71 59 79 85 93 91 89 98 116 110 85 102 86 102 94 87 113 83 88 103 106 92 104 124 147 150 162 189 184 166 140 162 139 142 151 144 120 155 151 182 155 168 199 187 174 209 190 246 234 280 306 288 279 291 259 277 255 245 292 276 272 273 318 270 309 316 277 316 303 409 528 669 634 391 243 219 238 244 280 305 353 450 824 1991 
0 0 0 1 1 0 0 5 0 3 8 9 18 24 52 125 236 536 866 1009 971 750 724 640 591 544 549 412 266 225 224 221 176 128 110 97 91 100 74 94 87 74 88 111 98 95 120 122 118 126 117 117 122 116 135 128 153 132 142 137 158 163 177 149 185 148 138 149 145 138 111 131 120 118 117 105 140 138 124 127 107 131 108 125 121 112 99 133 118 110 115 107 105 86 65 80 63 74 42 39 57 62 40 51 61 54 53 35 46 43 42 38 44 44 44 40 58 54 50 41 57 63 76 67 77 71 72 84 56 96 70 61 86 86 104 87 108 114 98 114 104 123 131 130 166 145 171 153 149 144 147 119 139 127 149 126 110 127 122 124 119 136 125 144 161 163 185 173 150 125 138 147 133 128 139 136 128 124 135 154 145 153 162 151 169 194 196 211 187 202 209 200 220 219 257 251 232 227 269 268 241 271 293 288 306 331 333 349 395 453 606 630 660 591 486 378 320 302 251 226 222 234 189 238 233 188 144 144 146 236 267 212 175 145 165 233 180 134 65 34 11 18 17 11 16 8 4 1 2 1 0 1 2 0 0 0 


0 0 0 0 0 0 0 0 0 0 0 0 0 0 0 0 0 0 0 0 0 0 0 0 0 0 0 0 0 1 0 1 3 5 9 17 32 48 75 110 134 119 102 108 105 115 152 160 214 250 351 411 542 596 697 869 1013 1090 1378 1490 1577 1780 1851 1952 2046 2209 2388 2550 2749 3068 3341 3568 3702 3982 4156 4566 5140 5504 5978 6202 6639 7223 7250 7713 7804 7933 8195 8490 8582 8744 9121 9289 9437 9463 9631 9746 9695 9651 9967 9680 9793 9903 10214 10008 10000 10120 9825 9848 9661 9448 8870 8713 8422 7992 7612 7484 7356 7048 6925 6828 6732 6730 6519 6352 6427 6597 6319 6252 6283 6188 6220 6454 6410 6527 6903 7069 7223 7593 7702 8192 8238 8429 8858 8985 9186 9191 9142 9025 8704 8304 8280 8024 7821 7624 7269 7243 6982 6821 6622 6473 6368 6083 6062 5963 5887 5725 5636 5589 5618 5567 5731 5694 5762 5892 5897 6045 6122 5957 6034 5894 5956 5846 5937 5793 5640 5632 5355 5325 4964 4819 4486 4407 4091 3825 3730 3439 3170 2928 2803 2529 2312 2176 1985 1871 1808 1554 1355 1265 1125 970 882 773 716 547 462 397 313 228 199 139 146 135 100 95 73 71 79 59 50 53 47 47 50 44 57 52 56 45 55 46 46 61 60 60 61 66 76 80 93 108 144 196 265 373 655 1676 
0 0 0 0 0 0 0 0 0 0 0 0 0 0 0 0 0 0 0 0 0 0 0 0 0 0 4 19 41 66 95 98 90 109 85 69 49 61 44 54 39 34 38 34 26 41 53 55 59 81 95 99 126 137 118 145 173 210 233 278 375 488 610 696 891 1012 1144 1367 1528 1681 1971 2252 2500 2748 3071 3330 3674 4014 4339 4584 5179 5602 6002 6667 7178 7820 8320 8775 9219 9599 9860 10271 10570 10401 10628 10397 10326 10251 10436 10219 9975 9857 9739 9573 9610 9368 9330 9139 8872 8843 8607 8349 8303 8083 7969 7653 7140 7006 6867 6759 6642 6549 6510 6247 6144 6164 5909 5977 5853 5792 5732 5575 5405 5580 5271 5343 5343 5559 5554 5897 5759 5991 6007 5937 6487 6593 6984 7304 7529 7672 7969 8084 8442 8426 8837 9283 9448 9777 9912 9996 9794 9485 9176 8671 8344 7991 7714 7548 7198 6983 6724 6650 6347 6159 6318 6064 6258 6092 6148 6195 6452 6639 6796 6913 6921 6860 6653 6649 6440 6290 5911 5641 5402 5129 4952 4627 4307 4015 3802 3536 3165 2888 2715 2464 2251 2162 1946 1632 1507 1337 1157 1009 812 783 610 536 405 319 225 190 128 102 74 67 66 61 48 71 75 74 92 90 77 96 103 79 109 101 98 104 115 95 89 79 63 75 68 56 78 71 82 75 110 156 376 712 
0 0 0 0 0 0 0 0 1 3 2 3 1 8 9 17 23 31 31 58 56 59 63 68 50 60 49 50 39 46 34 47 38 35 20 26 29 30 23 38 17 31 30 25 39 48 56 63 75 97 113 102 138 145 211 234 276 290 383 465 613 740 924 1145 1480 1803 2105 2519 3082 3522 4205 4800 5447 6034 6690 7484 8107 8766 9314 10199 10936 11291 11566 11809 11706 11838 11641 11309 11173 10780 10550 10234 9588 8946 8390 8251 7463 7035 6667 6508 6234 6087 5920 5716 5851 5742 5704 5602 5596 5324 5129 5038 5019 4996 4947 4964 5014 5009 4850 4852 4528 4410 4297 4258 4188 4009 3937 3898 3926 4105 3956 3984 3977 3945 4123 4088 4175 4219 4050 4079 4193 4238 4457 4334 4474 4617 4614 4824 4870 4963 5162 5214 5365 5299 5831 5885 6010 6016 5927 5994 6230 6324 6523 6797 7020 7449 7554 7904 8148 8283 8372 8743 8869 9241 8999 9258 8855 8733 8492 8181 7800 7467 6993 6989 7106 7086 6953 6864 6606 6697 6740 6875 6864 6920 7007 7358 7321 7314 7260 6786 6663 6556 6035 5662 5338 4866 4557 4182 3897 3518 3058 2915 2564 2378 2106 1839 1728 1468 1236 1054 810 695 506 476 392 390 382 207 91 97 47 40 15 13 5 6 11 8 6 6 4 5 3 1 2 2 0 1 0 0 0 0 0 0 0 0 


