0
0 0 0 0 0 0 0 0 0 0 0 0 0 0 0 0 0 0 0 0 0 0 0 0 0 0 0 0 0 0 0 0 1 0 1 5 5 7 6 6 4 8 8 7 8 13 16 26 49 43 74 105 132 146 163 191 183 154 123 138 139 131 115 105 75 110 133 195 273 355 781 776 619 519 417 569 655 612 684 729 802 742 754 669 695 729 725 792 857 811 783 730 709 608 617 566 556 510 498 460 474 479 528 455 485 479 528 518 522 529 543 413 415 448 459 487 463 386 308 261 206 258 207 162 172 152 150 132 134 138 113 115 115 108 120 117 106 106 120 102 95 105 100 114 132 123 130 165 147 131 123 149 137 140 135 122 102 137 115 122 123 133 132 116 132 107 102 102 119 118 142 153 178 140 155 153 145 126 151 131 165 178 148 167 190 183 197 178 221 206 234 241 271 262 263 281 272 294 297 346 324 399 482 546 594 646 657 757 721 902 923 1030 1327 1690 2063 2375 1924 2309 2013 2298 2338 1940 1917 1726 1581 1438 1284 1207 1152 1002 1070 876 708 757 711 689 627 539 449 344 296 229 187 195 173 157 133 155 159 195 283 326 434 618 985 3185 
0 0 0 0 0 0 0 0 0 0 0 0 0 0 0 0 0 0 0 0 0 0 0 0 0 0 0 0 1 1 6 10 15 24 24 25 27 19 27 17 19 9 17 10 10 6 16 17 9 16 25 23 31 57 74 85 141 148 146 192 199 186 152 152 143 136 123 119 130 142 156 150 138 188 317 514 1128 696 649 500 454 456 455 500 645 605 516 625 657 772 805 751 681 676 640 716 817 796 799 791 831 911 933 826 742 720 749 790 802 731 769 736 727 834 851 855 1008 954 1007 910 790 658 679 590 525 579 569 689 850 937 846 888 987 1233 889 833 1093 1016 835 999 994 1036 1159 1090 1261 1196 1295 1471 1321 1163 1126 1152 1245 1186 1253 1389 1825 1765 1271 1238 1113 1102 945 953 720 666 499 440 397 367 254 257 249 246 178 234 266 262 292 273 216 241 215 225 225 220 254 239 231 228 180 192 171 155 160 147 132 130 108 131 98 113 85 75 56 60 65 74 50 72 69 68 78 94 109 101 77 43 46 33 40 44 30 31 33 20 25 14 30 24 26 23 35 36 45 32 56 60 47 62 71 89 90 80 131 122 108 106 165 145 143 265 262 527 721 1415 
14784 9119 5700 2823 1446 988 706 624 532 411 351 344 314 293 306 242 253 265 274 272 265 257 229 255 240 266 225 252 234 214 188 219 228 207 229 192 224 205 184 215 175 185 191 170 194 151 165 162 147 165 152 128 156 177 195 193 228 231 187 233 258 236 283 269 285 241 227 211 214 201 224 241 251 284 441 1181 740 576 444 419 408 481 458 448 397 399 401 450 396 440 555 595 608 549 577 555 634 719 741 686 721 708 697 657 740 694 685 740 744 733 691 784 703 684 607 631 668 645 612 615 617 676 634 753 643 587 619 584 506 430 351 368 336 301 304 268 248 240 247 235 244 234 197 190 182 207 189 180 178 161 149 165 162 164 143 137 123 140 110 137 106 103 121 130 147 126 174 157 180 178 137 102 113 94 84 72 73 49 43 47 36 24 20 24 21 26 29 24 14 25 17 17 22 22 28 30 37 27 32 36 51 41 50 61 55 70 127 107 127 176 189 186 184 268 284 414 348 156 301 890 58 49 48 44 30 14 3 1 0 0 0 1 0 0 0 0 0 0 0 0 0 0 0 0 0 0 0 0 0 0 0 0 0 0 0 0 


0 0 0 0 0 0 0 0 0 0 0 0 0 0 0 0 0 0 0 0 0 0 0 0 0 0 0 0 0 0 0 0 0 0 0 0 0 0 0 0 2 0 1 2 2 7 10 14 8 15 15 17 24 13 15 14 46 61 92 241 354 553 799 1396 2176 3003 3482 3833 4658 5346 5119 4629 3576 2481 1678 1416 1124 958 916 903 870 691 675 693 707 734 823 861 981 1222 1355 1580 1723 1871 2235 2659 2854 2972 3275 3599 3871 4343 4896 5323 6078 6367 7008 7598 7484 7206 7586 7552 7763 8411 8498 8637 8826 8883 8940 9106 8915 9051 9422 9592 9498 10178 10763 11967 12948 14318 14976 16439 17144 17575 19030 19680 20105 19030 19967 20450 20233 19822 19895 19404 20092 19056 19538 18623 17829 17118 17054 17066 17491 17512 17570 16028 14716 12284 10455 9604 8116 7140 5546 4246 3441 2190 1263 1000 660 564 514 378 363 309 271 277 281 260 229 226 207 213 189 216 182 196 197 178 204 174 179 152 139 155 139 130 118 122 117 106 89 86 80 60 82 85 78 88 86 102 108 97 92 99 106 97 93 88 76 121 79 60 36 25 32 19 23 23 16 9 9 5 3 0 3 0 2 1 0 1 0 0 0 0 0 0 0 0 0 0 0 0 0 0 0 0 
0 0 0 0 0 0 0 0 0 0 0 0 0 0 0 0 0 0 0 0 0 0 0 0 0 0 0 0 0 0 0 0 0 0 0 0 0 0 0 0 0 0 0 2 2 6 7 12 14 9 17 14 12 13 14 22 18 23 16 12 15 19 20 14 20 20 22 18 18 20 27 27 21 34 43 62 123 218 498 948 1479 2398 3372 4373 4864 5439 5092 4167 3521 3063 2428 1997 1820 1672 1502 1248 1195 1037 1036 963 960 861 961 1183 1430 1677 1981 2439 3207 3786 4477 5568 6216 7218 7428 7867 7649 8365 8059 9034 8798 8734 9286 9853 9905 10529 11015 11743 12380 14321 16392 17934 18383 17704 18435 17898 18774 18971 20729 19336 19248 18827 19677 19607 20513 20099 21708 22914 23299 23650 23196 23727 24065 22073 20227 18482 17627 16800 14840 13496 11634 9033 7230 6207 5117 4013 2684 2040 1634 1531 1502 1483 1282 940 812 532 441 352 267 245 221 178 179 132 115 95 82 66 61 67 48 45 22 7 8 5 0 1 1 0 0 0 0 0 0 0 0 0 0 0 0 0 0 0 0 0 0 0 0 0 0 0 0 0 0 0 0 0 0 0 0 0 0 0 0 0 0 0 0 0 0 0 0 0 0 0 0 0 0 0 0 0 0 0 0 0 
489 232 168 145 77 80 72 50 54 51 47 49 34 42 35 30 29 34 25 23 26 26 12 25 27 29 19 22 30 15 17 31 24 30 22 31 23 28 35 41 36 48 37 33 36 40 46 44 33 38 34 38 32 34 41 43 34 50 41 30 47 46 36 48 38 44 41 50 42 65 56 53 50 59 80 116 153 260 419 612 1089 1563 1942 2372 3030 3630 4722 5202 5969 5175 4253 2983 2104 1492 1123 1101 1099 1032 1207 1482 1754 1991 2714 3009 3355 3552 3779 3920 4210 4354 4524 4894 4822 5213 5274 5597 5671 6630 7121 8116 8984 9803 10444 10844 11152 12382 13623 14542 15857 16469 15007 14798 14272 14695 15350 15600 14875 13915 14865 14004 14468 15235 15788 15883 17482 17711 18356 18420 17653 16353 14884 13984 13729 13311 13519 12279 12563 13103 13299 14118 13359 10704 9241 8837 8385 8243 7357 6895 6660 6347 6217 6258 6100 6269 6804 7304 6909 6609 5761 5596 5045 4653 4352 3605 2561 2014 1576 1340 1328 1309 695 270 138 68 48 16 5 8 1 1 0 0 0 0 0 0 0 0 0 0 0 0 0 0 0 0 0 0 0 0 0 0 0 0 0 0 0 0 0 0 0 0 0 0 0 0 0 0 0 0 0 0 0 0 0 0 0 0 0 0 0 0 0 0 0 0 


