1
0 0 0 0 0 0 0 0 0 0 1 3 1 11 23 47 77 146 247 320 408 497 501 452 432 321 299 249 241 247 1925 2178 2031 353 662 394 154 80 47 29 29 31 23 21 34 30 78 157 332 520 679 849 880 808 953 896 325 151 67 65 56 47 41 44 41 54 38 45 43 50 48 49 42 48 35 37 29 44 28 31 38 41 40 44 64 55 47 61 56 57 45 33 34 46 48 49 63 46 57 50 45 51 65 45 43 57 42 36 33 43 47 48 40 47 39 36 41 37 32 46 31 39 42 41 38 45 37 21 19 18 21 19 26 30 21 31 26 25 24 16 13 9 10 9 13 7 6 3 4 5 4 2 4 1 3 1 2 3 1 0 0 0 2 0 1 0 0 0 0 0 0 0 0 0 0 0 0 0 0 0 0 0 0 0 0 0 0 0 0 0 0 0 0 0 0 0 0 0 0 0 0 0 0 0 0 0 0 0 0 0 0 0 0 0 0 0 0 0 0 0 0 0 0 0 0 0 0 0 0 0 0 0 0 0 0 0 0 0 0 0 0 0 0 0 0 0 0 0 0 0 0 0 0 0 0 0 
0 0 0 0 0 0 0 0 0 0 0 0 0 0 0 0 0 0 0 12 53 307 763 943 809 571 271 138 101 100 99 183 2387 2298 2311 635 119 49 40 28 32 30 31 27 27 17 9 26 16 16 23 21 10 11 12 9 8 5 11 10 11 7 5 2 6 4 29 132 322 783 1189 1624 1192 697 332 145 73 47 43 28 41 41 35 42 26 29 29 41 29 29 32 46 30 30 28 36 41 42 35 27 31 16 27 29 23 29 33 35 36 20 28 26 34 33 39 31 42 31 61 44 37 26 25 45 30 42 29 25 37 20 34 43 40 42 38 38 30 27 35 26 29 43 35 35 27 32 36 45 44 32 22 27 22 24 28 37 48 30 28 28 26 25 22 20 21 26 29 34 44 24 21 38 26 21 28 21 26 18 29 28 30 15 25 17 20 20 12 12 8 25 18 6 13 6 3 4 5 4 5 2 0 0 0 0 0 0 0 0 0 0 0 0 0 0 0 0 0 0 0 0 0 0 0 0 0 0 0 0 0 0 0 0 0 0 0 0 0 0 0 0 0 0 0 0 0 0 0 0 0 0 0 0 0 0 0 0 
0 0 0 0 0 0 0 0 0 0 0 0 0 0 0 1 3 10 48 94 156 328 594 783 644 456 340 250 151 114 150 250 2360 1849 2657 568 148 75 52 41 28 40 30 27 22 22 21 17 21 12 17 12 16 13 16 15 9 14 15 6 9 10 9 4 9 6 5 10 6 7 6 5 4 6 2 7 5 3 3 7 11 14 31 104 494 1152 1568 1330 890 460 200 107 75 55 39 46 41 23 20 26 21 30 24 30 25 31 26 24 34 32 20 23 24 21 23 18 26 22 30 31 38 33 28 18 33 27 15 23 29 19 36 36 24 32 31 20 19 25 21 28 39 28 33 22 31 23 27 21 29 35 34 29 24 23 23 32 42 26 27 24 30 28 23 29 39 35 28 26 33 23 23 33 22 29 27 22 22 24 30 36 46 23 30 24 29 21 22 31 18 21 29 26 23 31 31 23 24 23 18 17 21 26 23 24 23 26 31 18 16 30 21 17 20 24 16 19 19 20 17 28 13 23 17 7 24 22 18 8 18 22 13 15 13 8 4 4 5 3 0 0 0 0 0 0 0 0 0 0 0 0 0 0 0 0 0 0 


20013 4372 4713 3047 2973 3246 3849 3473 3781 3074 2930 2561 2511 2769 2645 2629 2805 2862 2933 3071 2962 3020 3003 3150 3198 3153 3148 2905 3087 3236 3486 3695 3802 3973 4132 4106 4076 4019 3994 4111 4114 4236 4522 4391 4579 4627 4810 4978 4669 4769 4443 4347 4048 3904 3750 3633 3475 3565 3556 3522 3605 3634 3624 3648 3714 3695 3732 3810 3725 3906 3858 3637 3602 3652 3691 3694 3736 3742 3743 3788 3787 3822 3968 4033 3999 4267 4463 4511 4552 4542 4474 4282 4267 4017 4056 3978 3941 3869 3911 3781 3795 3859 3728 3802 3765 3692 3686 3665 3683 3545 3630 3571 3474 3496 3319 3417 3237 3309 3306 3169 3119 3103 3045 3105 3065 3221 3142 3360 3675 3871 4112 4536 5190 5874 6702 8018 8880 9733 11021 11937 12780 12543 11905 11037 10629 10230 10199 10497 10626 10596 10523 9578 8895 8684 8302 7634 6631 6097 5448 5066 4777 4318 3940 3721 3520 3200 3064 3164 2887 2735 2708 2707 2565 2579 2667 2516 2582 2628 2664 2557 2497 2521 2598 2624 2634 2801 3113 4054 5140 4538 3527 2609 2788 2432 2610 2939 2758 3227 3852 3403 3165 3821 6267 8235 8078 7044 4295 2968 2181 1729 1279 743 605 487 507 486 413 453 490 477 490 478 519 486 460 450 476 480 436 466 472 499 561 547 527 512 500 440 540 567 519 438 403 398 359 323 425 555 672 741 887 1120 1517 2423 4724 15065 
29933 10055 5473 4573 4574 4596 4605 4549 4225 4113 3950 3929 3685 3805 3856 3919 3985 4088 4122 4032 3544 3369 3242 3059 2905 2921 2946 3016 3171 3228 3685 3791 3737 3842 3732 3846 3798 3710 3608 3438 3472 3293 3096 2903 2914 2625 2611 2618 2566 2561 2445 2275 2161 2261 2303 2309 2367 2445 2601 2650 2935 2975 3001 3029 2924 3013 3018 3023 3131 2968 2857 2832 2811 2799 2930 2952 2951 2959 3044 3113 3127 3093 3154 3284 3271 3219 3395 3456 3449 3366 3366 3486 3412 3536 3513 3505 3588 3559 3652 3551 3696 3722 3721 3758 3645 3707 3747 3654 3730 3856 3758 3777 3786 3725 3702 3603 3636 3555 3504 3610 3543 3477 3583 3621 3613 3678 3553 3550 3449 3471 3421 3268 3104 2810 2798 2591 2592 2668 2465 2398 2302 2289 2272 2220 2222 2133 2075 2195 2112 2057 2085 2022 1994 2006 2005 1913 1839 1898 1812 1920 1904 1851 1904 1836 1860 1916 2037 1964 2011 2064 2113 2229 2240 2491 2582 2872 3164 3421 3507 3558 3741 4104 4744 5796 6875 8307 10118 12307 14921 15799 15025 13870 13989 14255 15919 16629 15921 16332 17592 18629 17915 16411 15346 12252 9134 6996 4563 2901 2234 1823 1441 1342 1185 1177 1120 1054 959 773 647 661 577 590 610 649 673 608 722 672 607 610 617 633 557 680 849 715 698 742 744 936 1075 874 916 742 766 1062 1210 944 450 334 350 418 544 1067 3583 13877 
27299 9869 5418 4681 4448 4120 4011 4068 4262 4233 4230 4224 4011 3887 3695 3864 3666 3520 3475 3428 3294 3389 3313 3353 3277 3349 3370 3498 3568 3851 4070 4131 4137 4016 3868 3730 3807 3722 3709 3682 3528 3325 3085 3015 2821 2830 2693 2678 2584 2344 2345 2122 2123 2049 2059 2237 2230 2337 2403 2562 2604 2723 2834 2879 2766 2778 2820 2806 2922 2884 2736 2580 2516 2583 2595 2664 2785 2854 2799 2848 2988 3058 2943 2971 3136 3080 3215 3338 3365 3270 3391 3448 3435 3495 3352 3579 3602 3494 3469 3604 3705 3658 3591 3759 3714 3837 3747 3689 3700 3668 3729 3708 3574 3733 3554 3475 3508 3413 3428 3281 3355 3192 3234 3214 3148 3171 3118 3042 2964 2899 2824 2868 2795 2729 2658 2666 2549 2666 2562 2587 2378 2394 2312 2324 2271 2341 2104 2125 2062 2015 2035 2009 1952 2032 2039 1975 2072 2008 1990 1959 2054 2032 2007 2002 2092 2152 2196 2281 2397 2356 2295 2335 2395 2360 2420 2521 2687 2816 2882 3096 3513 4337 5027 4740 4160 3416 2988 2917 3193 3938 4312 4150 4612 6203 9072 8131 6640 4530 3065 2611 2195 1456 965 725 737 724 682 716 700 715 700 720 759 760 777 871 877 1044 1206 1297 1401 1481 1602 1911 2351 2743 3210 3608 4563 5697 7570 9211 10727 12017 13155 13945 15295 15876 17279 19157 21566 22609 22354 17668 11665 6075 2989 1586 802 638 574 654 716 1085 3453 13305 


