0
0 0 0 0 0 0 0 0 0 0 0 0 0 0 0 0 0 0 0 0 0 0 0 0 0 0 0 0 0 0 0 0 0 0 0 0 0 0 0 0 0 0 0 0 0 0 0 0 0 0 0 0 0 0 0 0 0 0 0 0 0 0 0 0 0 0 0 3 4 4 10 5 9 7 17 11 36 27 60 43 43 61 53 64 95 78 110 80 95 104 117 157 141 151 181 153 156 145 142 116 135 173 172 167 154 155 134 146 119 122 111 131 131 133 129 124 126 128 121 112 92 94 90 77 89 82 77 67 74 88 69 80 57 76 71 87 101 105 126 127 148 157 183 190 196 208 168 177 157 139 143 136 148 148 154 184 164 189 256 312 298 238 189 178 200 171 164 170 166 175 182 158 174 178 159 224 202 264 327 262 323 280 234 341 289 266 302 273 467 517 565 530 509 603 414 406 366 349 378 395 372 391 381 328 263 222 197 257 327 416 428 453 375 352 418 412 415 511 580 746 788 500 560 583 470 636 416 395 340 297 253 211 254 175 161 139 111 79 58 58 36 40 46 47 50 49 52 64 69 76 140 201 358 637 1293 3980 
0 0 0 0 0 0 0 0 0 0 0 0 0 0 0 0 0 0 0 0 0 0 0 0 0 0 0 0 0 0 0 0 0 0 0 0 0 0 0 0 0 0 0 0 0 0 0 0 0 0 0 0 0 0 0 0 0 0 0 0 0 0 0 0 0 0 0 0 1 3 4 5 12 4 11 16 11 26 29 27 51 60 63 80 63 66 76 129 210 234 313 358 341 371 453 586 637 632 688 734 842 989 901 826 650 530 605 708 777 801 786 729 539 455 446 455 456 448 516 590 514 538 569 483 474 496 410 351 355 314 349 341 416 452 408 383 425 390 368 353 227 168 242 242 229 200 205 169 217 307 432 365 398 536 395 489 494 504 483 524 610 311 229 139 111 62 41 26 25 32 24 17 22 23 26 21 21 29 22 31 24 21 23 16 25 21 19 29 30 22 27 26 26 28 23 25 21 45 25 24 35 31 35 30 35 34 39 29 30 39 38 49 38 47 42 48 52 57 68 76 63 88 102 112 166 183 138 216 189 184 264 196 233 200 172 180 155 189 162 187 202 190 223 268 160 148 133 119 117 107 146 135 131 145 158 346 
6223 4885 3762 1926 1130 710 536 384 322 311 279 287 245 224 193 174 140 145 125 122 121 104 110 103 99 85 84 83 107 113 142 171 209 227 196 192 188 131 118 143 161 144 127 117 92 71 61 76 85 77 73 73 57 71 90 89 90 98 89 99 101 66 77 97 81 76 83 90 110 117 103 115 116 119 141 150 141 164 180 196 228 305 325 299 290 333 280 301 293 281 280 249 242 208 199 192 218 198 197 159 152 133 121 139 129 127 111 115 105 107 95 77 70 79 76 91 103 94 86 84 78 80 82 81 67 52 37 34 37 25 28 23 20 34 25 24 20 18 20 26 15 20 20 19 15 22 11 14 17 18 16 17 22 16 13 17 23 22 15 15 28 18 15 16 18 34 28 20 14 23 21 16 25 29 24 29 26 32 31 27 31 32 39 38 42 39 44 53 101 67 104 102 76 112 90 78 104 167 263 250 286 242 224 238 295 267 254 325 324 291 277 293 258 181 117 243 63 6 8 0 0 0 0 0 0 0 0 0 0 0 0 0 0 0 0 0 0 0 0 0 0 0 0 0 0 0 0 0 0 0 0 0 0 0 0 0 


0 0 0 0 0 0 0 0 0 0 0 0 0 0 0 0 0 0 0 0 0 0 0 0 0 0 0 0 0 0 0 0 0 0 0 0 0 0 0 0 0 0 0 0 0 1 5 6 10 9 10 11 9 5 7 15 6 9 7 16 9 18 63 88 168 230 290 205 207 275 495 756 897 1168 1379 1966 2628 3534 4141 4942 5830 6487 7460 8220 9164 10126 10570 10795 11690 11313 10970 10960 11161 10765 11352 10763 10767 10743 10537 9925 9470 9219 8840 7967 7539 7235 7203 7365 6863 6116 5506 5098 4530 4279 4033 3861 3755 3907 3844 3800 3627 3697 3811 3714 3628 3817 3839 4203 4602 5060 5297 5378 5251 5113 5196 5502 5758 6132 6707 6777 6514 5838 6344 6850 7795 7505 7121 7317 7741 8065 8845 9438 9893 10101 10249 10465 11087 11158 11812 13157 14355 15725 14705 15528 15686 15186 15243 15264 15383 16466 16581 15441 14959 14341 12563 12223 10920 9721 8424 7536 7012 6731 6213 5477 5078 4790 4300 4295 4234 3200 1952 1055 535 412 314 322 251 266 269 275 265 243 277 239 274 252 269 285 272 289 271 225 171 179 170 163 165 198 140 107 118 72 56 57 48 46 28 14 14 5 1 0 0 0 0 0 0 0 0 0 0 0 0 0 0 0 0 0 0 0 0 0 0 0 0 0 
0 0 0 0 0 0 0 0 0 0 0 0 0 0 0 0 0 0 0 0 0 0 0 0 0 0 0 0 0 0 0 0 0 0 0 0 0 0 0 0 0 0 0 0 0 0 0 6 12 9 6 10 3 6 13 8 8 7 7 9 12 11 7 6 7 13 15 28 85 175 175 180 207 141 151 134 122 161 173 181 234 300 368 559 853 1124 1655 1973 2493 2869 3607 4593 5329 6006 6792 7713 8515 9309 10334 11088 12044 13052 13741 13956 14448 14419 14612 14566 14057 13579 12643 12145 11440 11011 9802 9028 8235 7578 6959 6526 5880 5424 4910 4857 4782 5043 5481 5849 6142 6340 6240 6215 6418 6505 6603 6980 6995 7149 7722 7948 7316 6692 6335 6133 7203 7672 8483 8592 8602 8371 8444 8069 8294 9009 9783 11785 12503 13446 14115 13554 13863 15430 16326 15834 14671 14241 13745 13219 12601 12345 11466 10932 10650 10574 10595 11222 11166 10927 10199 9363 8448 7779 7223 6216 5931 5628 5620 5353 5714 5352 4588 3416 2108 1055 635 390 268 251 232 192 177 140 99 103 77 87 83 52 32 12 3 1 0 0 0 0 0 0 0 0 0 0 0 0 0 0 0 0 0 0 0 0 0 0 0 0 0 0 0 0 0 0 0 0 0 0 0 0 0 0 0 0 0 0 0 0 
530 217 207 166 149 122 118 122 97 67 73 74 55 50 71 50 65 46 58 45 26 45 43 32 37 33 27 29 32 33 30 35 27 35 28 18 28 30 38 34 30 23 23 28 37 25 30 52 28 35 44 37 40 35 38 38 27 29 40 50 61 70 113 151 189 202 248 278 202 175 211 190 240 218 263 274 305 363 402 513 698 1006 1215 1612 1734 1683 1881 1859 2191 2430 2868 3556 4412 5022 6014 6728 7407 8364 9332 10075 11155 11424 11344 10575 10710 11022 11465 12410 12989 13604 13647 13110 12683 13151 12745 12092 10957 9655 9257 9163 8665 8390 7571 7270 6738 6627 6809 6055 5885 6383 7116 7201 6377 5331 5425 5470 5477 5153 5576 6057 6770 6818 6347 6676 6754 6308 5751 6002 6268 6230 7241 6813 7145 8292 8921 8838 8485 8826 10293 11081 10946 9278 8499 9099 9096 8754 7819 7625 7159 6782 6467 6324 6018 6497 6733 7743 8647 9142 9133 9224 9266 9133 9930 9984 10145 10111 9653 9446 9659 9385 9161 8510 7930 7184 7152 6826 6190 5866 5890 5846 6753 5741 5094 3561 2390 1566 872 387 219 114 76 30 16 11 11 6 2 0 1 0 0 0 0 0 0 0 0 0 0 0 0 0 0 0 0 0 0 0 0 0 0 0 0 0 0 0 0 0 0 0 0 0 0 0 0 0 


