0
0 1 1 0 0 0 0 1 0 2 1 0 2 2 1 7 2 14 37 52 88 94 103 513 709 817 869 1021 1244 1371 1251 1525 1827 1332 1602 1371 1459 1432 1643 1379 1226 1230 1141 1046 1052 1007 1173 1446 1734 1452 1401 1236 1401 1231 1570 1440 1146 1133 1056 1020 980 899 783 645 695 576 528 512 453 419 359 363 347 381 364 318 264 188 153 143 132 103 108 99 91 83 85 88 88 95 81 89 66 73 63 75 71 82 87 64 70 79 60 81 62 69 69 57 66 56 52 49 67 55 53 58 67 55 63 64 51 76 60 59 55 59 61 44 43 43 50 63 47 48 47 53 62 47 52 39 48 44 40 42 40 45 32 45 38 47 47 43 42 30 34 23 30 27 24 41 40 35 28 27 24 34 33 36 30 36 40 32 28 33 40 33 32 26 40 34 36 40 39 27 33 37 31 31 34 24 24 26 32 35 29 23 30 18 14 29 32 29 29 27 23 35 25 30 23 19 25 27 27 26 24 15 23 25 28 17 21 13 16 19 15 11 13 13 14 8 8 12 9 5 12 8 7 11 8 4 5 6 7 4 2 5 5 2 3 1 3 1 5 2 4 9 
0 1 1 0 6 5 5 8 6 15 15 17 28 35 48 45 86 118 212 527 883 1351 1335 1161 1498 1847 2848 3983 3351 2179 1587 1506 1415 1331 1228 1257 1607 1602 1912 1639 1518 1640 1786 2281 1785 1627 1636 1400 1329 1181 1050 981 879 772 594 506 523 492 438 446 421 461 333 240 151 92 78 55 40 44 43 42 40 57 40 43 60 59 47 43 49 30 46 27 40 34 19 28 16 19 22 21 13 19 17 15 20 16 28 19 16 21 17 25 20 20 13 12 18 17 16 13 8 19 19 20 14 13 11 13 10 12 9 12 15 15 13 15 15 10 12 8 25 12 18 16 10 15 14 13 14 7 12 3 3 9 3 3 4 3 3 3 3 3 2 0 0 2 0 1 2 1 3 3 0 0 0 0 0 0 0 1 0 1 0 0 1 0 0 0 0 0 0 0 0 0 0 0 0 0 0 0 0 0 0 0 0 0 0 0 0 0 0 0 0 0 0 0 0 0 0 0 0 0 0 0 0 0 0 0 0 0 0 0 0 0 0 0 0 0 0 0 0 0 0 0 0 0 0 0 0 0 0 0 0 0 0 0 0 0 0 0 0 0 0 0 
13 14 15 20 17 16 20 28 25 29 34 30 48 54 80 145 680 909 1127 949 1463 1624 1619 2277 3470 2890 2610 1863 1617 1389 1356 1469 1522 1599 2061 2009 1856 1671 2164 2247 1893 1721 1639 1356 1461 1351 1136 929 886 888 711 556 547 493 442 458 390 473 408 340 232 148 99 74 71 61 50 44 50 60 53 36 34 43 44 47 50 49 45 26 28 37 23 20 20 14 18 12 14 11 12 14 12 18 19 12 10 9 11 13 11 8 19 11 14 13 13 14 10 8 6 5 10 7 12 11 8 4 13 3 7 1 5 4 2 11 7 3 4 5 3 7 8 6 11 10 10 4 7 4 8 13 10 5 5 5 4 2 4 1 3 2 0 1 0 1 0 0 0 0 0 0 0 0 0 0 0 0 0 0 0 0 0 0 0 0 0 0 0 0 0 0 0 0 0 0 0 0 0 0 0 0 0 0 0 0 0 0 0 0 0 0 0 0 0 0 0 0 0 0 0 0 0 0 0 0 0 0 0 0 0 0 0 0 0 0 0 0 0 0 0 0 0 0 0 0 0 0 0 0 0 0 0 0 0 0 0 0 0 0 0 0 0 0 0 0 


0 0 0 0 0 0 0 0 0 1 0 1 1 5 1 3 5 13 24 23 48 41 63 71 115 206 477 643 734 934 1123 1055 1060 1300 1422 1759 1487 1398 1416 1622 1670 1781 1728 1777 1743 1493 1407 1463 1415 1399 1514 1367 1417 1407 1471 1522 1625 1519 1597 1733 1865 1764 1643 1810 1669 1638 1667 1669 1608 1638 1848 1873 1750 1706 1767 2002 2119 2095 1861 1806 1759 1709 1774 1792 1711 1556 1543 1729 1876 1981 1890 1770 1705 1681 1654 1697 1747 1826 1944 2007 2075 2388 2437 2387 2557 2685 2885 3036 3082 3244 3462 3862 4091 5032 5640 6478 6261 6389 5997 5762 5671 5633 5862 6489 6549 6812 6645 6528 6889 6872 7065 7557 7815 7553 6933 6976 6883 6017 5730 5564 5446 5327 5314 5383 5521 5457 5290 5406 5526 5298 6216 6229 6642 6827 6768 6478 6536 6806 6902 7229 8126 8829 8772 9206 8534 8432 8949 8332 8235 7087 6462 6724 6386 6176 5259 5552 4776 4230 4365 5189 5297 5563 6243 6899 7754 8430 8446 8820 9355 10033 12419 15001 16453 18056 17273 16465 17682 17173 15544 11706 12659 12871 11627 9930 8819 8432 10468 7442 3589 2290 1470 1123 949 939 915 925 842 885 723 764 656 676 850 1071 1171 1334 801 436 218 208 193 199 187 168 178 186 184 167 211 226 237 245 233 286 277 295 241 253 255 231 231 213 166 195 223 429 
1 0 1 1 3 1 4 10 18 25 37 42 63 75 141 219 309 398 786 1044 875 920 948 1036 1221 1346 1620 1689 1840 2035 2200 2225 2217 2044 1878 1935 1845 1824 1718 1659 1635 1717 1789 2044 1812 1611 1629 1783 1863 1912 1960 1948 1969 2202 2139 2176 2034 2485 2554 2494 2167 1795 1644 1868 1779 1869 1934 1924 1942 1793 1847 1679 1710 1796 1712 1590 1494 1460 1304 1264 1228 1294 1424 1412 1390 1433 1495 1705 1616 1812 2002 1986 2188 2190 2400 2641 2703 2980 3167 3118 3241 3340 3491 3484 3669 3620 3668 3823 3929 4098 4106 4143 3856 4004 3802 3942 4091 4441 4256 3615 3181 2809 2837 2794 2605 2812 2828 3013 3161 3387 3467 3896 4563 5183 5486 5464 5596 5653 5568 5358 5241 5773 6248 6383 6655 6984 7076 7643 7305 6900 7096 6881 5819 5501 5354 5482 5204 5689 5565 5529 5164 4814 5216 5624 5142 5386 5952 6012 6071 6804 6934 7394 7978 8651 8932 10105 9493 9439 8359 7837 6800 5483 5285 4092 3727 3774 3756 3987 4856 5154 5732 6371 7825 8670 10754 11041 11029 11652 13490 15073 16634 15839 17031 17407 19876 22354 19011 15796 13297 11972 12508 10211 4777 2421 1386 1002 901 835 753 806 804 741 1059 1065 1039 926 1068 770 372 164 117 112 133 124 120 136 156 180 226 220 176 178 165 165 119 116 85 48 57 49 39 25 9 13 11 33 
206 222 200 191 238 232 270 309 372 428 491 538 677 794 789 830 868 956 1265 1661 1649 1803 1801 1849 1888 1925 2000 2026 2065 2299 2272 2061 1917 1845 1882 1996 2543 2129 2141 1949 1912 2025 1853 1849 1914 2171 2264 2454 2127 2009 1975 2145 1999 2099 2269 2269 1900 1775 1742 1644 1685 1646 1654 1635 1717 1604 1613 1532 1464 1439 1488 1456 1316 1357 1266 1304 1374 1400 1524 1630 1579 1738 1840 1773 1866 1940 2132 2143 2389 2797 2852 2969 3218 3422 3685 3815 4066 3987 3811 4028 3898 3824 3390 3362 3605 3896 3809 4179 3621 3352 2604 2611 2399 2253 2054 1941 1965 1958 1970 1967 2038 1948 2049 2200 2321 2491 2724 2947 3271 3735 3702 3893 4113 4076 3856 3894 3865 4049 4786 5036 5594 5656 5998 5830 5444 4606 4631 5023 4988 4994 5323 5374 5843 5893 5832 5961 4902 4936 4455 4383 4516 4527 4215 4219 4121 4324 4330 4877 4383 4618 4985 5448 5523 5392 5345 5260 5115 5403 5377 5840 7019 7833 8407 8476 8664 9856 9171 7311 6697 5558 5140 4588 4365 4009 4423 4825 4975 6183 6766 7251 9371 9678 11018 12322 14864 17142 19916 21097 22582 22116 20285 19458 17062 18384 17033 14023 7797 4522 2386 1617 1321 1037 893 848 895 879 1087 1116 1015 994 1238 765 484 234 162 142 142 131 183 191 206 212 195 181 146 154 132 76 78 60 63 51 38 32 24 10 


