1
0 0 0 0 0 0 0 0 0 0 0 0 0 0 0 0 0 0 0 0 0 0 0 0 0 0 0 0 0 0 0 0 0 0 0 0 0 0 0 0 0 0 0 0 0 0 1 1 4 4 3 4 10 14 15 18 18 24 34 32 41 61 56 71 73 96 85 104 103 101 111 117 108 127 131 108 122 128 102 122 118 108 117 105 110 87 94 89 83 76 63 79 66 61 44 56 47 61 49 32 35 39 31 34 31 22 27 20 25 18 19 21 19 19 21 21 14 20 15 17 9 11 16 13 8 6 4 9 5 5 6 7 7 5 5 0 2 7 2 8 1 1 6 0 2 5 1 2 2 1 3 3 2 3 1 2 1 4 0 0 5 11 24 46 55 41 18 4 7 2 3 1 4 2 3 5 1 0 3 0 2 4 4 2 0 3 3 3 4 6 5 5 3 2 4 4 2 1 4 2 0 6 3 23 54 153 337 530 806 1191 1822 2541 3316 2704 1781 1269 964 1172 1266 1063 789 414 381 332 249 171 157 66 23 11 6 3 5 4 16 12 6 5 5 1 0 0 2 0 0 0 0 0 0 0 0 0 0 0 0 0 
0 0 0 0 0 0 0 0 0 0 0 0 0 0 0 0 0 0 0 0 0 0 0 0 0 0 0 0 0 0 0 0 0 0 0 0 0 0 0 0 0 0 0 0 0 0 1 0 1 1 1 6 4 8 6 11 17 14 25 20 36 35 43 46 73 78 85 75 95 111 96 95 99 119 102 103 125 138 119 100 108 116 103 97 122 113 111 91 85 83 91 91 57 86 63 61 58 87 60 50 38 37 33 38 39 33 34 22 21 20 17 25 15 26 10 20 16 20 14 21 17 19 10 14 13 9 9 7 9 7 3 2 6 7 12 6 3 2 6 5 5 2 2 3 2 1 1 1 2 3 2 1 0 2 3 0 2 2 3 1 1 2 5 1 2 1 0 0 0 0 0 0 5 4 28 46 61 43 18 4 4 1 1 4 4 1 2 5 2 0 2 2 4 6 1 2 2 5 4 7 4 0 3 3 3 2 7 2 2 2 0 3 1 2 2 3 2 14 72 233 544 831 1397 2935 4456 3298 2161 1246 1109 1196 1322 1081 435 358 290 301 148 75 45 26 11 6 2 0 1 4 2 9 12 19 7 1 1 1 0 0 
0 0 0 0 0 0 0 0 0 0 0 0 0 0 0 0 0 0 0 0 0 0 0 0 0 0 0 0 0 0 0 0 0 0 0 0 0 0 0 0 0 0 0 0 0 0 0 2 0 0 0 1 2 3 9 9 6 16 22 18 16 26 36 36 46 77 71 72 82 83 97 94 104 128 104 94 96 115 110 100 129 124 130 105 87 102 107 111 106 109 90 66 71 70 83 67 62 66 68 68 51 46 41 32 48 42 41 31 32 26 14 23 20 22 20 24 19 14 18 20 15 14 11 19 18 11 12 9 10 8 8 9 14 3 4 4 6 7 6 5 5 3 7 3 3 2 0 6 1 0 0 1 4 2 2 1 0 2 0 3 3 2 1 0 3 3 2 3 0 0 1 0 0 0 0 0 4 5 9 29 33 54 45 21 4 6 5 1 4 4 1 2 3 4 2 2 3 4 3 3 1 4 4 3 4 2 5 5 6 4 1 2 0 2 2 3 0 0 3 3 1 4 11 50 154 646 1783 2836 3767 3296 2584 1677 1503 1445 1236 944 503 386 326 224 105 57 35 17 4 1 1 3 2 3 1 3 2 10 28 5 


69066 4452 3838 2480 2561 2429 2083 2037 2012 1905 1743 1693 1700 1621 1529 1486 1575 1511 1670 1681 1779 1786 1829 2029 2251 2187 2228 2020 1960 1781 1539 1569 1777 1792 1730 1708 1792 1733 1578 1579 1694 1674 1548 1513 1529 1472 1346 1444 1452 1399 1251 1185 1168 1160 1075 1042 997 1111 1046 919 1035 1029 1097 1062 1098 1168 1129 995 990 939 954 931 974 1001 1013 968 1014 971 920 950 949 1055 1054 1058 988 1067 1174 1164 1205 1207 1286 1323 1265 1329 1347 1415 1459 1527 1606 1688 1770 1848 1777 1932 1886 2039 2176 2433 2528 2483 2624 2814 2827 2897 2992 3161 3246 3171 3222 3366 3377 3632 3761 4227 4081 4371 4295 4445 4474 4486 4530 4957 5296 5361 5365 5268 5468 5538 5289 5668 5861 5764 5823 5971 6115 6394 6610 7265 7564 7999 7589 6924 6520 6082 6066 6050 6201 5791 5637 5640 5371 5380 5459 5708 5597 5383 5452 5184 5250 5307 5218 5401 5521 5439 5464 5299 5011 5336 5118 5347 5470 5371 5107 5088 5077 5169 5209 5424 5637 5635 6424 6556 6833 7557 7747 8519 9445 9355 10070 8898 9157 8964 8481 8133 7938 7777 7701 7658 7742 8578 8985 8537 7924 8109 7621 7307 7428 9359 13480 13513 12133 9289 5260 2974 2148 1793 1607 1459 1337 1126 1067 995 815 826 646 596 552 451 432 365 286 266 225 160 126 130 94 122 104 120 109 129 146 338 676 16481 
75827 5224 2221 2215 1996 1861 1521 1629 1945 1747 1603 1643 1534 1460 1355 1496 2045 1842 1860 2167 2130 2086 2041 2319 2339 1571 1398 1500 1814 1599 1464 1582 1785 1332 1223 1303 1504 1374 1372 1501 1504 1293 1299 1220 1460 1570 1420 1331 1333 1627 1344 1207 1215 1146 965 932 919 990 864 836 917 1123 1015 861 921 899 767 753 808 763 832 812 815 945 1007 1019 1174 1165 1070 1053 1019 1105 1157 1068 1163 1249 1045 1014 1052 1146 1115 1155 1118 1276 1244 1277 1333 1500 1463 1472 1564 1659 1703 1760 1796 1936 2021 1974 2003 2183 2275 2359 2393 2724 2695 2788 2914 3040 3045 3119 3126 3597 3884 3992 4411 4503 4253 4325 4396 4945 5028 4736 4786 4837 5058 4680 4526 4809 4837 4808 4620 5022 5349 5215 5522 5667 6171 6177 6387 6989 8111 8050 7902 7789 7297 6437 6003 5900 6045 5759 5478 5909 6271 5942 5772 5981 6207 5890 5801 5654 6116 5878 5794 5965 6276 6150 5896 6043 6044 5438 5483 5469 5689 5557 5591 5970 6263 5592 5601 5880 6176 5838 5442 5237 5546 4840 5032 5415 6319 5962 5995 7214 8516 9508 9414 9810 10732 8524 8356 8944 9065 7671 6438 6244 6529 8028 7444 7278 8024 8675 6675 6835 7644 14326 13575 11195 8579 5666 2092 1250 945 1094 869 642 661 579 496 378 342 341 234 151 141 117 114 70 70 76 61 57 66 83 84 147 483 16259 
74834 5622 2297 2045 2043 1828 1621 1867 1883 1664 1489 1470 1583 1422 1415 1608 1945 1683 1626 1749 2036 1926 1948 2146 2531 1935 1525 1484 1627 1659 1373 1445 1615 1433 1280 1311 1347 1381 1389 1508 1572 1427 1330 1245 1205 1238 1169 1289 1365 1603 1401 1358 1334 1384 1226 1182 1192 1244 1307 1101 1135 1025 1023 901 824 869 805 723 678 660 693 678 693 743 779 728 747 748 812 776 794 853 952 890 907 912 888 887 873 1020 1003 992 967 990 1072 1084 1122 1207 1331 1401 1402 1486 1544 1611 1546 1699 1985 2108 2113 2109 2079 2065 2188 2260 2550 2705 2586 2669 2625 2690 2695 2823 3023 3160 3026 3074 3054 3241 3354 3410 3570 4047 4473 4694 4740 4960 4972 4891 5057 5789 6354 5829 5703 5584 5553 5511 5399 5645 5776 5633 5428 5398 5336 5428 5485 5863 5992 5894 5927 6315 6534 6728 7502 8653 9451 8497 7816 7268 7254 6812 6186 6131 6308 6179 5977 5735 5908 5743 5836 5787 5892 6206 5923 5574 5607 5565 5568 5876 5963 6010 5809 5674 5339 5412 5356 5349 5758 6294 6409 6258 6337 6932 7155 7358 8267 10510 12870 12379 10928 10997 10294 8345 7725 7708 8445 7749 7242 7729 8983 8084 8004 9174 14642 13467 10119 7464 5250 2481 1597 1433 1451 1282 1279 1224 1480 1233 949 747 605 412 241 180 155 118 91 68 77 83 90 55 58 66 72 102 511 16186 


