1
0 0 0 0 0 0 0 0 0 0 0 0 0 0 0 0 0 0 0 0 0 0 0 0 0 0 0 0 0 0 0 0 0 0 0 0 0 0 0 0 0 0 1 0 1 0 1 0 0 1 1 1 4 3 4 1 4 2 9 10 8 14 14 18 34 29 26 42 52 56 54 79 96 112 117 117 123 147 130 165 172 195 179 205 224 243 217 263 289 300 274 240 269 246 247 277 244 278 302 308 308 241 261 232 250 275 282 278 297 229 239 258 201 225 256 237 225 213 186 197 158 174 155 153 150 114 95 82 91 70 81 53 70 40 61 40 41 46 56 49 51 43 35 31 36 31 36 35 42 31 31 50 34 31 29 26 25 25 22 13 14 19 20 69 82 132 150 147 149 158 128 128 72 33 13 16 13 17 8 13 4 5 9 6 4 4 7 4 4 5 5 8 8 12 10 4 6 3 12 3 4 4 6 5 4 10 11 30 87 217 651 1292 3666 4896 9358 7978 7214 6006 5249 4506 4198 4671 5851 5134 5775 3398 2767 1802 1107 506 353 274 235 170 142 86 61 34 39 47 42 34 17 15 9 14 8 2 3 1 2 1 0 0 0 0 
0 0 0 0 0 0 0 0 0 0 0 0 0 0 0 0 0 0 0 0 0 0 0 0 0 0 0 0 0 0 0 0 0 0 0 0 0 0 0 0 0 0 0 0 1 1 0 0 1 0 1 1 0 1 3 6 6 4 3 7 11 13 8 17 18 34 25 39 35 60 55 57 74 116 95 104 108 128 157 137 161 201 180 188 213 231 232 258 260 289 259 279 330 291 268 283 288 310 300 310 303 261 282 235 289 283 257 252 256 249 244 209 244 268 204 240 218 187 176 170 174 182 184 135 142 129 87 91 93 68 75 65 58 55 50 45 51 45 61 34 40 48 37 38 39 27 32 34 42 34 37 40 33 30 28 22 26 25 21 19 19 18 13 9 12 14 12 11 8 8 8 9 6 6 13 29 61 158 155 141 138 152 182 112 35 23 11 9 12 10 6 10 2 5 5 6 2 1 6 8 5 4 3 13 2 9 11 3 6 8 6 5 2 8 6 5 4 9 13 9 8 17 26 167 963 3082 10669 9553 8550 7215 6420 5792 5006 6329 4631 6799 3924 2552 2073 1734 688 394 299 316 226 119 63 53 28 26 26 19 28 59 64 16 
0 0 0 0 0 0 0 0 0 0 0 0 0 0 0 0 0 0 0 0 0 0 0 0 0 0 0 0 0 0 0 0 0 0 0 0 0 0 0 0 0 0 1 0 1 0 0 0 0 2 0 1 1 0 3 2 3 6 6 6 10 11 8 15 18 22 20 37 32 41 47 56 75 95 108 94 108 130 134 136 178 179 197 151 218 216 220 224 264 277 289 255 262 227 296 247 245 261 316 341 315 264 287 249 263 273 246 299 281 245 258 222 222 222 265 272 267 209 193 192 170 179 191 154 153 128 99 98 102 80 95 67 72 70 38 55 54 47 54 48 55 32 39 32 35 33 46 33 30 37 53 46 41 25 23 31 27 27 12 21 13 15 16 9 10 12 11 10 8 5 10 12 1 3 5 4 5 3 7 16 33 89 109 109 133 182 145 136 111 80 34 13 10 10 12 11 9 5 4 3 5 6 3 5 6 4 4 3 11 8 8 9 6 9 5 3 2 7 4 8 9 8 11 10 10 10 23 45 148 749 3746 5762 10416 9944 9589 8294 7083 7356 6243 6266 3677 2858 2024 1315 683 459 362 264 149 87 66 53 39 39 90 86 


32042 3241 1811 1120 1003 924 877 777 799 608 621 561 546 561 507 465 506 437 411 456 400 425 437 432 429 449 460 415 461 432 451 516 584 594 605 558 580 520 574 555 526 535 470 406 414 361 360 415 407 395 377 343 346 327 359 342 318 380 365 385 382 367 375 394 403 428 468 456 468 473 470 455 489 552 566 588 599 584 602 623 642 692 742 765 811 872 907 937 1034 1152 1231 1274 1380 1419 1506 1691 1852 1871 2159 2283 2399 2552 2668 2791 2909 3161 3401 3585 3757 3916 4189 4261 4304 4493 4958 5339 5249 5494 5421 5539 5653 5837 6001 6383 6239 5981 6305 6242 6182 6222 6532 6886 6903 7110 6980 7030 7126 7165 7350 7519 7680 7676 7699 7548 7667 7919 8283 9971 9836 10226 9965 9269 9276 8576 8504 8487 8275 8168 8054 7851 8079 7906 7993 7945 7993 7662 7445 7403 7391 7233 7219 7571 7559 7739 7789 7645 8218 8300 9501 10475 12027 12438 11720 9918 8812 8000 7449 7258 6959 7100 6793 6423 6282 6093 5849 5823 5564 5455 5435 4992 4627 4496 4413 4190 4276 4055 4118 3693 3495 3074 2974 2954 2853 2770 2755 2591 2421 2227 2101 2002 1972 1765 1764 1624 1518 1311 1215 1123 980 926 848 786 642 619 540 478 412 337 258 263 198 162 135 105 73 57 53 51 47 53 58 58 89 225 430 16109 
33452 2611 707 625 598 559 475 524 481 401 370 408 467 485 440 526 587 480 453 453 501 461 384 453 473 414 373 395 476 436 391 406 425 378 371 355 433 350 339 361 443 436 409 415 491 598 551 530 613 619 590 572 557 663 644 575 625 561 496 426 487 521 427 439 472 464 424 420 470 491 442 431 446 512 537 484 501 568 568 577 595 599 646 705 712 744 764 823 935 1030 1029 1123 1142 1259 1260 1291 1436 1517 1597 1634 1677 2001 1975 2043 2343 2520 2673 2665 2943 3220 3402 3435 3679 3989 3926 4188 4227 4602 4807 4858 5145 5298 5427 5610 5693 6075 6209 6332 6154 6373 6331 6256 6376 6613 6913 7264 7250 7474 7810 7533 7570 7773 8012 8151 8117 8275 8389 8261 8205 8223 8325 8627 8668 8532 8947 8542 8435 8555 8636 8505 8601 8632 8859 8890 9050 10063 11403 11511 11843 13255 13192 11512 11625 12201 12568 10243 9575 9116 8959 8021 7826 7971 8214 7821 7597 7686 7777 7263 7165 7452 7132 6607 6527 6584 6328 5829 5416 5684 5822 5052 4886 4693 4625 4459 4241 4156 3999 3371 3084 2903 2800 2593 2234 2286 2278 2275 1984 1898 1771 1688 1495 1446 1352 1381 1102 1049 939 843 741 660 635 634 529 403 420 336 290 261 217 224 150 119 123 110 96 85 102 76 70 58 66 80 83 132 443 16214 
31485 2392 858 665 625 527 500 501 510 435 408 382 374 367 350 384 412 369 337 314 357 356 311 337 370 388 388 368 411 426 408 430 509 544 494 436 428 458 393 373 501 524 437 444 387 414 363 397 432 485 473 421 375 436 432 468 529 644 659 639 627 615 610 618 601 655 735 618 558 570 560 587 640 663 703 601 525 539 573 589 569 642 642 662 721 684 746 744 742 879 852 805 789 848 877 873 923 1005 1181 1234 1347 1373 1417 1582 1727 1834 2081 2351 2350 2448 2489 2616 2662 2875 3216 3311 3508 3696 3800 4012 4078 4318 4688 4940 5178 5319 5164 5409 5419 5765 6136 6691 6870 6934 6697 6905 6787 7038 7323 8105 8342 8497 8350 8196 8139 8201 8479 8933 9245 9236 8905 8822 8818 8599 9124 9665 9583 9538 9239 9051 9184 9434 10417 12349 12264 12815 12066 11765 11129 10418 9705 9538 9092 9013 8937 8458 8265 8606 8709 9582 10065 11354 11130 10309 9525 9107 8679 8311 8228 8216 7836 7243 6983 6997 6469 6482 6378 6207 6120 5552 5054 4882 4560 4387 4585 4520 4409 3951 3246 3048 2976 2719 2589 2559 2651 2517 2149 1884 1828 1653 1602 1385 1421 1296 1052 894 865 744 666 560 558 501 374 306 275 274 210 197 199 159 123 123 100 109 86 81 97 122 116 92 103 85 84 156 538 16207 


