1
0 0 0 0 0 0 0 0 0 0 0 0 0 0 0 1 1 9 41 229 916 972 1047 880 888 1246 2649 5894 6740 809 152 118 99 117 106 118 76 74 60 59 58 51 60 54 50 74 71 70 104 120 115 151 223 225 279 325 396 450 507 528 544 574 565 575 493 402 384 355 305 258 176 139 100 96 70 54 49 40 47 40 45 46 34 40 37 45 37 45 43 46 47 43 37 41 44 40 36 36 43 37 52 56 52 58 36 43 38 46 52 60 51 38 41 44 55 61 54 57 57 62 62 48 56 52 59 57 55 47 44 40 59 61 38 54 34 41 64 55 60 44 55 49 40 52 52 37 56 44 47 40 38 39 38 45 40 22 53 27 28 27 41 23 38 29 42 36 31 32 33 24 22 22 39 12 18 19 18 17 12 6 11 12 10 5 8 4 2 0 1 3 0 1 2 2 1 1 2 0 1 1 0 0 0 0 0 0 0 0 0 0 0 0 0 0 0 0 1 0 0 0 0 0 0 0 0 0 0 0 0 0 0 0 0 0 0 0 0 0 0 0 0 0 0 0 0 0 0 0 0 0 0 0 0 0 0 0 
0 0 0 0 0 0 0 0 0 0 0 0 0 0 0 0 0 1 0 3 41 199 980 1095 1214 1126 3155 9697 2955 1538 240 128 97 108 92 104 103 115 78 57 75 68 63 48 58 62 56 73 63 65 104 116 115 155 218 226 275 332 389 437 497 535 556 586 555 578 472 427 382 351 318 260 172 144 106 96 61 57 52 34 53 37 43 48 26 46 39 42 37 40 44 42 39 50 47 36 35 45 32 42 42 38 41 51 47 57 43 42 34 58 48 43 55 45 43 46 42 47 57 50 65 76 41 54 67 42 54 55 53 52 53 59 42 43 63 49 36 42 41 57 51 52 62 50 45 53 41 47 40 54 56 33 47 39 39 33 37 39 39 43 36 30 25 31 33 28 31 42 39 36 35 28 28 19 27 40 14 21 20 14 19 11 11 12 11 9 9 8 6 3 3 0 3 0 1 2 0 1 3 1 2 1 0 1 0 0 0 0 0 0 0 0 0 0 0 0 0 0 0 1 0 0 0 0 0 0 0 0 0 0 0 0 0 0 0 0 0 0 0 0 0 0 0 0 0 0 0 0 0 0 0 0 0 0 0 0 
0 0 0 0 0 0 0 0 0 0 0 0 0 0 0 0 0 1 0 1 12 128 841 925 1291 1108 2359 5266 3778 6009 367 208 112 105 109 80 110 96 111 75 61 82 64 45 57 53 66 61 75 54 89 109 113 136 180 217 274 296 331 410 508 496 515 578 546 587 542 448 398 360 360 272 242 143 140 93 81 64 47 43 40 52 43 37 37 33 48 34 45 45 34 43 50 33 55 40 32 33 50 37 35 41 39 43 42 48 56 44 49 32 55 41 49 51 51 44 35 49 38 64 46 68 60 41 50 65 49 59 52 49 52 59 51 38 50 62 47 31 45 49 31 43 51 64 49 49 59 45 41 36 49 48 40 47 36 37 37 35 36 41 43 43 23 39 33 29 24 34 31 33 30 41 37 40 26 22 28 16 33 29 11 20 15 16 18 11 4 15 10 12 5 9 3 2 1 0 3 1 0 2 1 2 2 1 2 0 1 0 0 0 0 0 0 0 0 0 0 0 0 0 0 0 0 1 0 0 0 0 0 0 0 0 0 0 0 0 0 0 0 0 0 0 0 0 0 0 0 0 0 0 0 0 0 0 0 0 


73691 17344 9235 5169 4415 4001 3588 3247 2969 2418 2223 2007 2120 2329 2182 1832 1909 1819 1727 1720 1718 1761 1712 1720 1794 1894 2027 2222 2470 2457 2658 2731 2822 2828 2660 2637 2847 2570 2399 2262 2026 1730 1573 1722 1848 1618 1841 2117 2149 2041 1821 1446 1343 1361 1183 946 808 767 734 729 752 754 704 666 693 659 707 715 714 757 762 700 745 766 825 881 784 895 844 875 857 862 807 812 831 833 897 901 892 912 1005 967 1032 1200 1173 1306 1345 1483 1563 1547 1669 1765 1880 1916 2015 2122 2146 2090 2234 2332 2341 2402 2509 2448 2495 2593 2655 2724 2827 2855 2857 2972 3048 3054 3176 3246 3385 3491 3627 3823 3778 3909 4102 4209 4343 4389 4532 4739 4855 5033 5189 5264 5429 5637 5917 5919 6182 6464 6424 6810 6917 7055 7238 7385 7660 7790 8203 8268 8563 8572 8689 8961 9197 9124 9373 9426 9528 9805 9811 10136 9872 10072 10192 10232 10177 10162 10212 10205 10375 10190 10073 10151 10068 10079 9951 9763 9523 9404 9231 8840 8614 8578 8230 7551 7383 7053 6950 6637 6232 5750 5479 5109 4746 4414 3922 3598 3186 3068 2669 2461 2300 2056 1859 1750 1543 1457 1323 1256 1135 998 909 857 767 729 583 568 521 408 404 328 283 214 202 167 146 138 134 105 93 95 86 106 101 124 109 107 110 104 129 134 142 194 328 774 2408 12678 
56495 11649 6279 6496 6117 5837 5830 6080 5929 5839 5003 4082 3544 3455 2771 2440 2262 2262 2355 2618 2602 2753 2955 3227 3144 2481 1992 1762 1497 1611 1517 1492 1647 1609 1741 1585 1446 1466 1453 1250 1196 1091 1036 1087 1062 976 940 921 951 1070 1191 1186 1289 1322 1325 1230 1195 1215 1221 1299 1397 1440 1371 1362 1241 1078 890 856 716 737 850 844 894 953 938 944 958 876 873 916 923 937 918 906 864 849 877 891 925 942 958 1065 1057 1045 1153 1184 1240 1304 1345 1358 1440 1516 1645 1697 1717 1748 1932 1928 2035 2200 2156 2261 2298 2341 2501 2510 2498 2636 2686 2624 2709 2838 2850 2861 2987 2977 3068 3226 3308 3286 3465 3631 3707 3914 3981 4090 4300 4406 4459 4681 4837 4892 5192 5343 5423 5681 5858 5966 6086 6382 6540 6747 7090 7016 7410 7557 7712 8236 8274 8460 8656 8880 9106 9289 9396 9525 9696 10057 10009 10326 10290 10557 10678 10611 10900 10788 10945 10992 11024 10773 10772 10949 11020 10852 10909 10572 10617 10581 10373 10283 10063 9855 9389 8665 8328 7780 7342 7023 6772 6148 5942 5470 4974 4703 4124 3854 3516 3171 2918 2583 2380 2038 1821 1658 1457 1330 1217 1053 903 789 721 676 596 470 476 359 299 272 215 195 166 142 129 118 100 89 100 92 86 92 77 84 71 79 71 58 73 64 97 104 121 172 254 569 2376 12825 
51374 10799 4703 2892 2727 2398 2190 1913 2120 2155 2784 2729 3304 1919 3341 2391 2169 2106 2339 2499 2502 2644 2764 2975 3297 3450 3547 3794 3914 4212 3999 3924 4255 4045 3393 2924 2658 2437 2148 1918 1901 1710 1616 1691 1775 1697 1551 1564 1589 1556 1671 1595 1212 937 843 745 849 887 938 987 1050 1089 1164 1021 856 693 777 824 933 947 1026 1113 1207 999 999 1108 1075 1046 1070 1053 1144 1160 1069 1168 1116 965 1026 950 959 977 1005 955 1053 1054 1026 1020 1059 1099 1189 1182 1265 1330 1439 1417 1473 1571 1642 1761 1800 1940 2021 2172 2271 2306 2413 2440 2469 2509 2502 2589 2659 2753 2774 2831 2906 2977 3105 3112 3166 3213 3246 3437 3512 3649 3730 3956 4145 4269 4199 4333 4602 4754 4983 5191 5281 5463 5647 5806 6034 6295 6459 6557 6773 7020 7148 7505 7637 7993 8195 8338 8516 8736 8960 9224 9396 9391 9659 9901 10148 10223 10264 10566 10764 10655 10955 11052 11001 11086 11273 11281 11306 11501 11770 11663 11423 11481 11006 10990 10589 10409 9996 9780 9722 9381 8961 8349 8175 7739 7241 6991 6491 6096 5596 5186 4711 4297 3957 3664 3269 2992 2592 2300 2079 1830 1587 1432 1323 1126 956 827 764 652 543 478 455 350 316 275 232 206 175 138 111 101 65 67 59 86 64 80 53 62 52 59 68 58 79 55 100 92 114 177 254 604 2433 12759 


