0
0 0 0 0 0 0 0 0 0 0 0 0 0 0 0 0 0 0 0 0 0 0 0 0 0 0 0 0 0 0 0 0 0 0 0 1 3 1 2 2 8 6 9 5 10 17 19 18 26 30 37 37 43 30 32 27 24 27 30 19 23 37 25 36 33 33 42 43 33 37 28 31 27 26 22 18 19 15 6 10 7 7 7 6 9 10 7 7 8 11 13 9 7 9 7 8 9 5 5 12 4 5 3 6 6 5 7 3 10 8 4 6 3 5 4 5 8 6 5 9 5 3 4 3 10 1 10 4 7 3 2 4 4 4 6 4 8 2 8 5 4 4 11 6 4 2 3 4 6 4 3 3 1 4 5 7 5 9 3 5 1 6 7 1 5 4 5 6 0 4 10 4 4 2 1 7 7 5 3 8 3 6 5 4 6 4 1 3 5 1 7 4 3 3 3 2 5 4 4 5 2 1 6 2 5 1 5 4 2 2 3 7 4 5 5 7 8 10 5 4 6 2 7 10 11 11 8 16 16 9 8 14 8 14 16 16 16 15 24 20 19 15 23 21 24 36 47 46 47 81 103 107 125 163 204 572 
0 0 0 0 0 0 0 0 0 0 0 0 0 0 0 0 0 0 0 0 0 0 0 0 0 0 0 1 1 0 6 4 11 27 34 55 60 58 36 53 34 35 42 48 30 51 47 46 53 45 44 35 43 28 15 16 14 3 9 8 5 6 7 5 8 9 8 9 6 8 11 10 14 6 9 6 5 12 8 5 5 6 6 6 8 7 6 7 4 5 5 8 5 3 8 9 4 6 7 9 5 5 7 9 4 3 4 4 7 5 9 2 1 7 5 4 5 4 2 9 4 3 4 4 3 5 6 2 7 6 3 4 4 5 3 1 9 4 3 5 1 2 4 5 4 2 4 7 2 2 2 1 3 6 8 7 6 7 1 1 1 7 3 3 5 5 6 5 6 10 6 3 9 4 6 5 5 6 2 4 2 5 3 1 9 3 4 7 2 4 8 7 5 5 2 4 4 5 5 8 6 9 4 12 17 13 8 9 12 12 19 11 10 6 9 7 11 11 13 16 15 7 14 19 15 19 20 26 10 18 22 23 28 12 25 19 23 39 28 30 29 56 33 38 42 54 55 61 66 64 64 69 95 119 156 252 
0 0 0 0 0 0 1 0 0 0 0 0 2 0 3 0 6 11 14 16 31 30 60 57 49 46 57 48 73 79 53 68 59 55 43 43 22 21 17 10 7 12 7 11 10 9 8 9 8 7 14 10 8 6 2 3 5 13 10 4 4 8 3 6 5 8 4 7 6 7 3 6 9 4 6 7 8 3 10 6 5 10 7 7 4 8 4 4 4 5 2 3 2 10 7 4 6 4 5 5 5 5 4 6 3 7 4 5 4 4 4 4 5 2 4 2 6 6 4 1 1 3 2 1 5 1 3 5 6 3 1 3 1 6 4 6 1 5 4 3 2 4 4 3 7 5 4 7 6 6 2 3 5 3 7 4 3 9 7 11 12 8 6 7 6 7 6 7 10 8 9 7 8 10 9 9 15 8 13 16 11 14 11 7 6 13 9 10 6 13 8 9 16 11 10 11 12 11 21 21 25 23 19 26 24 30 19 28 23 20 33 36 52 39 48 44 55 64 65 69 69 74 111 120 91 89 83 54 29 27 14 18 7 8 10 8 11 6 1 5 2 1 3 0 0 0 0 0 0 0 0 0 0 0 0 0 


0 0 0 0 1 0 1 4 7 25 39 46 57 52 65 125 272 576 1047 1837 2423 2536 1666 1541 1110 941 602 449 370 229 206 178 157 130 120 148 181 184 201 243 233 240 305 271 352 376 333 449 432 352 383 391 379 364 464 467 412 502 711 846 1018 1195 1500 1862 2175 2767 3306 3838 4080 4671 5478 5874 5814 5899 6175 6269 6306 6500 6530 6502 6405 6371 6299 6459 6570 6715 6557 6355 6485 6444 6695 6669 6682 6845 6877 6982 7094 7388 7334 7582 7984 8187 8336 8719 8821 8925 9018 9178 9359 9210 8940 9170 8900 9326 9114 9185 9335 9269 9361 9467 9444 9325 9415 9177 9407 9176 9070 8686 8638 8206 8382 8079 8052 7962 7713 7569 7385 7229 7117 7051 6727 6615 6473 6302 6262 5990 6002 5869 5777 5708 5728 5936 5899 5895 5832 5813 5727 5637 5695 5791 5812 5815 5821 5976 6148 6076 6250 6141 6248 5963 6149 6253 6127 6265 6185 6244 6230 6132 6059 5686 5492 5322 5097 4975 4716 4496 4287 4136 3824 3550 3383 3217 2952 2871 2720 2499 2348 2288 2174 2094 2067 2033 2044 1994 1991 2013 1947 1941 1931 2025 2008 2024 2075 2037 2055 2077 2132 2086 1989 2060 1976 2001 1830 1843 1783 1666 1652 1591 1520 1508 1445 1434 1359 1348 1291 1332 1307 1288 1260 1293 1298 1231 1188 1172 1191 1148 1062 987 939 862 808 749 730 774 834 979 
0 0 0 0 0 0 0 0 1 0 0 4 8 17 32 72 131 158 239 307 359 365 460 467 765 992 1767 1661 1359 1577 1313 1119 922 780 505 377 273 212 198 225 243 232 210 255 270 231 286 243 335 368 317 408 342 332 293 327 309 339 268 240 223 246 183 233 206 221 230 246 281 344 511 824 959 1099 1230 1501 1774 2099 2754 3403 4151 5093 6002 6402 6535 6266 6347 6250 6286 5954 5621 5158 5289 5049 5109 5031 5145 5470 5573 5915 6112 6176 6370 6233 6374 6420 6518 6870 7012 7309 7717 7849 8127 8312 8399 8607 8593 8655 8844 8892 9124 9035 9091 9268 9435 9224 9210 9159 9291 9604 9717 9805 10023 10296 10359 10165 10267 10287 10380 10209 10080 9769 9444 9117 8882 9009 8677 8628 8387 8417 8348 8362 8256 8070 8005 8255 7885 8074 7762 8028 7864 7884 8099 8092 8061 7991 7953 7910 7867 7946 8014 7954 7993 8055 8035 7801 8062 8139 7930 7825 7435 7417 7135 6995 6741 6529 6150 5837 5407 5153 4837 4514 4269 4049 3732 3751 3526 3424 3308 3193 3246 3119 3047 2872 2689 2612 2605 2379 2376 2228 2170 2011 1900 1849 1700 1724 1586 1503 1518 1539 1433 1371 1441 1348 1327 1287 1198 1144 1092 1000 916 806 715 646 535 477 494 384 392 324 293 239 210 172 180 142 94 87 88 78 56 59 55 71 92 77 
0 0 0 1 0 0 6 13 28 41 92 116 125 128 182 221 233 316 319 386 409 488 595 627 885 1359 1295 1199 1218 1344 1131 1023 801 857 585 567 389 424 332 315 329 289 325 276 261 293 246 264 269 250 201 204 268 278 304 360 307 315 227 235 238 261 200 152 185 166 221 382 572 859 1184 1647 2220 2779 3270 3424 3643 3694 3558 3217 3179 3157 3019 3033 3085 2997 3422 3488 3816 4116 4625 4779 4796 4656 4693 4516 4516 4303 4178 4116 4295 4167 4355 4698 4798 5256 5683 5833 6239 6502 6556 6628 6813 6799 6956 6831 6750 7015 6863 7083 6854 7179 7142 6894 7214 7530 7279 7438 7383 7490 7359 7633 7605 7653 7949 8200 8512 8527 8595 8902 8754 8654 8657 8611 8763 8870 8968 8891 9112 9281 9415 9387 9400 9192 9190 9243 8822 8940 8869 8836 8871 8951 9136 9420 9607 9748 9933 10084 10194 10332 10643 10787 10775 10767 10574 10581 10404 10217 10161 10061 9877 9630 9634 9149 8884 8746 8646 8320 8046 7884 7574 7442 7279 7048 6833 6408 6208 5857 5467 5191 4658 4330 3980 3589 3225 2910 2718 2504 2184 2051 1895 1841 1679 1665 1483 1439 1377 1237 1163 1085 951 851 707 631 621 508 447 413 344 288 218 177 155 129 98 80 44 50 28 15 11 5 6 3 2 1 1 0 0 0 0 0 0 0 0 0 


