0
0 0 0 0 0 0 0 0 0 0 0 0 0 0 0 0 0 0 0 0 0 0 0 0 0 0 0 0 0 0 0 0 0 0 0 0 0 0 0 0 0 0 0 0 0 0 0 0 0 0 0 0 0 0 0 0 0 0 0 0 0 2 1 2 0 0 2 0 0 1 2 5 4 6 12 5 10 14 9 20 24 25 35 49 30 42 25 37 36 39 35 39 36 60 58 45 48 48 57 47 59 57 51 52 53 48 56 64 63 67 69 56 69 72 76 83 69 82 73 87 82 76 93 79 80 86 82 87 97 97 94 117 113 125 127 122 107 111 116 121 137 136 130 114 118 130 113 113 122 128 132 119 134 122 100 113 91 99 118 100 96 122 130 109 115 129 111 121 124 101 119 100 119 124 101 95 79 98 79 94 73 89 88 69 72 84 67 73 88 90 87 79 73 81 76 64 68 79 61 63 67 71 67 78 92 84 90 89 73 77 105 104 118 114 116 134 148 182 210 222 259 179 187 111 83 50 27 24 21 12 4 6 7 8 9 6 3 3 7 8 4 1 7 4 8 4 4 3 3 10 6 8 9 7 3 2 
0 0 0 0 0 0 0 0 0 0 0 0 0 0 0 0 0 0 0 0 0 0 0 0 0 0 0 0 0 0 0 0 0 0 0 0 0 0 0 0 0 0 0 0 0 0 0 0 0 0 0 0 0 0 0 0 0 0 0 0 0 0 0 0 0 2 1 2 0 2 5 6 2 9 3 5 14 15 19 20 23 18 14 17 15 11 17 17 23 26 30 35 20 35 30 41 49 48 45 39 50 57 45 48 52 69 58 52 58 66 56 72 51 56 51 46 84 65 42 65 60 64 60 61 70 74 71 59 86 77 66 77 65 68 64 77 67 87 82 64 78 87 78 62 79 71 91 108 96 108 111 123 116 118 116 123 138 127 131 133 155 145 140 147 146 146 132 146 144 137 151 147 148 133 147 149 133 148 141 139 135 131 124 118 91 102 94 100 97 105 102 95 93 92 97 73 102 82 86 89 85 83 100 98 75 88 106 116 115 110 116 172 202 218 273 405 241 173 131 90 65 49 29 26 21 17 14 18 11 7 11 6 10 10 12 8 11 10 8 14 3 3 9 5 9 3 4 8 4 9 11 9 7 8 2 1 
0 0 0 0 0 0 0 0 0 0 0 0 0 0 0 0 0 0 0 0 0 0 0 0 0 0 0 0 0 0 0 0 0 0 0 0 0 0 0 0 0 0 0 0 0 0 0 0 0 0 0 0 0 0 0 0 0 0 0 0 2 2 1 0 0 3 2 3 0 0 1 0 4 9 8 12 13 10 8 11 22 23 16 23 28 21 32 44 24 32 29 34 46 34 39 33 39 42 53 45 45 49 49 63 53 61 50 58 47 63 62 61 45 61 63 66 60 61 54 75 69 72 56 58 66 67 71 71 71 89 86 66 57 71 69 81 78 88 78 79 80 71 69 79 71 101 104 89 102 96 113 121 113 121 118 122 115 105 122 104 114 135 124 137 110 122 140 151 110 141 114 130 136 131 161 165 144 142 130 134 127 110 116 109 113 105 93 109 126 123 111 101 102 90 98 107 105 96 118 110 104 97 109 120 106 113 103 126 151 220 244 353 388 210 185 104 71 72 50 31 30 31 25 25 23 18 19 20 18 13 27 7 9 13 9 11 15 7 11 15 14 9 5 10 7 8 5 3 9 5 9 13 8 13 8 3 


392 234 215 214 236 249 264 346 483 519 689 858 1410 2265 4157 2372 3654 6269 3500 4082 3817 3848 4322 4860 5770 5316 4616 4397 4328 4027 3762 3788 3916 3862 4101 4035 3935 3832 4163 3580 3679 4328 4619 4757 4569 4404 4476 4363 4592 4825 4503 4624 4227 4290 4367 4725 4679 5054 5451 6175 6272 6731 6454 6689 6554 6799 7089 7691 7264 7517 8084 7860 8105 7571 8222 8274 8520 9007 9334 9086 9506 9049 8209 6388 5610 5405 4462 3802 3714 3354 3458 3153 2843 2909 2853 2852 3017 3292 3672 4247 4595 4491 4530 4004 4116 3993 4253 4908 5019 5178 5877 6006 6657 6991 7241 7710 7785 7914 7758 7874 8382 9570 9046 7644 6183 5466 4703 4317 4099 3732 3577 3357 3503 3222 3215 2858 2757 2479 2410 2334 2255 2127 2230 2101 2255 2408 2499 2606 2842 3029 3451 4015 4427 3714 3907 4577 5397 6848 8378 9456 10340 11798 12099 13102 13159 12328 10951 10979 9902 9421 9718 8145 6091 3897 2659 2024 1968 2033 1961 1787 1845 1998 2070 2073 2375 3204 4092 4495 4318 3360 2450 1962 1471 1168 1091 973 934 890 858 719 757 683 719 743 675 632 654 649 728 675 690 596 638 622 648 611 505 443 390 392 333 267 253 214 174 122 118 126 94 96 68 73 68 61 54 51 56 59 50 51 36 53 45 41 45 36 53 67 75 176 232 222 395 626 741 29402 
0 3 6 6 19 22 48 95 191 687 1564 3827 1955 3380 5614 2438 2453 2551 2543 3132 3956 5248 4443 3462 3394 3583 3588 3464 3785 4052 4994 6351 5935 4792 4081 4092 4118 4135 3769 3824 4124 4245 4247 4078 4052 3783 3661 3588 3914 4051 4066 4177 4065 3938 3947 4035 4076 4279 4521 4914 5095 5324 5498 5665 5800 6035 6769 6793 6906 7312 7666 8088 7922 7788 6954 6747 7407 7007 7186 6979 6235 6702 6924 7077 7345 7679 8250 8401 9251 8873 7603 6623 5384 4946 4708 3855 2782 2563 2703 2670 2830 2899 3009 3189 3146 3161 2999 2887 2592 2459 2381 2306 2320 2681 2813 3024 2995 3165 3054 3531 3631 3876 4012 4223 4788 5107 5354 6022 5365 5538 5739 6514 7278 6965 7087 7352 8768 8275 7786 6538 5369 4258 3918 3665 3665 3386 3227 3179 2987 2782 2581 2243 2044 2195 2063 2134 2211 2661 2869 3478 3981 4882 5894 6866 7163 7993 8310 10330 11981 12583 12191 11834 11710 10427 10969 13043 9911 7202 5491 4367 4008 3999 3888 3437 2847 2367 2535 2338 2630 2765 3386 4320 5441 5628 5297 3961 2723 2154 1878 2204 2548 1884 1672 1262 988 851 797 714 684 547 545 596 628 531 515 456 448 353 281 248 185 184 147 154 88 84 57 62 56 44 56 38 45 35 35 29 37 42 43 32 47 45 40 45 37 32 47 49 50 54 50 94 183 368 1342 29507 
10 33 52 132 352 1124 2624 3214 2981 5532 2268 1940 1730 1814 1945 2801 3669 4602 4155 3980 3660 3208 2998 2933 2772 2590 2684 2521 2384 2469 2468 2629 2891 3039 3208 3684 4365 3873 4194 4184 4118 4471 4137 4006 4362 4265 4253 3869 3585 3409 3351 3430 3359 3284 3421 3347 3673 3687 3732 3807 4185 4438 4426 4787 4540 4676 4920 5388 5998 5991 6553 6412 6610 6685 6325 7124 7272 6695 6868 6616 6137 5913 6415 6134 5224 4940 5218 5237 5661 5257 5179 5774 5621 6054 6107 5744 5959 6427 7265 7530 7482 7353 6807 6744 6799 6524 6177 6310 6043 5679 5154 5054 4888 5173 4999 5073 5132 5009 4950 5040 5261 5436 5829 6100 6014 6058 5965 6601 7660 8414 7810 6387 5039 3913 3146 2609 2319 2261 2262 2211 2252 2339 2336 2213 2082 2076 2077 2171 2136 2195 2155 2320 2396 2406 2302 2321 2469 2653 2650 3102 3279 3461 3649 4129 4390 4985 6168 7717 8855 11118 12805 13974 16040 15934 13958 14636 13885 11647 11993 9455 7493 5421 3911 2547 2236 2178 2216 2151 2204 1807 1566 1615 1624 1647 1655 2067 2238 2575 3605 4340 4573 4324 3324 1984 1561 1244 1016 854 709 638 532 557 509 457 423 351 271 224 174 161 131 141 114 121 116 94 81 66 49 57 51 46 41 46 44 36 30 27 36 22 40 31 30 39 42 30 33 29 39 60 66 126 156 363 1166 29797 


