1
0 0 0 0 0 0 0 0 0 0 0 0 0 0 0 0 0 0 0 0 0 0 0 0 0 0 0 0 0 0 0 0 0 0 0 0 0 0 1 0 0 1 3 4 1 6 6 8 17 31 29 28 41 50 53 71 66 90 121 129 135 118 149 176 156 214 226 208 258 241 286 272 268 339 322 316 337 320 307 345 337 382 338 314 267 267 270 206 169 162 103 65 45 48 34 24 23 22 18 20 10 17 6 15 8 11 13 13 12 13 5 11 9 9 12 14 11 12 16 11 21 28 33 43 55 53 68 85 61 86 127 154 203 204 256 291 283 287 406 536 738 919 1060 939 934 827 765 617 695 994 1383 1699 1794 1701 1250 636 328 185 95 40 24 15 13 9 8 5 6 4 3 7 7 1 2 1 2 2 2 2 2 1 0 1 0 0 1 0 1 1 0 0 0 0 2 0 1 1 0 1 0 0 0 1 0 0 0 1 0 0 0 0 0 0 0 0 0 0 0 1 0 1 0 0 0 0 0 0 0 0 0 0 0 0 0 0 0 0 0 0 0 0 0 0 0 0 0 0 0 0 0 0 0 0 0 0 0 0 
0 0 0 0 0 0 0 0 0 0 0 0 0 0 0 0 0 0 0 0 0 0 0 0 0 0 0 0 0 0 0 0 0 0 0 0 0 0 0 0 0 0 2 1 4 3 6 4 9 18 26 32 18 42 44 68 78 90 86 109 106 129 139 139 170 208 199 201 243 233 246 267 280 296 309 292 315 309 347 331 313 362 320 313 342 286 277 252 214 225 149 92 82 59 39 32 21 23 19 24 10 13 11 10 13 9 11 12 14 11 12 7 5 8 7 11 6 11 8 7 6 10 10 4 4 3 3 6 4 2 5 2 5 4 2 7 4 4 2 2 6 3 3 4 5 8 6 3 2 7 7 11 16 14 31 24 34 27 48 35 42 54 118 99 102 123 170 178 201 190 154 148 192 240 339 509 751 1172 1333 937 802 780 874 710 763 898 1336 1375 1340 1591 1693 755 417 158 79 26 11 5 1 2 1 3 1 0 1 0 0 0 0 0 0 0 1 0 0 0 0 0 1 1 0 0 0 0 0 0 0 0 0 0 0 0 0 0 0 0 0 0 0 0 0 0 0 0 0 0 0 0 0 0 0 0 0 0 0 0 
0 0 0 0 0 0 0 0 0 0 0 0 0 0 0 0 0 0 0 0 0 0 0 0 0 0 0 0 0 0 0 0 0 0 0 0 0 0 0 0 0 1 1 0 3 5 2 7 9 14 24 26 28 39 35 49 63 92 97 102 100 112 128 146 140 205 195 227 240 233 251 245 265 306 309 301 298 342 307 352 338 380 345 330 290 312 274 278 209 203 147 94 84 61 51 33 24 28 19 18 18 11 9 13 10 8 14 10 12 9 9 12 4 12 8 9 13 8 13 6 11 5 9 5 8 5 4 4 5 4 4 1 3 3 2 0 1 3 0 0 5 2 2 2 3 3 5 2 3 5 4 6 2 2 7 3 6 5 1 5 3 3 7 1 1 3 5 6 6 7 4 2 5 6 12 12 27 21 28 31 31 38 57 60 98 123 144 152 153 137 84 82 111 121 131 127 245 359 445 668 798 1101 1250 1043 1219 1501 1462 1193 1109 1272 1506 1309 1127 810 446 167 37 10 4 2 1 1 0 0 0 0 0 0 0 0 0 0 0 0 0 0 0 0 0 0 0 0 0 0 0 0 0 0 0 0 0 0 0 0 0 0 


90606 9235 5591 3501 3248 3021 2776 2416 2752 1823 1705 1467 1522 1514 1402 1442 1592 1376 1380 1279 1340 1338 1349 1298 1393 1308 1327 1240 1252 1370 1490 1509 1732 1779 1834 1688 1537 1485 1456 1411 1439 1535 1615 1758 1850 1972 1837 1752 1615 1418 1110 985 873 912 884 863 887 968 996 1028 858 915 942 950 1059 1171 1105 1041 1047 995 1018 1012 973 1059 1013 986 920 1054 1091 1083 1113 1220 1253 1246 1336 1399 1335 1413 1385 1343 1275 1140 1147 1103 1077 1127 1170 1121 1186 1287 1303 1264 1177 1283 1231 1241 1331 1423 1440 1540 1500 1595 1638 1631 1774 1920 1964 2025 2134 2163 2208 2356 2535 2514 2679 2717 2891 2877 3046 3191 3488 3563 3755 3785 3968 3944 4136 4169 4309 4692 4834 4915 5060 5091 5356 5509 5678 6211 6352 6561 6599 6722 6730 6781 6892 7258 7149 7492 7378 7380 7309 7303 7599 7598 7828 7612 7497 7415 7274 7405 7338 7618 7634 7815 8115 8003 8328 8705 8977 9500 9974 9454 9437 9542 9597 10331 10057 10270 9878 9044 8372 8344 8537 8873 8854 8542 8020 7554 7256 6828 6726 6948 6701 6953 7085 6663 6664 6158 6100 6051 6082 5585 5595 5370 4720 4226 3740 3261 3050 2702 2527 2535 2476 2336 2019 1946 1809 1799 1676 1573 1560 1392 1281 1293 1201 1207 1113 1084 1065 1036 930 844 823 723 697 683 689 601 565 504 454 460 486 610 902 16588 
98688 9070 3699 3663 3801 3212 2723 2750 2977 2105 1734 1648 1596 1300 1159 1229 1394 1263 1128 1272 1212 1049 969 1039 1140 908 911 1063 1239 1216 1176 1290 1515 1074 934 939 915 747 664 713 717 584 578 607 685 668 600 556 597 635 580 542 565 607 565 575 596 637 598 599 646 723 678 695 755 761 715 705 773 903 845 840 996 1037 884 971 1066 1289 1342 1508 1798 1920 1657 1505 1480 1481 1295 1195 1144 1188 1049 1032 1057 1082 986 968 982 1097 1157 1112 1124 1226 1220 1291 1346 1425 1413 1506 1587 1860 1848 1834 1924 2066 1995 1919 2088 2247 2129 2120 2205 2565 2614 2492 2591 2821 2739 2701 2899 3240 3132 3163 3399 3700 3994 4140 4068 4436 4751 4614 4591 4710 5093 4982 5145 5298 5678 5688 5673 5826 6110 6231 6410 6280 6782 6845 6873 6910 7379 7422 7302 7371 7871 7928 7681 7705 7950 7963 7822 7909 8199 7948 7978 8264 8473 8303 8328 8368 8592 7975 7957 8296 8949 9012 9273 9981 10814 9823 9931 10288 11370 10889 10277 10327 10348 8489 8320 8513 8978 8517 8032 7889 8036 7444 6872 6837 7006 6251 6043 6300 5948 5329 4695 4772 4855 5397 4785 4717 4908 4660 3586 3035 2927 2561 2042 1699 1673 1597 1405 1399 1350 1400 1196 1189 1136 1044 981 913 879 813 752 677 571 533 454 447 405 400 397 324 309 244 269 253 682 16411 
94764 9162 4002 3306 3304 2742 2420 2716 2780 2112 1620 1626 1692 1501 1421 1520 1573 1393 1186 1133 1322 1152 1104 1169 1384 1383 1271 1394 1466 1660 1453 1553 1611 1286 1005 876 797 785 687 698 708 673 638 630 652 641 571 589 580 589 503 527 474 510 467 486 487 516 541 532 486 484 450 495 489 553 549 514 530 511 554 545 507 604 611 572 606 599 627 598 641 705 699 698 722 710 689 756 760 767 859 824 780 814 807 844 854 846 937 978 993 932 1026 972 1056 1104 1242 1200 1348 1302 1311 1381 1414 1357 1588 1643 1736 1681 1734 1699 1757 1930 2085 2199 2212 2268 2395 2546 2463 2536 2932 2975 3432 3448 3446 3594 3592 3758 4008 4379 4647 4714 4686 4866 4855 5077 5479 5983 6336 6516 6481 6814 6815 6724 6921 7105 7293 7102 6831 7010 7044 7198 7351 7938 8089 8198 7682 7626 7660 7789 7720 8167 8345 8754 8640 8596 8715 8796 9030 9125 9678 10371 10297 10497 10532 10540 10536 10519 11145 11414 10651 10350 9754 10168 10036 9987 10464 10724 9899 8893 8027 8251 8212 7749 7917 8627 8568 7659 6615 6411 6124 5972 5569 5931 6322 5837 5223 4711 4350 3543 3049 2650 2506 2245 1856 1686 1622 1519 1490 1494 1467 1490 1299 1254 1434 1552 1519 1510 1656 1636 1211 884 741 607 508 415 407 389 306 244 240 223 232 230 661 16287 


