0
0 0 0 0 0 0 0 0 0 0 0 0 0 0 0 0 0 0 0 0 0 0 0 0 0 0 0 0 0 0 0 0 0 0 0 0 0 0 0 0 0 0 0 0 0 0 0 0 0 0 0 0 0 0 0 0 0 0 0 0 0 0 0 0 0 0 0 0 0 0 0 0 0 0 0 0 0 0 0 0 0 0 0 0 0 0 23 42 33 28 67 127 205 243 270 253 260 218 215 224 277 290 275 350 302 343 375 389 360 326 264 245 232 214 209 212 195 199 168 135 129 134 117 150 157 171 167 179 172 177 262 254 212 247 249 193 194 159 191 246 275 258 284 274 312 257 262 303 388 482 404 479 397 444 413 457 515 514 543 725 708 734 638 743 663 634 632 676 673 695 739 762 745 824 865 966 1012 952 1031 1046 1039 1085 1126 1185 1129 1075 1031 1040 1174 1291 1386 1594 1660 1665 1789 1836 1874 1725 1697 1497 1545 1454 1565 1552 1388 1594 1676 1742 1878 2026 2154 2302 2314 2564 2589 2878 2919 2583 2201 2212 2073 1982 1938 2040 2305 2281 1960 2039 1930 1825 1642 1655 1606 1498 1298 1244 1105 1017 952 904 852 698 737 639 618 649 581 559 646 651 676 752 822 1196 2081 3724 
0 0 0 0 0 0 0 0 0 0 0 0 0 0 0 0 0 0 0 0 0 0 0 0 0 0 0 0 0 0 0 0 0 0 0 0 0 0 0 0 0 0 0 0 0 0 0 0 0 0 0 0 0 0 0 0 0 0 0 0 0 0 0 0 0 0 0 0 1 0 0 0 0 2 0 1 0 1 0 1 0 1 2 0 2 2 3 1 2 1 1 0 2 1 2 1 2 2 1 1 2 1 4 8 23 51 104 112 162 247 319 401 392 381 379 369 362 354 354 385 382 366 398 374 305 261 260 237 226 243 250 272 254 309 252 283 262 276 293 414 616 473 493 464 512 501 456 452 422 403 453 445 487 588 678 671 713 631 660 700 733 791 850 842 949 936 960 989 997 1016 945 1130 1101 1154 1170 1312 1344 1307 1330 1349 1477 1504 1599 1519 1555 1625 1677 1762 2096 2318 2386 2620 2608 2525 2785 2818 2887 2999 3124 3212 2910 2836 2750 2574 2336 2280 2215 2232 2363 2773 2543 2428 2155 2061 1957 1819 1731 1693 1769 1621 1298 1057 993 908 968 832 751 745 768 810 716 792 802 706 617 855 1285 1025 824 793 424 232 193 174 161 145 156 139 139 131 134 126 153 145 239 500 
0 0 0 0 0 0 0 0 0 0 0 0 0 0 0 0 0 0 0 0 0 0 0 0 0 0 0 0 0 0 0 0 0 0 0 0 0 0 0 0 0 0 0 0 0 0 0 0 0 0 1 1 0 0 0 1 0 0 2 0 1 1 1 2 0 1 0 2 2 3 2 0 3 0 3 0 1 2 1 1 1 3 2 1 1 0 5 2 2 8 4 9 3 2 7 3 10 11 19 22 29 39 56 55 32 54 55 52 45 56 53 43 52 53 66 85 111 111 135 219 284 440 431 428 490 560 751 888 896 875 764 744 661 645 641 663 700 673 818 871 768 677 728 666 719 738 730 734 759 845 891 979 952 1083 1067 1051 1116 1028 1173 1166 1276 1369 1416 1474 1564 1676 1617 1669 1736 1702 1663 1779 1981 2149 2279 2484 2556 2657 2898 2521 2435 2430 2428 2511 2474 2474 2554 2611 2845 2927 3060 3085 3506 3514 3504 3133 2695 2433 2247 1980 1954 1772 1738 1584 1317 1225 1148 1002 878 767 764 655 747 786 643 761 720 664 615 911 565 792 1031 807 474 302 221 174 156 129 114 146 116 118 117 107 96 63 77 63 74 65 72 61 70 82 69 88 85 74 66 59 46 23 29 27 


0 0 0 0 0 0 0 0 0 0 0 0 0 0 0 0 0 0 0 2 5 5 20 47 66 76 212 263 152 101 43 48 40 37 38 26 28 28 30 30 31 27 36 33 36 28 32 23 24 29 29 26 27 36 32 36 53 57 59 75 95 155 272 388 483 623 939 1236 1628 2151 2609 3373 4145 4593 5134 5953 6665 7614 8251 8891 8751 8301 7719 6800 6477 6028 5551 5517 5537 5156 4906 4865 4538 4388 4170 3867 3594 3425 3115 2924 2759 2396 2289 2117 1965 1731 1614 1514 1390 1286 1355 1402 1404 1396 1426 1428 1358 1463 1428 1440 1394 1425 1430 1449 1443 1479 1450 1559 1514 1604 1630 1529 1507 1766 2152 2726 3233 3597 3662 3676 3867 3921 4249 4678 5277 5692 6007 6219 6532 6334 6773 7044 7543 7809 8260 8969 9068 9775 10436 11584 12426 13179 12905 13581 12938 12478 12284 11652 11201 11488 10676 10790 11130 11675 11785 12195 11686 12157 12280 12866 12273 12383 12984 13025 12813 12496 12309 11972 12044 11299 11030 10431 9663 8597 8039 7226 6193 5113 4276 3549 2989 2589 2189 1797 1513 1297 1038 930 793 703 627 482 473 403 366 287 263 205 176 163 166 130 107 109 94 73 88 90 73 63 51 74 75 85 117 89 58 32 25 39 24 31 45 31 25 44 30 20 26 17 17 18 27 27 29 44 
0 0 0 0 0 0 0 0 0 0 0 0 0 0 0 0 0 0 0 0 15 113 147 104 81 60 51 72 85 74 71 53 30 34 30 38 35 36 23 31 29 27 15 21 20 22 20 28 31 28 27 33 17 33 24 14 24 25 17 18 24 23 22 19 20 32 29 24 25 36 27 37 44 63 67 99 113 157 199 201 335 365 534 664 953 1315 1683 2161 2709 3367 4147 4653 5159 5597 6539 7383 8533 9285 9704 8619 8123 7272 6806 6117 5761 5470 5268 5222 4957 4746 4603 4283 4057 3873 3582 3247 3138 2882 2584 2547 2280 2089 1957 1804 1705 1593 1533 1513 1460 1452 1524 1459 1443 1629 1595 1502 1473 1454 1521 1450 1549 1640 1698 1734 1978 1948 1953 2206 3046 3655 4755 5415 5727 5908 6152 6126 6024 6607 7074 8018 8491 8986 8913 9369 9428 10314 11610 12806 13447 14733 15296 16264 16533 16587 15785 15989 14746 14767 14187 14070 14757 14815 15663 15814 16134 16574 16551 16029 16184 15374 15023 14316 13452 12171 11502 10010 8657 7664 6985 5693 4613 3701 3081 2476 2154 1746 1474 1147 842 623 387 331 280 221 139 116 93 96 73 72 76 45 36 35 38 22 28 22 25 13 25 18 22 15 18 6 6 4 4 1 3 4 5 0 2 4 8 5 8 2 1 2 4 13 25 31 
0 0 0 0 0 0 0 0 0 0 0 0 0 0 0 0 4 10 98 174 130 118 72 83 60 39 43 41 49 36 31 18 28 28 35 29 22 21 20 22 22 12 21 18 17 17 21 18 24 20 22 26 23 27 23 18 24 18 20 14 24 18 20 19 21 19 22 19 19 21 31 23 17 27 28 37 32 47 54 73 92 110 131 155 219 282 361 494 656 822 1072 1280 1678 2087 2702 3137 3684 4469 5014 5721 6608 7384 8270 8171 7353 6556 5857 5902 5303 5227 5068 4896 4672 5020 4852 4953 4652 4503 4653 4743 4364 4087 3629 3338 3113 3038 2906 2646 2428 2177 1941 1798 1661 1553 1499 1410 1369 1386 1404 1449 1358 1350 1338 1306 1409 1348 1465 1554 1494 1539 1693 1700 1893 1900 2020 2062 2355 2778 2905 3123 3526 3719 3876 4494 4618 5105 5806 6746 7619 8708 9061 9232 8974 8948 8806 9308 9285 9675 10856 11971 13447 14658 16004 17644 20052 21932 22051 21251 21232 19612 19985 19746 20037 18681 19382 19017 18366 17769 17373 15946 14951 12674 11393 9694 8115 6677 5869 4845 3728 2902 2153 1505 938 681 430 296 213 125 38 29 18 9 10 6 5 4 3 5 2 1 4 1 0 1 4 2 4 1 1 4 2 5 4 12 2 2 1 5 4 9 3 9 16 15 8 1 


