1
0 0 0 0 0 0 0 0 0 0 0 0 0 0 0 0 0 0 0 5 84 273 987 2370 2072 1876 2558 14940 9034 383 265 206 148 147 122 108 99 91 99 82 94 93 63 82 74 77 64 100 111 101 108 125 111 143 171 224 231 316 322 450 428 485 548 608 725 750 812 877 811 859 822 816 747 715 662 554 471 370 317 238 188 148 109 82 83 59 59 57 55 50 57 45 53 46 42 54 37 58 54 61 49 54 53 65 60 66 50 53 57 68 46 62 51 44 71 59 74 51 61 55 62 55 55 56 52 53 49 54 44 49 52 52 67 50 45 41 58 49 54 61 67 55 60 49 43 50 31 46 28 28 39 44 45 30 40 39 36 33 41 24 32 37 28 28 29 34 24 36 23 20 19 30 27 17 27 26 24 20 19 18 14 10 9 10 9 12 8 8 10 8 5 7 8 4 8 3 4 5 2 0 1 1 0 0 1 0 0 0 0 0 0 0 0 0 0 0 0 0 0 0 0 0 0 0 0 0 0 0 0 0 0 0 0 0 0 0 0 0 0 0 0 0 0 0 0 0 0 0 0 0 0 0 0 0 0 0 
0 0 0 0 0 0 0 0 0 0 0 0 0 0 0 0 0 0 0 0 0 7 109 349 1090 2688 6985 19616 2752 428 349 257 216 177 158 150 118 108 106 95 92 80 87 101 83 74 72 88 88 100 116 123 116 142 141 192 218 264 308 413 412 497 510 575 669 728 820 857 839 892 862 828 803 745 682 614 542 432 341 262 190 158 104 95 80 61 58 65 50 49 55 54 54 44 42 48 50 67 48 51 50 57 52 70 59 79 49 52 48 71 49 59 48 53 65 47 73 50 66 57 69 59 52 57 46 54 54 49 46 50 56 54 58 46 46 46 62 59 48 53 58 58 54 58 54 56 28 34 27 33 35 42 40 41 48 33 33 30 38 26 38 28 30 30 29 38 25 33 19 18 30 26 22 24 28 26 25 26 21 17 9 12 9 17 7 10 9 6 7 10 10 10 9 5 5 4 7 5 1 1 0 0 0 1 0 0 1 0 0 0 0 0 0 0 0 0 0 0 0 0 0 0 0 0 0 0 0 0 0 0 0 0 0 0 0 0 0 0 0 0 0 0 0 0 0 0 0 0 0 0 0 0 0 0 0 0 
0 0 0 0 0 0 0 0 0 0 0 0 0 0 0 0 0 0 0 0 0 7 103 278 581 1404 4146 13045 6439 7616 443 355 253 220 171 163 130 120 115 94 99 95 69 110 87 86 68 79 93 100 119 123 122 144 142 196 206 262 317 386 434 484 529 567 670 724 809 854 861 903 850 839 811 760 697 615 537 430 351 263 178 165 111 75 87 54 61 56 62 41 56 54 59 42 41 42 49 74 48 51 48 52 56 70 59 75 55 48 50 75 46 59 52 54 59 49 67 55 66 59 65 56 56 58 51 55 50 52 44 50 53 55 63 41 48 43 59 60 49 54 62 56 50 58 57 54 31 37 27 29 37 41 39 38 51 36 33 27 41 22 37 33 30 28 26 39 27 31 22 19 25 29 24 23 31 25 20 23 30 16 13 10 12 14 9 8 10 7 8 8 6 13 9 4 9 4 7 6 1 0 1 0 0 1 0 0 0 1 0 0 0 0 0 0 0 0 0 0 0 0 0 0 0 0 0 0 0 0 0 0 0 0 0 0 0 0 0 0 0 0 0 0 0 0 0 0 0 0 0 0 0 0 0 0 0 0 


28233 5171 3273 2059 1720 1319 1226 1193 1135 951 895 842 781 751 813 769 721 693 676 687 629 669 657 701 739 762 799 919 926 923 856 944 970 964 961 983 946 857 849 886 863 794 861 875 919 733 652 521 495 439 475 446 467 424 417 438 434 410 416 440 449 429 413 455 478 479 470 455 480 507 514 473 518 518 533 494 498 595 545 597 573 559 655 608 663 651 692 714 746 771 779 800 890 905 906 944 1027 1112 1060 1207 1251 1380 1386 1518 1608 1625 1702 1906 2052 2093 2356 2406 2531 2809 3042 3206 3501 3824 3889 4138 4398 4686 4949 5204 5201 5554 5765 6070 6183 6454 6792 7041 7225 7544 7813 8014 8284 8343 8673 8628 8946 9258 9509 9616 9651 9729 9755 9794 10057 10108 10263 10164 10587 10400 10318 10502 10322 10229 10421 10313 10204 10171 10065 10006 9807 9857 9704 9632 9377 9372 9046 9041 9055 8920 8909 8690 8483 8396 8388 8511 8371 8552 9010 9115 9247 9672 9810 10313 10974 11262 11089 9529 7363 6202 5822 5498 5308 5207 5115 4943 4698 4634 4400 4360 4188 4018 3784 3681 3542 3450 3114 3047 2910 2772 2808 2604 2442 2309 2222 2134 1998 1798 1756 1637 1600 1448 1337 1251 1178 1060 959 843 752 670 589 492 456 415 340 276 256 197 173 141 123 128 116 106 95 103 123 190 388 1006 2294 12317 
29253 5585 2173 1490 1341 1227 1128 946 888 806 770 812 769 747 761 747 727 701 713 678 681 635 602 643 635 665 754 849 833 689 725 704 692 633 645 550 573 550 567 609 657 633 658 649 639 787 830 871 889 841 925 807 860 1006 1036 884 734 706 630 567 552 519 472 436 417 435 451 468 468 460 434 447 445 468 470 506 486 487 488 562 533 517 579 591 574 614 656 664 698 723 769 744 838 862 866 909 931 1015 1054 1136 1163 1256 1434 1475 1582 1678 1753 1862 1931 2112 2204 2220 2236 2230 2408 2468 2615 2858 2908 3029 3276 3426 3576 3782 4047 4214 4444 4686 4900 5159 5492 5694 5945 6209 6602 6890 7144 7446 7898 8014 8246 8564 8849 9070 9245 9637 9726 10035 10101 10386 10457 10607 10677 11084 11026 11143 11067 11295 11225 11302 11269 11135 11421 11416 11083 11137 11122 11096 10634 10711 10729 10587 10688 10903 11214 11672 12174 12480 13639 15052 13526 11906 11583 10694 9448 8394 8110 7761 7483 7273 7093 7031 6640 6565 6295 6045 5691 5569 5446 5139 4890 4698 4471 4252 4087 3983 3778 3446 3325 3287 2943 2828 2565 2547 2437 2323 2067 1919 1864 1576 1641 1531 1410 1324 1237 1067 965 917 807 723 636 545 499 409 363 300 278 234 190 145 103 101 89 74 73 79 67 75 94 94 88 158 245 670 2452 12599 
27561 5606 2239 1485 1382 1235 1105 982 987 952 762 775 781 684 736 674 696 686 651 697 629 637 687 624 637 613 667 717 794 785 653 688 683 674 657 627 623 624 601 665 631 619 656 608 644 745 629 659 574 694 680 624 753 798 898 738 654 633 621 675 695 679 661 665 679 715 633 629 634 648 613 637 587 654 604 570 554 552 504 478 473 510 501 549 521 620 611 638 586 615 651 656 727 727 796 850 882 919 976 1063 1061 1251 1260 1350 1367 1535 1517 1714 1661 1642 1716 1762 1827 1873 2018 2092 2273 2393 2449 2666 2805 2941 3040 3107 3501 3623 3729 4022 4270 4461 4664 5004 5139 5531 5748 6100 6464 6700 6985 7264 7569 7971 8128 8595 8890 9214 9391 9630 9855 10099 10182 10710 10874 11042 10993 11324 11340 11516 11575 11455 11702 11538 11879 11781 11715 11852 11981 12375 12320 12488 12522 12750 13300 13966 15033 16165 14970 13762 12875 11002 10147 9704 9314 9235 8988 8705 8620 8350 8213 7915 7607 7561 7117 6965 6700 6551 6185 6029 5729 5504 5196 4954 4741 4654 4415 4048 4009 3565 3508 3381 3034 2902 2631 2577 2489 2323 2037 1935 1849 1604 1649 1523 1387 1318 1172 1010 939 835 794 684 587 533 477 402 310 285 244 208 162 149 97 79 74 74 63 71 74 64 98 84 95 162 231 710 2609 12425 


