0
0 0 0 0 0 0 0 0 0 0 0 0 0 0 0 0 0 0 0 0 0 0 0 0 0 0 0 0 0 0 0 0 0 0 0 0 0 0 0 0 0 0 0 0 0 0 0 0 0 0 0 0 0 0 0 0 0 0 0 0 0 0 0 0 0 0 0 0 0 1 3 17 19 19 23 44 29 37 61 56 65 89 73 95 117 115 113 87 103 106 93 61 82 71 79 74 86 82 110 124 143 156 131 142 149 141 180 152 181 189 164 138 126 91 88 67 63 76 61 61 62 54 60 49 40 47 42 44 44 40 45 40 42 56 55 36 36 41 50 37 57 44 58 42 39 49 27 50 55 48 62 48 42 56 63 47 48 63 58 73 57 60 62 49 54 54 61 57 55 54 38 28 42 36 36 26 33 20 33 25 27 35 26 40 36 36 39 42 36 49 26 44 39 58 71 83 70 71 90 70 88 90 118 135 146 174 236 246 186 234 287 223 185 173 143 148 168 137 154 175 146 186 161 171 140 126 153 127 137 134 126 100 89 67 70 62 54 48 44 22 43 35 31 26 36 48 46 30 39 56 74 81 94 103 141 400 
0 0 0 0 0 0 0 0 0 0 0 0 0 0 0 0 0 0 0 0 0 0 0 0 0 0 0 0 0 0 0 0 0 0 0 0 0 0 0 0 0 0 0 0 0 0 0 0 0 0 0 0 0 0 0 0 0 0 0 0 0 0 0 0 0 0 0 0 0 0 3 2 0 2 2 4 0 4 4 12 11 24 51 80 119 105 129 166 174 135 127 114 81 74 56 50 45 77 60 64 71 69 73 76 73 87 86 94 114 121 158 170 181 186 225 221 168 201 214 220 179 162 135 114 102 110 192 283 331 311 332 321 251 261 276 249 286 256 219 186 185 151 159 143 131 148 126 135 129 145 145 166 139 181 205 153 187 181 159 163 153 182 131 154 124 125 129 120 98 95 91 76 63 50 37 40 20 18 19 19 11 14 8 8 12 9 8 9 6 5 4 6 3 6 3 5 6 4 6 5 7 6 8 5 5 12 5 8 5 4 12 9 8 4 10 5 8 5 5 7 10 8 5 6 8 8 3 6 3 3 10 5 11 22 17 27 28 16 23 30 32 50 49 44 46 52 69 85 69 83 66 69 49 31 7 2 
2275 1125 657 415 277 176 135 138 114 90 71 64 74 52 43 46 39 34 25 25 20 30 17 28 19 15 20 22 20 13 10 12 9 14 18 16 20 17 9 16 8 17 15 5 6 13 6 11 6 8 12 10 8 11 5 10 6 4 7 8 11 8 8 10 4 4 9 7 7 7 9 12 5 16 7 10 9 10 11 9 12 12 19 15 19 19 38 31 47 57 90 107 163 231 205 167 96 81 77 63 55 58 59 51 52 57 50 58 67 83 80 89 95 87 87 126 120 139 119 171 176 167 166 214 201 160 170 191 182 166 160 164 133 97 83 75 80 75 46 83 70 71 75 68 71 77 70 70 64 84 69 93 77 87 72 59 75 71 66 59 55 35 37 26 21 17 9 24 12 8 6 4 8 3 5 6 8 6 5 7 2 2 3 4 2 8 3 3 1 4 6 8 9 8 4 5 3 5 4 5 6 12 4 11 10 11 13 13 12 19 45 37 57 51 56 55 46 76 43 60 47 43 35 40 21 21 12 11 12 4 2 3 4 1 0 0 0 0 0 0 0 0 0 0 0 0 0 0 0 0 0 0 0 0 0 0 


0 0 0 0 0 0 0 0 0 0 0 0 0 0 0 0 0 0 0 0 0 2 5 4 10 17 20 21 16 18 28 24 44 71 60 90 126 132 196 228 265 270 347 377 477 474 564 644 718 789 892 1073 1177 1080 1188 1510 1510 1563 1653 1594 1630 1587 1448 1443 1530 1515 1324 1273 1120 1102 1070 1005 981 1034 1062 1201 1267 1164 1187 1071 1088 1122 1098 1144 1313 1515 1692 1735 1947 1934 1954 2076 2220 2117 2070 2036 2124 2213 2307 2385 2683 2741 2915 2999 3177 3189 3304 3499 3648 3855 3947 4239 4449 4782 4831 4933 5032 5106 5304 5496 5752 5926 6315 6664 6912 7412 7335 7517 7444 7935 7741 7955 8458 8331 8487 8597 8566 8458 8732 8587 8407 8127 8300 8071 8100 7850 8158 8085 7793 8054 8156 8184 8226 8251 8086 7583 7396 7270 6797 6565 6409 6043 5743 5992 5991 5759 6016 6099 6299 6961 7099 7107 7272 7427 8227 9461 11336 12757 14462 16038 17830 19407 20616 21379 24123 25016 25656 25169 24601 21575 19672 16204 13179 10285 8138 6582 5821 4825 4174 3777 3295 2839 2417 2194 1837 1550 1249 1114 854 669 595 468 495 515 580 552 628 642 655 673 735 811 884 990 953 956 821 614 511 373 270 183 161 126 96 81 61 56 58 45 49 55 45 30 32 28 31 28 20 24 18 22 18 8 12 12 
0 0 0 0 0 0 0 0 0 0 0 0 0 0 0 2 6 9 6 15 15 23 17 18 27 25 21 24 43 66 47 63 99 123 138 181 215 275 309 392 386 433 478 560 617 584 502 413 424 368 455 439 452 628 554 636 581 611 631 844 1074 1281 1079 1056 1061 1045 983 1059 1047 1273 1319 1397 1322 1173 1071 1018 900 927 819 864 792 799 848 868 918 947 1005 995 921 954 889 886 928 948 962 1012 987 860 932 926 913 931 894 950 1005 1082 1262 1430 1620 1908 2077 2182 2398 2535 2533 2595 2528 2642 2624 2704 2815 2996 3203 3213 3237 3557 3600 3800 3973 4472 4738 5057 5124 5460 5730 5984 6119 6640 6977 7396 7842 8368 8722 8972 9518 9853 10015 10364 10708 10814 11165 11233 11716 12145 12410 12262 12578 12531 12214 12385 12220 12481 12241 12917 12603 12860 12978 13408 13347 13613 12650 12984 13966 15638 17585 19685 21381 23136 24592 25396 27090 27725 27748 27302 24771 22879 19400 15146 12609 9347 7732 6052 5399 4176 3821 3020 2658 2242 1701 1314 1030 885 710 653 619 668 589 618 643 688 747 829 890 981 1029 1093 970 775 570 494 362 265 186 157 148 108 93 76 53 47 44 35 35 28 27 13 16 14 5 7 4 1 3 3 5 1 3 2 3 1 0 0 0 0 0 0 
276 145 107 72 71 58 54 47 39 40 43 48 31 39 35 50 38 48 47 67 49 61 71 74 76 123 132 131 181 182 236 263 327 334 377 449 446 482 525 612 537 464 405 389 431 415 432 447 500 553 525 409 422 417 459 521 590 720 881 979 906 771 815 1004 905 816 800 730 811 793 891 872 913 1006 995 1041 1087 1017 867 754 657 643 694 765 782 674 642 676 692 696 736 832 744 749 808 879 918 919 972 968 969 983 1073 1053 1222 1168 1025 1086 1066 1029 1024 981 992 869 823 846 828 860 813 982 983 1115 1273 1457 1646 2035 2217 2560 2809 3043 2957 3093 2917 2952 2886 2722 2714 2829 3041 3048 3020 2945 3100 3176 3434 3405 3892 4043 4224 4409 4816 4969 5659 6086 6747 7349 7920 8454 9405 10070 10714 11727 12045 12922 13540 14574 15700 17207 18010 20034 21659 22982 24381 26774 28752 31113 32981 34982 35723 37175 37566 37595 36786 33840 31638 27196 22380 17801 14661 11582 9129 7368 5461 4315 3432 2537 1919 1463 1068 735 583 500 431 449 414 431 395 387 416 370 370 354 318 301 307 215 235 163 141 134 124 98 88 82 84 74 47 43 44 43 33 33 29 18 21 14 12 9 8 10 7 6 2 4 3 1 0 4 0 2 0 0 0 0 0 0 


