1
0 2 2 3 3 4 2 3 4 7 10 12 12 18 20 13 10 9 31 13 26 26 33 38 49 69 82 88 105 104 91 90 98 128 173 175 202 237 259 285 289 274 294 311 341 339 328 394 405 373 399 389 372 347 371 394 398 417 436 498 436 484 524 482 544 567 581 520 514 557 597 629 624 653 657 637 707 654 650 683 675 722 702 750 829 802 897 896 1023 944 1005 956 1056 1068 956 855 729 684 727 741 701 667 691 733 741 663 689 713 743 798 783 777 824 816 766 726 710 650 583 556 500 465 391 346 264 245 209 144 97 58 45 29 23 10 12 12 11 12 20 12 21 14 30 42 44 51 64 56 98 113 145 188 193 244 233 275 302 340 352 434 470 541 592 673 706 854 1001 1042 1050 1243 1315 1401 1270 1172 1037 940 790 841 709 850 832 846 880 928 1125 1284 1504 1591 1741 1657 1555 1278 1215 946 749 701 540 401 301 238 179 135 99 89 46 31 25 21 11 7 5 5 0 0 0 0 0 0 0 0 0 0 0 0 0 0 0 0 0 0 0 0 0 0 0 0 0 0 0 0 0 0 0 0 0 0 0 0 0 0 0 0 0 0 0 0 
0 0 2 0 4 0 3 2 2 4 4 4 5 9 12 9 12 14 19 17 7 20 9 18 18 24 17 27 40 39 52 75 102 112 114 114 110 108 125 154 179 185 221 186 219 241 236 235 249 284 288 296 262 293 367 333 357 382 377 368 359 312 372 321 356 310 356 373 407 377 404 437 425 444 475 472 444 468 506 485 490 452 527 553 558 589 557 533 532 570 507 574 637 658 671 687 740 731 788 828 863 890 907 870 896 920 920 849 781 700 619 566 629 609 619 625 657 676 634 604 608 608 596 620 611 604 678 667 704 768 790 722 741 720 710 672 583 512 402 341 263 247 196 137 97 94 80 69 74 77 81 104 130 165 175 221 241 319 351 408 460 596 702 787 942 1163 1272 1412 1418 1635 1590 1487 1485 1304 1262 1408 1407 1541 1721 1762 1952 1889 2008 1647 1477 1268 1048 846 721 573 393 304 254 177 116 91 50 38 27 17 15 6 11 5 0 0 1 0 0 0 0 0 0 0 0 0 0 0 0 0 0 0 0 0 0 0 0 0 0 0 0 0 0 0 0 0 0 0 0 0 0 0 0 0 0 0 0 0 0 0 0 0 0 0 0 0 
0 0 0 0 0 0 0 1 1 1 2 3 2 1 3 3 2 4 7 2 1 4 5 2 9 3 8 6 11 12 9 4 3 6 9 9 12 15 10 4 14 19 19 28 18 42 43 53 73 82 97 118 136 130 157 142 185 168 170 190 180 192 189 242 305 261 284 287 268 339 307 348 263 279 229 222 217 256 251 254 264 268 292 269 332 344 365 331 304 381 370 365 381 376 416 408 397 485 505 562 593 532 524 538 559 578 593 665 620 652 634 644 680 689 695 671 704 724 723 811 805 854 850 933 870 896 844 825 776 677 677 691 701 670 677 661 667 668 628 589 608 611 581 542 578 626 646 655 699 662 689 689 733 708 718 735 668 656 584 537 544 547 519 490 647 757 957 1125 1253 1499 1665 1878 1992 2118 2083 2158 2199 2294 2216 2416 2280 1851 1742 1426 1301 1174 920 759 656 486 388 243 204 146 82 51 42 22 27 13 10 5 7 3 2 2 0 0 0 0 0 0 0 0 0 0 0 0 0 0 0 0 0 0 0 0 0 0 0 0 0 0 0 0 0 0 0 0 0 0 0 0 0 0 0 0 0 0 0 0 0 0 0 0 0 0 


0 0 0 0 0 0 0 1 1 0 0 0 0 0 0 0 2 0 1 2 2 4 8 10 16 36 29 47 50 41 35 26 39 36 55 55 78 119 216 256 367 452 591 672 820 836 680 529 444 427 443 425 462 465 660 740 821 827 981 960 864 776 674 634 600 573 583 527 579 601 584 592 667 712 756 776 782 718 607 518 505 463 508 492 501 586 632 711 810 947 1007 1047 1057 1145 1266 1441 1687 1847 2101 2292 2573 2993 3269 3779 4195 4310 4922 5127 5255 5374 5589 5559 5498 5666 5667 5902 6145 6141 5983 5955 6125 6339 6366 6390 6324 6256 6086 6203 6387 6240 6131 5945 5948 5607 5494 5441 5358 5309 5183 5132 5307 5402 5169 4948 5154 5080 5304 5237 5264 5254 5457 5298 5311 5501 5439 5571 5675 5647 5614 5596 5678 5584 5747 5713 5908 5837 5981 5937 6178 6125 6139 6162 6067 6034 5948 5767 5830 5897 5930 5877 5974 5662 5946 5787 5638 5695 5512 5471 5381 5412 5282 5349 5336 5394 5638 5590 5660 5740 5820 5958 5862 5583 5548 5362 5361 5018 5038 5009 4967 5125 5338 5148 4939 5103 4985 5052 5035 5094 5174 5453 5627 5939 6043 6385 6318 6411 6331 6598 6631 6533 6420 6323 6085 5902 5857 5639 5665 5439 5141 5024 4831 4608 4572 4173 4180 4067 4076 3999 4010 3860 3915 3993 4124 4232 5121 9263 
0 0 0 0 0 0 0 0 0 0 1 1 0 0 0 0 0 1 0 0 1 0 1 2 1 6 4 6 15 27 40 39 58 44 40 47 35 46 47 48 45 59 67 65 97 118 132 160 177 215 224 234 244 245 316 375 443 521 532 580 646 734 708 615 427 354 294 302 292 315 328 418 645 784 864 942 771 806 719 627 637 638 565 566 542 601 582 576 569 591 626 679 740 715 705 635 543 501 426 384 397 433 469 510 552 581 694 668 786 889 898 1071 1067 1242 1396 1602 1840 2067 2285 2790 3154 3512 3879 4460 4673 5278 5667 5799 5886 5996 6124 6135 6274 6090 6250 6230 6284 6554 6480 6764 6765 6866 7052 6817 7056 7262 7155 7205 7039 7016 6777 6658 6658 6593 6713 6362 6265 6304 6269 6377 6699 6726 6575 6793 6749 6943 6897 6939 6900 7438 7241 7130 7402 7419 7507 7622 8003 8160 7946 8177 8174 8215 8267 8020 7921 8099 7974 8044 8506 8584 8433 8227 8136 7803 7500 7531 7244 7003 7286 7532 7604 7892 8062 8062 7943 7632 6985 6964 6734 6679 7168 7236 6998 7080 7151 7478 7649 7926 8291 8370 8068 7694 7668 7592 7294 6949 6697 6471 6105 5813 5484 5385 5147 4996 4785 4629 4526 4256 4119 3836 3555 3235 2982 2816 2556 2318 1970 2000 1842 1681 1560 1358 1341 1118 1124 1097 
0 0 0 0 0 0 0 0 0 0 0 0 0 0 0 0 0 0 0 0 0 0 0 0 0 0 0 0 2 0 0 1 0 0 0 0 1 3 1 8 11 8 14 20 28 32 38 50 41 63 28 30 27 28 32 50 35 47 55 66 64 86 99 147 208 278 311 345 411 529 788 779 681 537 394 301 286 293 288 301 279 337 391 439 475 557 591 654 802 702 702 676 557 523 533 496 569 566 641 598 561 637 727 808 764 788 753 690 596 562 505 416 434 474 504 567 547 618 630 699 757 878 1004 1163 1254 1350 1453 1616 1783 2006 2246 2356 2666 2850 3066 3337 3763 4005 4466 4837 5043 5118 5161 5362 5543 5668 5914 6282 6735 6847 7047 7020 7238 7279 7530 7405 7403 7637 7564 7702 8077 7811 7826 7802 7468 7419 7506 7269 7185 7467 7489 7316 7470 7609 7949 8293 8133 8437 8684 8755 8837 9113 9330 9463 9731 9686 9802 9928 9994 10225 9957 10137 10148 10154 10100 10399 10482 10777 10777 10684 10672 10665 10461 10517 10585 10946 10876 11052 10646 10346 10006 9596 9640 9168 9200 8964 8656 8618 8349 8296 7944 7886 7699 7457 7283 7201 6639 6318 6292 6088 5893 5706 5508 5200 4772 4519 4027 3869 3596 3368 2919 2527 2220 1990 1885 1597 1385 1144 867 760 614 517 562 630 863 1182 


