1
0 0 0 0 0 0 0 0 0 0 0 0 0 0 0 0 0 0 0 0 0 0 0 0 0 0 0 0 0 0 0 0 0 0 0 0 0 0 0 0 1 0 0 0 0 0 0 1 0 0 0 0 0 1 0 0 0 1 1 1 7 3 5 7 10 13 22 25 33 33 52 57 70 95 98 114 130 140 175 171 161 203 217 220 220 222 203 236 225 229 187 195 207 166 178 131 119 113 125 88 80 51 33 27 23 13 14 10 11 12 12 10 13 15 10 11 15 13 9 13 22 12 26 26 31 32 40 39 47 57 84 109 126 183 200 250 337 353 352 404 515 594 640 512 438 344 283 289 323 407 480 714 847 890 826 511 358 246 119 55 42 24 15 20 10 9 5 2 2 5 2 1 2 3 2 2 1 2 0 1 0 2 1 1 3 1 3 0 1 1 3 0 0 1 1 0 0 0 0 0 0 1 0 2 0 1 1 0 0 1 1 1 0 1 0 0 1 0 0 0 0 0 0 0 1 0 0 0 0 1 0 0 0 0 0 0 0 0 0 0 0 0 0 0 0 0 0 0 0 0 0 0 0 0 0 0 
0 0 0 0 0 0 0 0 0 0 0 0 0 0 0 0 0 0 0 0 0 0 0 0 0 0 0 0 0 0 0 0 0 0 0 0 0 0 0 0 0 0 0 0 0 0 0 0 0 0 0 0 0 1 0 0 0 0 0 3 2 3 5 3 4 4 18 21 23 26 49 46 60 81 84 90 120 114 161 156 167 193 175 188 203 204 231 223 239 284 193 201 256 204 175 163 162 142 124 110 79 42 33 27 20 17 11 10 10 12 5 10 9 17 10 14 8 5 9 7 6 6 10 5 5 5 3 3 7 7 6 8 1 5 10 5 10 5 7 6 5 6 10 7 7 11 6 7 8 10 7 8 10 20 26 22 24 25 28 28 26 49 56 70 66 86 114 115 129 226 147 108 135 159 249 375 449 792 947 641 391 323 353 330 359 416 613 672 620 703 1000 607 304 169 83 29 10 3 3 2 1 0 0 1 0 1 1 1 1 0 1 0 1 2 0 1 0 0 1 1 0 0 1 1 1 0 0 0 0 0 0 0 0 0 0 0 0 1 0 0 0 0 0 0 0 0 0 0 0 0 0 0 0 0 0 0 
0 0 0 0 0 0 0 0 0 0 0 0 0 0 0 0 0 0 0 0 0 0 0 0 0 0 0 0 0 0 0 0 0 0 0 0 0 0 0 0 0 0 0 0 0 0 0 0 0 0 0 0 0 0 1 0 0 0 0 0 3 1 5 2 5 6 16 19 21 29 35 46 54 88 96 100 90 105 137 145 169 213 186 195 195 206 216 225 228 270 202 212 177 203 191 184 132 145 143 120 90 71 41 36 28 24 16 8 8 15 10 7 13 8 11 19 10 8 11 10 4 3 6 6 7 5 6 2 6 4 9 5 7 2 2 7 5 8 5 7 8 5 4 9 7 5 5 12 4 7 6 3 3 1 6 7 6 5 3 6 4 2 0 5 6 0 4 5 0 7 4 0 2 9 15 17 22 28 27 27 27 35 36 46 83 95 104 105 139 175 123 85 69 73 62 86 105 245 331 407 520 848 745 551 552 600 740 608 569 581 681 624 683 515 386 207 58 24 10 2 2 2 0 0 1 0 1 0 0 1 1 0 1 0 0 0 0 0 0 0 0 0 1 0 0 0 0 0 0 0 0 0 0 0 0 0 


68334 21138 11805 8149 6996 5985 5451 5119 5257 4023 3620 3364 3178 2751 2736 2622 2612 2314 2232 2272 2312 2193 2085 2100 1988 1757 1555 1473 1508 1438 1526 1604 1721 1698 1617 1607 1591 1595 1550 1480 1555 1651 1631 1590 1570 1631 1652 1619 1600 1600 1551 1480 1381 1386 1429 1445 1491 1488 1567 1555 1503 1544 1523 1477 1526 1577 1480 1433 1297 1191 1143 1107 1058 1109 1085 962 926 838 947 910 936 967 938 953 914 840 858 891 844 916 889 868 823 788 854 829 837 890 1006 1006 1034 1038 1088 1115 1152 1103 1220 1254 1310 1256 1304 1354 1353 1495 1499 1548 1501 1592 1543 1575 1695 1789 1851 1872 1968 1962 2020 1998 2030 2116 2240 2430 2583 2587 2660 2721 2881 2920 2980 3366 3419 3475 3640 3663 3706 3908 4104 4171 4448 4593 4641 4793 4934 5070 5248 5535 5936 6339 6088 6049 6390 6552 6841 7392 7460 7398 7437 7395 7346 7486 7604 7958 8173 8229 8483 8562 8382 8589 8734 8689 9032 9494 9225 9064 9045 8886 8883 8848 9110 8950 8815 8418 8345 8276 7990 8003 7872 7725 7873 7390 7172 7070 6746 6832 6761 6686 6628 6139 5938 5748 5584 5545 5321 5353 5403 5074 4656 4590 4463 4355 4309 4265 4587 4399 4548 4805 5011 5206 4835 4234 3342 2788 2262 2208 1990 1963 1772 1648 1556 1518 1338 1223 1110 1071 1000 905 843 776 563 514 442 353 338 516 790 16483 
62136 10066 5530 5983 6459 5821 5128 5000 5374 3745 3285 3370 3836 3294 3246 3762 4703 4079 3616 3920 3766 2870 2352 2553 3060 2644 2264 2514 2656 2297 2093 2135 2206 1869 1811 2010 2413 2015 1852 2156 2253 1621 1363 1268 1269 1286 1207 1093 1195 1412 1335 1305 1442 1475 1333 1307 1418 1629 1521 1444 1695 1712 1532 1565 1766 1968 1509 1402 1490 1422 1094 1035 1119 1167 1027 987 1027 1130 1005 940 981 1067 980 865 976 1094 953 861 849 906 847 886 917 959 881 863 925 1045 1067 1025 1059 1068 1033 1028 1076 1169 1189 1181 1230 1367 1285 1356 1416 1572 1652 1635 1739 1791 1693 1696 1865 1948 1951 2008 1974 2025 2018 2109 2087 2228 2180 2267 2313 2339 2577 2720 2714 2780 2903 2974 3234 3260 3404 3538 3643 3838 3915 4146 4217 4351 4369 4655 4733 4921 5232 5318 5332 5696 5802 6026 5874 6270 6671 6663 6859 7153 7298 7352 7395 7718 8282 7954 8003 8242 8754 8702 8807 9201 9116 8966 8801 9164 9518 9277 9211 9182 9490 9100 8850 8974 9323 8826 8963 8943 8724 8234 8091 8139 8182 7834 7577 7395 7401 7337 7152 6916 7048 6399 6172 6118 6140 6108 5725 5746 5924 6673 6252 6373 6747 6646 5750 5017 4524 4046 3610 3363 3266 2978 2761 2595 2522 2538 2255 2203 2115 1932 1831 1672 1588 1345 1116 970 841 788 588 551 455 412 337 248 244 220 161 237 594 16316 
56676 9192 4751 4323 4531 3851 3566 3505 3626 2539 1929 1790 1713 1609 1533 1831 2006 1838 1924 2127 2303 2261 2082 2140 2338 2771 2122 1931 1934 1860 1817 1939 2574 2647 2366 2177 2264 2410 2390 2623 3110 3136 3363 3389 3336 3182 2847 2719 2678 2413 2217 1968 1800 1870 1716 1667 1721 1839 1757 1861 1874 1964 1850 1778 1861 1912 1764 1885 1807 1729 1840 1660 1643 1638 1333 1168 1007 1120 1100 932 991 1176 1144 1027 1008 1000 1015 988 987 1003 1018 1022 968 1018 1127 1055 1046 1146 1213 1445 1477 1507 1503 1635 1617 1620 1893 1986 1849 1752 1487 1429 1462 1384 1494 1646 1543 1649 1621 1531 1598 1631 1781 1814 1923 1861 1890 1825 2033 2004 2209 2418 2513 2618 2643 2627 2747 2848 2991 3199 3539 3560 3386 3537 3763 3636 3856 4252 4478 4476 4326 4338 4631 4587 4910 5398 5431 5571 5507 5639 5499 5784 5957 6700 6790 6766 6622 6628 6728 7023 7343 7560 7896 8256 8364 8416 8288 8647 8617 9102 9294 9470 9581 9242 9133 9398 9426 9461 9640 9739 9861 9296 9070 9246 9146 9062 8987 8916 8731 8283 7791 7921 7705 7667 7913 8388 9060 8788 8760 7971 8179 7030 6535 5974 5884 5640 5272 4810 4710 4609 4421 4188 4265 4040 3668 3344 3217 3018 2858 2787 2755 2607 2307 2082 1996 1733 1600 1471 1436 1317 1015 954 891 964 922 1022 1202 987 843 491 273 204 195 204 536 16266 


