1
0 0 0 0 0 0 0 0 0 0 0 0 0 0 0 0 0 0 0 0 0 0 0 0 0 0 0 0 0 0 0 0 0 0 0 0 0 0 0 0 0 0 0 0 0 0 0 0 0 0 0 2 1 1 1 0 1 4 1 8 13 19 23 38 44 56 45 87 99 103 128 197 201 275 314 306 344 384 444 452 418 500 419 352 361 287 239 208 168 120 74 44 30 17 16 21 9 9 18 8 10 6 6 6 6 3 3 9 8 10 7 7 10 5 9 10 11 10 13 10 7 9 24 12 16 18 25 31 41 43 51 76 74 117 167 258 318 394 495 557 621 770 771 785 820 725 566 513 496 498 560 680 831 985 1160 1010 830 629 349 157 54 30 14 6 7 5 4 4 8 4 3 4 2 3 2 6 1 6 6 1 2 3 3 4 1 2 4 4 5 6 4 2 2 3 2 1 1 0 0 2 2 2 2 0 2 2 0 0 0 0 0 0 0 1 0 0 1 0 0 0 0 0 0 0 0 0 0 0 0 0 0 0 0 0 0 0 0 0 0 0 0 0 0 0 0 0 0 0 0 0 0 0 0 0 0 0 
0 0 0 0 0 0 0 0 0 0 0 0 0 0 0 0 0 0 0 0 0 0 0 0 0 0 0 0 0 0 0 0 0 0 0 0 0 0 0 0 0 0 0 0 0 0 0 0 0 0 0 0 0 0 0 0 3 1 6 2 7 14 17 19 40 45 44 60 70 108 113 120 180 255 262 256 364 388 402 371 425 546 402 369 394 381 298 234 218 171 88 63 56 38 10 14 12 9 11 8 5 6 4 6 4 4 10 7 5 6 6 9 10 8 8 8 3 7 3 5 5 3 6 7 3 9 2 2 2 3 4 4 3 4 2 8 6 4 3 5 5 2 4 1 2 3 3 3 4 6 3 4 7 8 5 3 9 3 4 6 9 12 17 17 24 25 57 64 60 92 136 126 180 261 457 572 741 950 1135 993 852 765 627 362 393 443 728 746 654 842 1113 1014 945 493 417 171 40 27 17 4 3 2 2 2 2 4 4 0 0 0 0 0 0 0 0 0 1 0 0 0 1 0 0 0 0 0 0 0 0 0 0 0 0 0 0 0 0 0 0 0 0 0 0 0 0 0 0 0 0 0 0 0 0 0 0 0 
0 0 0 0 0 0 0 0 0 0 0 0 0 0 0 0 0 0 0 0 0 0 0 0 0 0 0 0 0 0 0 0 0 0 0 0 0 0 0 0 0 0 0 0 0 0 0 0 0 0 0 0 0 0 0 1 1 4 1 2 8 8 18 17 28 49 52 58 69 100 101 130 170 280 263 266 312 354 450 390 436 587 441 383 365 341 310 233 206 157 86 72 30 22 19 22 4 10 15 10 12 6 3 3 7 2 5 4 9 9 6 7 6 7 7 10 2 6 4 6 7 7 7 4 4 8 3 3 3 2 3 2 2 5 2 6 4 3 4 4 8 5 1 2 5 4 5 1 2 1 4 5 2 2 2 2 2 5 1 3 0 3 4 3 1 2 1 0 5 4 3 3 1 4 3 3 6 3 3 2 4 8 4 6 4 4 9 13 27 36 52 57 82 88 93 113 178 247 399 468 700 1020 1161 950 1013 971 1006 929 826 838 856 669 781 945 822 570 377 213 35 11 2 1 1 0 0 0 0 0 0 0 0 0 0 0 0 0 0 0 0 0 0 0 0 0 0 0 0 0 0 0 0 0 0 0 0 0 


54816 5888 4320 3285 3233 3170 2756 2466 2578 2115 2104 1890 1987 1920 1723 1424 1581 1300 1219 1188 1202 1131 1156 1169 1253 1162 1165 1108 1148 1043 1029 993 982 921 925 934 969 993 1012 941 949 975 993 1026 1161 1195 1193 1198 1190 1226 1082 1025 1041 1041 1094 1077 1057 1100 1101 1015 1038 977 1040 1062 1029 1153 1255 1178 1114 1058 977 933 933 933 930 910 918 869 893 824 870 903 931 884 887 913 880 864 869 984 936 863 864 821 823 791 932 914 1000 1141 1221 1274 1294 1542 1593 1689 1905 2016 2082 2096 2164 2388 2455 2588 2954 3010 3017 3179 3159 3212 3302 3289 3454 3732 3456 3582 3581 3775 3907 3797 4025 4424 4357 4375 4388 4526 4732 5002 5231 5918 5749 5968 6015 6499 6903 7246 7340 7898 8416 8020 7737 8096 8403 8428 8645 9014 9663 9561 9232 9169 9045 8738 8809 9524 9440 9657 9304 9076 8901 8683 8554 8696 8972 9647 9864 9668 10025 10008 10103 10465 10528 10825 10685 10432 10073 10036 10079 10444 10279 10440 10182 9607 9579 9411 9537 9511 9419 9333 9640 8840 8771 8520 7761 7034 6627 6008 5706 5029 4347 4073 3412 3038 2708 2602 2536 2360 2103 1983 1781 1829 1709 1552 1512 1395 1283 1161 1003 927 782 636 610 514 423 403 345 344 306 233 245 204 185 153 148 103 100 110 72 93 97 80 115 115 138 279 524 16299 
65074 7232 3058 3129 3281 3047 2504 2378 2417 1720 1504 1505 1457 1319 1069 1140 1302 1099 1024 1052 1102 949 880 1024 1062 911 834 902 1063 925 838 920 976 832 717 832 946 853 846 929 1061 848 773 816 833 854 944 906 976 1040 892 784 853 907 861 864 1009 1034 818 772 759 739 646 604 602 765 783 745 795 880 735 691 733 810 792 822 873 914 796 778 863 983 951 881 930 931 824 729 807 908 757 780 835 967 889 847 900 1026 947 919 993 1081 1153 1134 1322 1561 1374 1354 1452 1729 1666 1641 1789 2237 2217 2121 2534 2958 2909 2833 3044 3599 3489 3150 3403 3554 3205 3178 3338 4026 3563 3272 3240 3779 4219 3931 3845 4085 4548 4117 4008 4641 5688 5385 5602 6229 7044 6794 6047 6486 7480 7059 7560 8626 10773 10374 10003 11366 12248 11063 10118 10188 10964 10019 9275 9973 10137 9591 9416 9931 11410 10743 10542 11920 12940 12325 11229 11325 11726 10813 10245 11001 11597 11009 10742 11337 11706 10389 10053 10376 10808 9733 9358 9704 9716 8107 7929 8447 8507 7490 6796 6582 6976 6770 6368 6830 7764 6122 5577 5616 5537 4510 3634 3458 3222 3294 2252 1817 1681 1565 1367 1139 1267 1147 850 708 706 583 440 373 341 337 281 216 185 184 137 139 103 90 79 61 76 55 61 65 63 86 83 73 82 78 100 116 477 16300 
62716 8309 3074 2812 2824 2560 2470 2549 2822 2362 1752 1577 1442 1260 1206 1266 1325 1109 903 853 943 945 861 964 1096 1095 896 854 804 878 813 876 1015 1030 905 864 981 995 882 966 972 1043 837 826 794 958 891 912 993 1032 789 742 725 754 712 732 776 908 840 732 657 634 654 588 647 739 730 746 770 740 690 648 639 702 613 668 642 637 646 648 625 653 723 668 638 704 637 691 644 710 743 656 684 671 769 754 750 804 854 952 997 947 1069 1055 1037 1079 1341 1461 1376 1416 1518 1566 1528 1854 2299 2562 2564 2675 2800 3014 2920 3080 3504 3388 3079 3065 3063 3409 3509 3264 3504 4069 4311 4254 4341 4384 4688 4541 4661 5363 5783 5263 5083 5313 5555 5582 5762 7070 8066 7763 7802 8105 8774 8384 8891 10007 10416 9579 9165 9264 9460 9007 8817 9083 9409 9082 8651 8800 9129 9039 9048 9700 10531 10393 10278 9944 9593 10178 10262 10777 11348 11730 11805 11007 10789 11087 11148 11868 11843 11734 11419 10375 9974 10470 10169 9753 9368 8922 8709 7775 7081 7053 7096 6790 6992 8468 9825 8824 7729 7580 6827 5509 4900 4542 4113 3249 2401 1908 1794 1569 1402 1288 1253 1101 821 730 727 666 559 425 450 347 269 194 191 163 125 117 115 83 74 75 61 59 56 46 66 56 76 52 58 80 73 121 487 16248 


