1
0 0 0 0 0 0 0 0 0 0 0 0 0 0 0 0 0 0 0 0 0 0 0 0 0 0 0 0 0 0 0 0 0 0 0 0 0 0 0 0 0 0 0 0 0 0 0 0 0 0 0 0 0 0 0 1 3 9 16 33 77 114 136 110 142 166 223 230 242 300 276 255 261 255 285 283 284 329 293 295 294 379 398 375 322 362 282 268 273 276 283 242 220 176 132 97 45 22 14 5 4 0 1 1 1 1 0 2 3 2 0 1 0 2 0 0 2 0 1 1 2 0 1 0 0 1 0 0 1 2 2 2 2 2 1 1 2 0 2 3 2 0 1 0 3 0 1 2 0 3 5 7 12 34 107 212 366 340 220 142 86 37 10 12 7 5 7 3 4 2 4 1 10 7 6 6 7 5 2 4 6 4 4 6 4 6 6 4 5 13 10 14 13 28 59 166 812 1876 6267 7796 7206 7331 6637 5874 5206 5595 6614 6136 3898 3198 2303 1818 1351 1112 827 446 241 106 47 27 11 24 25 41 17 11 7 3 2 5 3 5 1 0 1 3 2 0 0 0 0 0 0 0 0 0 0 0 0 0 0 0 0 0 0 0 
0 0 0 0 0 0 0 0 0 0 0 0 0 0 0 0 0 0 0 0 0 0 0 0 0 0 0 0 0 0 0 0 0 0 0 0 0 0 0 0 0 0 0 0 0 0 0 0 0 0 0 0 0 0 0 0 0 0 0 0 0 0 0 0 0 0 0 1 0 0 1 3 21 37 46 66 67 143 165 158 195 222 273 245 315 331 230 217 220 278 285 271 287 262 159 150 194 250 257 275 404 353 228 272 247 325 390 345 348 271 158 70 33 15 3 0 1 2 1 0 1 0 3 1 1 1 3 1 1 0 2 0 0 1 0 1 1 1 0 0 0 3 0 1 1 1 1 1 2 0 3 3 1 2 1 0 2 2 1 1 2 3 6 9 27 73 180 347 356 318 129 72 38 27 7 7 4 7 5 2 5 4 4 4 4 9 2 3 10 5 7 4 2 4 5 2 4 6 7 8 12 10 10 16 13 6 26 108 506 2723 8767 7775 6717 6691 6634 7678 7882 7630 8053 3696 1967 1993 1476 1216 709 413 182 60 23 16 16 10 7 11 10 47 30 16 8 7 6 2 6 4 0 2 1 1 0 0 0 0 0 0 0 0 
0 0 0 0 0 0 0 0 0 0 0 0 0 0 0 0 0 0 0 0 0 0 0 0 0 0 0 0 0 0 0 0 0 0 0 0 0 0 0 0 0 0 0 0 0 0 0 0 0 0 0 0 0 0 0 0 0 0 0 0 0 0 0 0 0 0 0 0 0 0 0 0 0 0 0 0 1 0 0 0 1 0 1 1 5 9 33 46 56 100 134 112 107 131 170 187 176 163 237 288 280 259 242 248 222 185 247 251 206 173 171 186 162 148 195 217 203 173 207 310 300 296 373 453 361 263 260 251 152 80 36 18 4 2 1 0 1 1 1 3 3 1 0 0 1 0 2 1 0 0 1 0 1 2 0 0 2 0 2 0 2 1 3 1 4 6 4 15 37 52 123 253 280 329 212 118 74 60 23 13 6 4 8 3 2 6 2 4 9 5 0 10 2 2 5 5 7 4 5 2 6 4 7 4 9 17 9 12 10 13 22 34 95 876 5497 7190 9380 9790 9846 8299 8146 7170 6854 3484 2313 1557 1145 585 323 155 86 49 25 19 20 4 15 7 10 14 37 28 20 11 8 5 8 2 5 0 1 0 1 1 0 0 


206342 6380 6199 3777 4367 4919 3927 3257 3303 2420 2597 2307 2468 2638 2614 2503 2806 2390 2561 2396 2414 2353 2388 2253 2347 2259 2574 2649 2657 2632 2506 2301 2232 2170 2188 1961 1819 1871 1573 1593 1768 1813 1976 1854 1897 1730 1580 1556 1375 1222 1038 888 831 827 874 825 764 870 889 863 892 874 932 956 891 1009 921 1022 917 960 961 884 924 1050 1040 1031 1035 1046 1030 1042 1057 956 1087 1083 991 892 943 898 941 888 916 913 882 822 851 793 872 842 859 903 888 860 827 895 864 890 908 908 915 838 775 888 892 915 1037 988 942 974 1057 1118 1046 1125 1149 1251 1236 1287 1297 1396 1496 1698 1810 2095 2471 2632 3066 3646 4295 4633 4925 5305 5773 5864 5854 6853 7810 8261 8822 8868 10023 9508 8750 9306 9617 9723 9530 9418 9915 8388 7717 7439 6896 6369 6150 5851 5767 4941 4899 4514 4341 3989 3546 3461 3608 3257 3226 3102 3179 3324 3185 3315 3540 3449 4070 4074 4300 4560 4478 4578 4889 4763 5410 5173 5133 5243 5018 4878 5074 4924 4521 4030 3726 3819 3253 3152 3065 2815 2918 2661 2514 2516 2434 2355 2359 2328 2566 2663 2432 2671 2737 2738 2571 2493 2165 1978 1711 1710 1569 1473 1429 1287 1330 1115 908 923 989 1229 1213 1292 1319 1686 1355 1393 1302 1369 1054 752 513 490 399 322 290 327 388 611 1231 17189 
234487 12349 3847 3608 2827 2036 1838 2041 2375 2208 2003 2223 2226 1765 1700 1815 2408 2556 2632 3231 3157 2448 2132 2249 2483 2211 2009 2211 2482 2103 1915 2025 2095 1762 1499 1425 1398 1123 898 908 906 811 765 736 866 994 847 834 861 968 941 879 928 948 832 825 850 872 800 819 783 878 845 792 926 869 748 723 800 853 828 709 728 863 775 756 832 803 761 721 737 780 843 812 818 796 762 742 773 855 817 757 884 912 768 769 811 853 844 801 829 869 769 778 800 808 793 783 790 873 900 786 845 879 803 707 776 823 740 702 761 880 804 769 734 761 690 666 677 702 691 665 628 672 734 641 650 691 702 699 671 769 803 709 735 772 959 866 846 962 1071 1129 1042 1184 1545 1387 1387 1721 1923 1680 1706 2170 3021 3150 3506 5227 5903 5251 5543 6671 9355 8815 8474 10079 12908 12076 11343 12799 16395 13176 12919 13801 15203 12186 10129 10330 11357 8707 7845 8199 9745 7451 6043 6206 6820 4737 4356 5048 6528 5598 5303 6113 7536 6132 5697 6261 6336 4606 3850 3779 4651 3162 2702 2443 3186 3504 2916 2653 2778 3142 2286 1969 2036 2413 1833 1630 2063 2357 1679 1673 2038 2284 1565 1283 1370 1983 1877 1432 1389 1412 774 465 423 371 259 160 122 145 121 107 97 191 298 366 722 16689 
241513 17694 4950 3111 2942 2547 2490 2782 3075 2753 2574 2289 2297 1984 1992 2329 2554 2287 2219 1999 2066 2000 1730 1788 1794 1767 1513 1333 1306 1415 1309 1436 1592 1659 1703 1382 1351 1466 1325 1337 1411 1428 1384 1176 1119 1100 1034 1025 1175 1134 1127 1025 915 969 977 869 972 1044 1086 1112 1070 955 1018 942 919 948 1028 935 860 796 802 758 814 899 925 842 807 719 759 723 734 838 876 751 712 665 680 653 669 725 798 754 686 654 670 666 610 673 698 696 632 662 612 579 606 622 668 652 543 532 548 520 505 510 525 514 521 470 447 445 443 403 426 427 416 420 394 388 347 375 409 420 463 436 443 379 410 391 448 485 409 439 427 427 420 440 455 439 482 465 441 528 596 625 707 930 911 861 796 817 816 871 965 1041 1031 869 852 859 939 911 857 944 1205 1296 1135 1004 1095 1095 1039 1085 1309 1479 1331 1267 1328 1432 1467 1632 2203 2794 3057 3352 4156 5073 5196 6004 8129 9670 9388 9842 10882 13444 13885 13360 16064 20266 20417 19322 16256 16140 15987 14043 13696 14951 13747 12535 10852 10735 10610 9224 8168 7007 5384 4691 3548 3691 3758 3725 4001 4612 4341 3706 2642 2327 2425 2574 2011 1933 2182 2324 2124 997 624 487 306 172 102 78 64 56 41 56 82 98 440 16232 


