0
0 0 0 0 0 2 2 0 0 1 6 3 1 6 4 3 11 12 16 18 16 29 49 55 79 90 120 173 201 279 703 593 609 1973 2128 1970 1651 1429 1603 1619 1726 3456 4115 3134 2763 1416 1575 1386 1335 1004 799 653 564 463 381 355 309 284 235 208 171 179 147 151 129 115 106 117 96 93 102 81 91 68 66 83 94 107 84 80 92 72 67 70 69 78 69 62 59 73 77 65 57 57 60 64 67 72 93 72 87 96 88 72 59 77 70 63 81 75 58 64 42 58 53 53 68 53 46 57 68 67 56 58 70 46 57 55 46 64 52 45 65 40 57 53 60 56 53 51 56 46 46 53 46 50 51 52 55 45 60 62 47 58 60 48 42 52 49 59 70 60 60 48 54 47 52 64 53 64 51 53 38 49 60 53 52 50 59 51 60 57 56 69 47 64 61 64 36 41 54 47 57 58 51 43 59 52 43 50 47 46 48 50 45 47 41 60 60 55 45 59 48 51 35 43 62 45 42 42 46 41 31 37 39 32 32 29 40 25 26 16 27 18 29 19 20 11 20 14 10 13 12 12 12 13 20 11 15 9 14 14 15 18 21 49 
9 19 23 39 38 30 57 81 85 130 159 173 171 198 272 291 312 348 399 432 476 500 572 674 1105 3111 3587 2933 2085 1912 1960 1830 1773 2901 4353 4034 4074 2690 1645 985 823 721 712 732 649 427 310 239 163 115 85 61 59 43 36 33 29 18 22 13 5 10 11 8 10 10 7 8 6 8 10 13 8 9 9 7 7 4 9 10 3 4 20 24 8 12 6 7 3 1 2 5 5 6 9 3 2 1 3 2 2 2 1 5 5 3 5 6 6 11 17 21 20 47 39 14 19 33 0 8 8 2 1 3 5 4 3 4 3 2 3 1 5 3 3 2 2 4 2 3 2 2 2 1 5 3 5 1 3 4 1 5 2 0 7 3 3 2 2 1 2 2 1 5 1 4 2 2 3 3 3 4 3 5 2 3 3 2 2 3 2 1 2 0 1 1 1 4 3 1 2 1 2 0 2 2 1 3 4 4 2 6 4 3 2 2 3 3 1 4 3 1 4 0 3 1 2 0 2 1 1 0 2 1 1 0 0 0 0 1 1 0 1 2 1 1 1 0 0 0 0 0 0 0 0 0 0 0 0 0 0 0 0 0 0 0 
64 33 14 12 21 27 29 31 40 65 92 112 154 145 180 219 280 298 423 387 555 718 1026 1412 1625 3280 3093 2570 2060 1934 2334 3810 3548 3736 3766 2412 3257 1453 910 748 705 643 722 675 528 404 333 259 170 160 141 90 93 55 60 42 26 10 14 13 12 14 13 6 5 9 5 5 10 5 5 8 6 2 2 4 4 4 10 3 3 8 4 5 0 6 1 6 2 2 0 1 1 7 8 4 3 11 9 7 4 6 3 2 5 1 3 10 3 0 1 2 1 3 0 2 3 0 1 2 2 2 1 0 2 1 1 2 9 11 10 20 25 36 24 29 27 10 6 5 4 1 2 3 0 2 2 2 0 2 0 5 1 1 2 1 0 0 1 1 0 1 1 0 1 0 1 0 0 1 1 2 2 1 0 1 2 0 1 5 1 1 2 0 3 0 2 2 0 1 3 1 1 4 1 1 0 0 0 0 0 0 0 0 0 0 0 0 0 0 0 0 0 0 0 0 0 0 0 0 0 0 0 0 0 0 0 0 0 0 0 0 0 0 0 0 0 0 0 0 0 0 0 0 0 0 0 0 0 0 0 0 0 0 0 0 


0 0 0 1 0 1 0 0 1 2 0 1 2 2 6 16 34 46 79 120 169 227 329 329 363 418 397 596 613 1290 1243 1066 1059 850 993 1107 1498 1880 2036 2044 2276 2651 2999 2929 3173 3156 2998 3023 3176 3465 3741 4052 3737 3580 3413 3405 3732 3776 4050 4251 4864 4658 5074 5317 4923 5484 5033 5224 5256 5188 4924 5437 4811 4738 4041 3499 3241 3205 2917 2726 2834 2793 2948 2797 2581 2641 2689 2587 2305 2196 2238 2041 2071 2003 2286 2313 2479 2875 3179 3406 3837 4019 4858 4875 4949 5417 5291 5741 5066 5046 5112 4884 4613 4710 4708 4930 5570 5806 6287 7227 7515 7445 7548 7859 7688 8082 7770 7704 7600 7587 7364 7404 6945 6667 7020 7084 7013 6731 6875 7104 7242 6469 6311 6289 6452 6124 6174 6207 6169 5933 6528 5924 6200 6667 6392 6698 6724 6896 6993 7070 7180 8407 9417 10057 10157 9698 8845 8274 7830 7904 7878 7575 7404 5742 4833 5367 4829 5387 5144 4746 4605 4457 4374 4076 4307 5178 6311 7102 7174 6352 6694 8580 12127 11302 8916 8092 11510 8106 7170 4695 3854 2851 2075 1812 1478 1394 1601 1399 1281 1487 1230 1191 1361 1598 1698 1958 2173 2618 2977 3223 2987 2552 2162 1323 920 488 294 223 144 155 127 94 61 63 68 67 52 52 37 43 35 48 39 40 40 36 44 50 44 48 49 48 36 47 76 127 
0 0 0 0 0 0 0 0 0 0 4 2 1 6 9 16 22 39 51 79 244 557 759 936 1228 1337 1159 938 958 1186 1289 1684 2011 1997 2275 2512 2603 2451 2635 2715 2507 2595 2386 2293 2309 2435 2398 2249 2452 2490 2668 3027 3121 3567 3217 3536 3560 3664 3861 3735 4252 4692 4857 5787 5887 5999 5711 5810 5635 6304 6274 5992 5508 5478 5023 4632 4031 3645 3423 3051 3000 2622 2639 2304 2389 2411 2175 2110 2196 2036 1990 1924 1966 1939 2154 2312 2588 2576 2863 3053 3202 3232 3390 3416 3435 3342 3295 3664 4328 4751 5168 5394 5600 5833 5916 6308 6462 5953 5846 6136 5955 6062 6148 6353 6944 7826 7918 8491 8520 7872 7745 7009 6850 6079 5723 5058 5015 4525 4737 5039 4927 4861 4746 4319 4474 4333 4354 4715 4945 5586 6305 6729 6880 7344 7418 7896 7955 7748 7836 8164 7800 7515 7705 7758 7810 7379 7181 7230 7191 6661 5925 5453 5219 5908 6078 6599 6962 6326 5621 5287 5249 5179 5939 5158 4478 4036 4042 4118 4741 4606 4477 4479 4414 4419 4780 5067 5433 6598 8355 9644 9344 11551 17371 17229 15807 11197 10114 5956 2834 2155 1499 1125 1254 1007 975 944 1004 1120 1116 1186 1237 1425 1384 1140 947 696 452 402 235 138 98 68 72 77 37 29 20 15 18 12 16 18 9 9 11 12 12 7 13 11 21 19 12 13 14 23 
5 4 2 9 3 7 3 2 9 9 20 17 32 50 91 133 259 383 391 499 579 766 925 1148 1694 1722 1622 1687 1878 1961 1978 2069 2151 2194 2303 2556 2644 3195 3264 3130 3002 2899 2849 2703 2674 2446 2432 2679 2728 2732 3173 3191 3432 3586 3858 4391 4721 4694 4915 5212 5006 4823 4114 4190 4600 5465 5920 6068 5754 6124 6323 6316 5608 4657 3920 3868 3698 3365 2869 2701 2394 2164 2136 2125 2061 2105 1964 1839 1871 1826 1907 1944 2111 2253 2516 2555 2638 3073 3350 3475 3850 4157 4716 4479 4980 5282 5116 5449 5618 5301 5086 5057 4880 4636 4409 4386 4514 4764 5254 4904 4782 4628 4504 4353 3642 3663 3413 3978 4117 4341 4037 4014 4322 4036 4090 4092 4475 4637 5330 5265 6111 5974 5988 6050 5957 5751 6138 6519 6749 6809 7232 7218 7000 6267 5926 5775 5501 5470 5570 5675 5995 5849 5539 5742 5123 4541 4393 4436 4258 4512 4510 4305 4765 4646 5170 6119 6274 5990 6527 6333 6492 6750 6768 7497 7449 7207 7047 6608 6950 5457 5363 5253 4882 4040 4321 4095 4213 4068 4270 4153 4206 4574 5732 7279 8342 9638 9690 8333 11293 15845 16689 17127 11734 11136 5731 2509 1671 1627 1248 1298 1436 1232 1148 1170 1145 1252 1262 1013 849 730 845 827 886 638 456 396 242 138 94 67 80 68 37 23 14 14 15 5 6 5 6 10 14 13 11 13 


