0
0 0 0 0 0 0 0 0 0 0 0 0 0 0 0 0 0 0 0 0 1 1 1 3 1 1 8 17 42 61 350 383 363 482 558 773 913 988 1284 1290 1090 1315 1211 1268 1603 2040 2371 2376 2242 2145 2237 1550 1509 1381 1485 1323 1241 1445 1281 1317 1280 1290 1295 1399 1321 1406 1419 1732 2337 2712 2425 2415 2537 1969 1681 1631 1829 2081 2034 1857 1847 2128 1882 1588 1464 1421 1356 1193 1103 995 918 870 839 848 850 845 728 689 749 763 761 751 757 712 812 735 644 661 601 541 505 520 444 404 354 321 363 362 377 322 327 304 259 230 211 189 179 172 155 148 153 144 128 126 116 109 109 93 92 79 86 76 73 62 63 63 70 69 70 64 70 58 52 50 54 57 45 59 37 46 46 55 40 40 54 43 47 43 51 44 33 45 50 50 39 43 49 42 35 41 48 38 43 41 29 44 45 49 47 42 55 33 42 36 54 49 46 52 40 42 52 39 50 40 40 53 61 40 47 56 45 49 58 50 49 52 31 57 65 69 58 64 44 60 64 79 80 84 83 76 63 80 70 75 86 77 90 88 97 73 102 91 116 90 85 95 93 92 106 124 111 118 128 117 150 336 
0 0 0 0 0 2 0 0 1 4 1 5 5 9 9 13 9 10 7 9 11 18 22 41 123 434 457 630 884 883 854 801 1071 1236 1402 1463 1649 1536 1654 2117 2354 3309 3543 3608 3177 2601 2377 2291 2465 2448 2405 2337 2423 2801 3255 3851 4143 3941 3832 3242 2662 2632 2646 2408 2132 2061 1784 1555 1288 1227 1076 1082 1082 1047 1020 1030 894 846 809 791 707 712 756 764 684 614 560 465 559 480 518 406 340 324 322 331 320 294 303 247 238 231 188 156 116 127 86 82 51 59 66 72 105 86 106 80 72 71 58 41 42 36 45 30 26 34 25 30 19 32 18 19 16 14 19 22 18 17 21 23 13 16 10 14 5 13 18 14 12 17 16 15 8 12 10 8 14 19 18 10 12 15 9 12 7 9 11 13 15 12 11 13 11 14 18 14 10 16 13 9 7 14 12 18 8 16 15 14 8 11 11 9 11 14 11 20 13 7 9 11 13 11 18 9 9 10 9 4 15 13 9 6 5 7 12 10 8 9 10 9 8 6 6 8 6 10 8 8 7 9 7 9 6 10 8 8 10 7 4 5 12 9 9 3 10 7 5 8 5 12 7 8 10 10 11 18 
26 38 25 35 33 35 42 31 41 48 43 47 43 51 55 52 62 62 66 72 119 265 666 786 928 1022 863 1036 1121 1051 1317 1680 1381 1396 1536 1889 2875 3228 3981 3213 2584 2497 2239 2024 2363 2126 2090 2212 2061 2238 2524 2573 2376 2359 2537 3021 3254 3765 3702 3561 3506 3182 2315 2112 1723 1396 1262 1177 1090 1111 1069 925 938 933 884 797 748 713 689 674 718 762 674 600 561 546 562 497 521 407 362 331 294 319 295 316 311 240 250 216 160 152 125 101 100 125 104 82 87 65 61 55 49 46 69 71 70 54 65 33 37 49 29 27 13 18 24 16 19 9 9 6 10 14 8 4 4 5 2 3 5 2 0 1 2 0 0 0 0 0 1 0 0 0 0 0 0 0 0 0 0 0 0 0 0 0 0 0 0 0 0 0 0 0 0 0 0 0 0 0 0 0 0 0 0 0 0 0 0 0 0 0 0 0 0 0 0 0 0 0 0 0 0 0 0 0 0 0 0 0 0 0 0 0 0 0 0 0 0 0 0 0 0 0 0 0 0 0 0 0 0 0 0 0 0 0 0 0 0 0 0 0 0 0 0 0 0 0 0 0 0 0 0 0 0 0 


0 0 0 0 0 0 0 0 0 0 1 0 0 2 3 5 6 13 9 16 34 46 55 64 99 123 130 194 286 320 449 523 587 610 795 940 985 1112 1299 1312 1216 1213 1097 1004 1036 1088 1108 1022 997 998 1009 1010 1015 1075 1002 1046 1074 1013 1046 1112 976 1040 1032 1183 1269 1382 1270 1217 1282 1338 1307 1187 1310 1413 1343 1351 1724 1581 1390 1629 2047 2555 3365 3095 3549 3868 4263 4798 4006 3859 4415 4910 4555 4482 4187 4313 3875 3588 3709 4222 4241 3723 3654 3289 3046 2865 2410 2301 2246 2187 2298 2149 2120 2143 1960 2031 2141 2044 2098 2277 2481 2554 2793 2908 3192 3438 3455 3589 3535 3181 2744 2871 3052 2740 2814 2878 3539 3903 4557 4789 4693 5640 5766 5643 5976 5523 5281 5086 5253 5103 5150 4963 5048 5543 6307 6838 6599 6486 6762 5975 6878 7902 9649 10723 10300 8762 8637 8076 8369 8861 8720 8341 7939 7314 7702 8247 7956 8431 8434 9513 9872 9969 11358 11498 11412 13268 11944 11742 15151 12891 12660 17759 13076 11093 14165 16924 16300 17549 17296 11754 10232 10029 6878 5855 5436 5208 4014 4001 3602 3094 2423 2111 1633 1149 910 814 621 632 595 748 809 717 689 706 542 399 337 269 136 99 74 64 35 41 31 21 25 24 16 19 21 14 20 19 10 9 8 11 12 4 9 6 7 15 8 16 
0 0 0 0 0 0 0 0 0 0 0 0 0 0 0 0 0 0 0 11 18 43 81 200 329 453 376 328 347 584 886 1142 1425 1284 1285 1216 1113 936 946 979 1068 963 976 1077 1057 1132 1197 1129 1226 1124 1113 1092 1043 1083 1133 1213 1202 1143 1273 1433 1566 1538 1201 1409 1610 1608 1806 1594 1577 2339 3106 3222 2852 2472 2313 2469 2745 1775 1444 1525 1555 1602 1489 1165 975 934 1022 954 1004 1143 1260 1220 1034 1001 859 892 830 792 882 889 793 749 830 867 997 1109 1371 1589 1997 2730 3179 3886 4572 4967 4669 4308 4484 4265 4405 5173 5133 5382 5367 5454 4747 4955 4855 4608 4719 4367 4377 3966 3931 3595 3220 2956 2995 3033 3272 3268 3251 3071 3055 3029 3285 3284 3328 3364 3463 3568 4508 4673 4571 5047 4550 4362 4003 4631 4950 5170 5902 6420 6821 7263 6643 7241 7375 6760 6669 7691 8157 8922 10146 10686 11591 10212 10064 10916 11070 11200 11261 10658 10182 11344 11086 11653 11925 11053 11723 12801 12776 13516 15424 17647 22735 16718 12961 11977 14085 15991 17625 19205 16441 14879 13195 8442 6076 3482 2698 2693 2491 1923 1844 1524 1029 741 748 730 797 860 648 588 610 424 274 247 148 72 56 40 36 13 25 17 14 7 11 3 10 13 4 10 11 2 2 3 2 1 1 2 0 0 0 0 0 0 
0 0 0 0 0 0 0 0 0 0 0 0 3 6 22 61 118 137 201 261 353 464 600 756 994 1274 1638 1535 1490 1407 1366 1266 1316 1418 1351 1347 1261 1126 1137 1127 1137 1196 1357 1523 1922 2108 1979 1765 1841 1636 1421 1098 900 941 942 1048 969 1122 1182 1059 1189 1223 1091 1190 1515 2176 2828 2850 2922 3201 2767 2802 2768 1930 1676 1674 1524 1399 1267 1253 1208 984 859 778 788 833 782 953 1016 1012 1053 1060 1128 1032 1122 993 1005 826 841 869 998 1070 1172 1298 1462 1556 1543 1889 2695 2944 3595 3817 4536 5126 5779 5993 6488 5370 4527 4143 3895 3802 3892 3828 3701 3415 3215 2950 2640 2546 2771 2671 2862 2624 2640 2873 3052 2743 2777 2599 2659 2807 2872 2837 2951 3048 2963 2945 3026 2835 3287 3924 4539 5078 4334 3704 3172 2934 2557 2866 3137 3597 3897 4396 4379 4174 4579 5153 5587 6567 6626 6682 7509 7367 6456 7338 7130 7387 9318 10864 12003 12556 11458 11467 12642 14116 12372 11318 12804 11670 12238 12806 12658 12988 14896 11534 12973 14176 13603 13550 14143 12210 17013 17229 19437 18898 21366 16939 14847 13614 9452 5066 3257 2976 2516 1684 1455 1112 824 886 1015 873 746 596 605 438 287 251 156 75 58 42 28 18 23 14 14 7 8 5 8 12 6 12 8 3 2 3 2 1 1 2 0 0 0 0 


