1
0 0 0 0 0 5 2 2 3 1 5 7 5 5 9 7 7 9 11 17 13 12 15 16 32 26 24 38 43 29 36 39 40 50 42 46 41 53 67 53 66 84 61 75 82 95 84 109 96 117 117 128 123 153 145 171 146 187 201 218 213 238 236 248 260 294 265 245 226 219 201 146 109 65 39 23 26 19 19 16 15 15 16 16 10 16 11 13 5 13 13 6 6 7 7 4 8 8 6 4 3 8 7 7 8 5 9 13 9 11 8 8 10 17 19 25 35 34 22 54 62 79 125 187 214 283 336 433 413 451 616 731 833 671 639 428 477 474 463 521 763 908 1105 946 807 390 160 63 41 9 2 2 2 3 3 1 0 0 0 0 0 1 0 0 0 1 0 0 0 0 1 0 0 0 0 0 0 0 0 0 0 0 0 0 0 0 0 0 0 0 0 0 0 0 0 0 0 0 0 0 0 0 0 0 0 0 0 0 0 0 0 0 0 0 0 0 0 0 0 0 0 0 0 0 0 0 0 0 0 0 0 0 0 0 0 0 0 0 0 0 0 0 0 0 0 0 0 0 0 0 0 0 0 0 0 0 
0 0 0 0 0 0 4 1 3 1 5 6 4 10 3 10 7 8 7 9 13 17 14 19 26 18 26 31 35 35 31 35 30 47 44 46 36 40 46 47 55 65 63 70 77 68 79 67 90 114 91 108 114 123 134 148 174 172 185 183 182 189 217 194 250 268 266 275 249 336 266 188 182 148 100 43 31 22 16 16 15 16 15 16 9 14 16 11 11 8 10 14 7 10 9 10 3 10 7 7 5 6 8 2 6 5 3 1 3 6 5 6 6 0 5 5 5 3 3 5 4 1 1 3 1 2 1 2 2 2 3 4 3 5 3 6 0 5 7 5 4 1 3 4 7 5 7 13 7 10 26 20 21 40 60 56 66 131 162 184 285 513 756 701 666 812 1048 873 472 475 494 386 445 498 813 970 1019 1023 479 147 66 31 22 7 2 1 1 0 0 0 0 0 0 0 0 0 0 0 0 0 0 0 0 0 0 0 0 0 0 0 0 0 0 0 0 0 0 0 0 0 0 0 0 0 0 0 0 0 0 0 0 0 0 0 0 0 0 0 0 0 0 0 0 0 0 0 0 0 0 0 0 0 0 0 0 0 
0 0 0 0 0 1 4 2 1 0 7 7 4 7 4 7 10 6 8 9 16 8 13 14 33 29 22 28 30 41 33 32 38 52 38 44 44 35 49 68 59 63 61 69 90 77 52 99 105 112 99 87 127 136 152 146 144 152 199 181 204 192 213 214 231 294 249 282 287 262 250 190 180 120 76 44 37 28 11 13 15 14 15 18 13 16 11 8 10 10 6 8 11 12 12 5 5 3 8 7 6 6 3 2 8 7 6 6 4 4 5 7 1 3 5 2 2 5 3 3 3 4 4 2 6 2 0 0 0 2 1 6 1 6 1 1 1 1 3 1 3 1 0 2 1 1 3 1 4 1 1 0 1 1 2 4 3 2 2 3 3 3 0 2 3 2 2 2 0 3 3 4 12 19 34 30 47 63 68 63 103 182 365 432 633 861 1014 1099 972 1052 874 835 796 727 767 746 685 721 316 154 71 29 17 6 2 1 0 0 0 0 0 0 0 0 0 0 0 0 0 0 0 0 0 0 0 0 0 0 0 0 0 0 0 0 0 0 0 0 0 0 0 0 0 0 0 0 0 0 0 0 0 0 0 0 0 0 


77070 6311 4736 4264 4312 4254 4869 4874 5936 5194 5105 5363 5297 5081 5299 5309 5908 4976 4663 4301 4088 3679 3478 3249 3449 3622 3444 3501 3419 3345 3216 3272 3130 3412 3063 3100 3041 3322 2735 2669 2921 2962 2718 2502 2463 2328 2221 2196 2246 2261 2128 1989 2098 2069 2068 2137 2416 2591 3025 2869 3205 3206 3471 3535 3505 3718 3707 3485 3350 3354 3231 3123 3241 3321 3418 3350 3253 3360 3345 3357 3402 3516 3769 3682 3561 3655 3628 3634 3667 3764 3823 3724 3748 3807 3814 4010 4087 4215 4653 4497 4598 4622 4638 4606 4647 4718 5062 5120 5105 5047 4777 4778 4813 4917 5041 4916 4999 4575 4539 4297 4380 4264 4581 4235 4168 3981 3937 3861 3873 3714 3825 3880 3945 4050 3857 3973 3780 3811 3748 4074 3897 4059 3866 3938 3799 4097 4086 4384 4517 4536 4348 4287 4258 4089 4022 4003 3965 3841 3608 3553 3585 3399 3315 3525 3405 3318 3192 3052 2992 3039 3059 3286 3388 3661 3886 3898 4037 4179 4436 4698 5283 5632 5912 5625 5888 5848 5838 6029 6348 6566 6948 6155 6361 6850 6643 6264 6107 5147 4327 3305 2309 1690 979 615 399 320 236 228 201 208 169 147 123 101 86 70 88 112 100 62 72 94 72 83 105 340 580 1003 1255 1696 1909 2270 2416 2668 3222 3554 3807 3715 4341 5930 7116 6419 9254 8372 5303 900 873 237 108 99 1007 69 84 225 764 14179 
75267 4877 3301 3571 3678 3165 3146 3613 4549 4103 3687 4155 4059 3470 3227 3955 4397 3889 3800 4456 4691 3968 3946 5053 5119 3976 3805 4253 5201 4422 3834 4050 4212 3384 3065 3270 3636 3291 2462 2508 2651 2360 1978 1930 2195 2138 1895 1739 1888 2022 1859 1652 1887 1911 1778 1716 1939 1808 1718 1627 1682 1894 1912 1829 1933 2066 2094 1993 2043 2335 2108 2162 2255 2423 2453 2423 2550 2757 2625 2639 2791 3073 3036 2999 3192 3422 3289 3224 3396 3596 3506 3216 3605 3969 4050 3962 4409 4619 4407 4203 4559 5045 5073 4958 5388 6099 5666 5339 5734 6184 5980 5859 6037 6762 6222 6054 6396 6411 5979 5610 5944 5834 5513 5146 5278 5209 4915 4653 4811 4896 4387 4298 4145 4315 4367 4058 4129 4060 4363 4019 4027 4045 4118 3962 3961 4084 4343 4077 3994 4090 4295 4273 4342 4694 5179 4712 4309 4428 4447 4303 3900 3813 3842 3938 3887 3928 3945 3765 3467 3586 3806 3423 3289 3483 3799 3534 3519 3603 3720 3153 2917 3264 3800 3323 3251 3678 4013 3263 3158 3879 5507 5108 5121 6710 6779 5270 5139 5592 7694 5917 5390 6188 7278 7856 6041 4011 2313 789 383 260 205 164 131 140 113 111 93 104 103 67 76 86 69 71 94 346 439 898 1068 1644 1856 2031 2260 2527 2945 3350 3827 3704 4121 5366 6423 7101 11266 8724 5147 981 977 292 84 88 1022 53 72 99 752 14368 
79398 8678 5396 5470 5976 5761 6023 7293 7154 5670 4427 4240 4050 3569 3423 3907 3608 3010 2635 2681 2752 2565 2479 2899 3048 3167 3321 3052 3068 3208 2916 2885 3297 3360 3323 3013 2800 3252 2309 2385 2424 2313 1971 1827 1780 1697 1592 1578 1739 1712 1557 1591 1523 1624 1559 1572 1670 1784 1704 1748 1705 1654 1652 1591 1743 1776 1858 1844 1894 1854 1956 1894 1993 2112 2314 2256 2291 2263 2403 2412 2550 2741 2704 2873 2815 2795 2889 2855 3010 3144 3203 3173 3162 3180 3320 3440 3389 3604 4091 4279 4334 4255 4422 4638 4475 4743 5185 5547 5695 5349 5664 5679 5759 5940 6349 6680 6215 5655 5713 5660 5569 5659 6336 6142 5717 5209 5043 5106 5035 4837 5017 4933 5086 4998 4475 4541 4490 4528 4501 4897 4987 4802 4549 4430 4869 4637 4849 5166 5361 4971 4536 4593 4552 4343 4520 4925 5158 5035 4604 4394 4303 4088 4089 4272 4263 3963 3571 3380 3287 3266 3310 3282 3397 3671 3558 3381 3334 3404 3335 3242 3404 3601 3666 3202 3196 3541 3370 3334 3642 4506 4615 4394 5306 6412 5963 5857 6606 7511 6539 5393 5426 6404 6195 5459 5630 5027 4370 2383 1291 678 378 237 152 127 104 88 77 114 103 67 74 93 77 82 110 429 512 1036 1267 1674 1801 2123 2227 2460 2976 3401 3671 3637 4066 5331 6490 7200 11041 8569 5169 923 962 302 94 90 1015 53 75 111 780 14313 


