1
5 1 8 6 7 4 13 13 9 9 4 6 12 12 30 39 34 30 51 59 61 49 79 90 117 199 369 416 332 231 349 383 519 400 256 161 151 140 80 74 93 66 94 60 70 41 62 74 74 75 59 60 68 69 63 49 61 62 48 79 79 83 60 69 67 64 79 74 62 81 62 67 68 70 101 100 75 93 113 120 130 166 182 201 195 166 188 143 175 182 180 190 163 181 196 310 394 384 401 334 432 174 105 62 77 31 20 20 57 12 17 44 8 9 10 7 19 12 5 10 5 2 2 19 5 2 3 5 6 4 9 9 16 9 12 11 12 13 8 10 10 13 9 13 9 7 17 9 6 15 8 8 8 15 14 10 11 11 7 12 19 14 15 27 29 32 46 69 85 85 87 99 87 115 171 121 175 153 102 103 106 99 81 85 60 48 52 43 47 52 51 64 24 38 90 61 174 17 30 15 13 12 14 10 5 6 7 9 9 7 5 7 11 9 6 11 5 5 14 13 5 9 5 9 10 12 12 7 7 8 11 13 8 6 18 8 11 13 12 7 6 8 7 9 13 9 4 15 12 12 11 10 12 14 18 25 
0 0 0 1 2 0 3 2 16 14 26 20 7 8 2 4 4 4 3 5 3 2 1 2 1 2 1 2 1 0 3 0 0 0 0 1 0 0 1 0 2 0 0 0 3 0 0 0 0 0 1 0 0 0 3 1 2 2 1 1 1 0 1 0 1 0 0 1 0 0 0 0 2 0 1 0 1 0 1 0 1 0 0 1 0 0 1 0 0 0 1 0 0 2 0 0 1 2 0 1 0 1 0 2 0 1 4 1 1 1 0 0 2 1 2 5 12 35 51 57 63 83 103 71 73 170 133 108 112 155 133 87 93 99 132 90 133 100 119 68 113 112 149 74 99 96 123 92 122 168 121 122 123 112 129 194 202 222 186 196 244 263 297 309 279 349 372 318 220 326 401 354 382 327 326 391 452 441 446 498 469 364 333 247 186 208 175 167 157 142 152 182 223 236 181 291 128 175 111 110 25 8 4 5 6 3 4 10 5 5 4 8 8 11 6 8 3 4 10 13 16 13 17 21 13 21 9 11 9 14 9 12 6 14 12 12 9 10 11 8 15 7 13 8 7 15 15 15 12 23 18 20 22 20 15 27 
3 0 0 2 4 2 5 7 6 15 19 15 4 3 5 5 5 3 4 4 5 3 2 3 1 3 1 3 1 0 1 0 3 1 0 0 0 0 0 1 0 0 0 2 0 1 0 0 0 0 0 1 1 0 0 0 0 0 0 0 1 0 0 0 0 0 2 1 1 1 0 1 1 0 1 0 2 0 0 1 0 1 1 0 4 1 0 1 0 1 0 2 1 0 1 0 0 1 0 0 1 1 0 0 1 0 0 2 0 0 1 0 2 0 2 0 2 3 2 0 1 0 0 0 1 0 0 0 0 1 1 0 2 0 0 0 0 0 0 0 0 0 0 0 0 0 0 0 0 1 0 1 0 0 0 0 0 3 0 1 5 10 10 6 10 17 26 19 26 26 31 24 15 36 74 47 88 127 232 214 264 286 413 538 514 559 686 585 567 434 385 453 446 336 393 335 331 417 367 405 319 274 276 248 280 269 216 198 202 131 158 172 221 188 216 216 151 161 214 192 252 194 198 181 160 139 112 122 164 123 138 130 62 104 50 93 43 61 47 68 23 38 55 23 21 17 17 21 26 22 20 25 21 23 30 32 


11 11 21 41 52 63 112 357 530 870 1138 1031 1212 1323 1138 1151 1026 977 803 685 693 704 586 671 661 601 616 624 582 671 673 802 927 1007 973 1052 1044 1023 984 1044 1099 1293 1401 1297 1420 1620 1842 1877 1624 1586 1525 1388 1394 1479 1430 1468 1428 1480 1465 1394 1488 1357 1342 1341 1326 1239 1130 1139 1135 1158 1202 989 970 956 884 871 853 854 821 812 831 826 813 822 884 841 965 884 889 1072 1142 1242 1505 1725 1961 2024 1993 2224 2463 2523 3223 3767 4116 5091 4246 4081 4103 3629 3400 4027 5166 3938 4348 3626 2721 2148 2060 2036 2007 1782 1582 1418 1582 1415 1381 1430 1455 1520 1659 1672 1738 1641 1812 1863 2040 2064 2245 2368 2627 2751 2909 3113 3458 3738 4034 4408 4724 5187 4628 3917 3499 2975 2801 2753 2750 2667 2558 2881 2860 2717 2614 2081 1963 1906 1675 1758 1907 1842 1748 2017 2063 1858 2289 2721 2669 2564 3030 3153 2786 3013 2817 2983 3168 2972 3569 3580 3706 4034 5078 5217 6162 6996 7604 8121 8374 8917 9346 11398 14225 14881 17755 19440 22597 25183 28962 30607 30423 30100 25751 23010 22777 19313 18071 20613 16536 18002 19394 20980 19600 17615 13815 12807 7676 5287 3493 2648 2316 1847 1500 1654 1463 1348 1371 1294 1044 917 839 938 892 843 752 726 711 619 713 604 562 594 708 580 658 559 550 593 756 1825 
1890 1177 987 946 1115 1225 1227 1256 1436 1511 1380 1481 1385 1364 1315 1287 1575 1451 1471 1494 1440 1293 1291 1354 1228 1155 1169 1024 913 883 885 885 803 807 750 790 999 1195 1328 1552 1649 1643 1680 1746 1959 1893 1674 1590 1562 1338 1251 1064 1049 911 892 812 806 913 898 999 964 1025 952 925 918 905 888 818 809 887 875 889 821 982 1176 1305 1442 2065 2112 2306 2485 2296 2863 3061 4228 4224 4453 4392 4094 3514 2902 2447 2662 2616 2546 2770 3617 4151 5388 5997 4366 3219 1880 1569 1540 1615 1552 1471 1530 1474 1628 1545 1593 1715 1672 1726 1856 1836 2035 2099 2384 2536 3109 3213 3422 3947 4180 4254 4216 4010 3216 2707 2351 2366 2174 2062 1972 1949 1791 1680 1422 1241 1217 1170 1216 1179 891 935 894 991 920 1037 1150 1419 1321 1442 1293 1120 1010 1146 1248 1329 1502 1744 1860 2071 2059 1922 1653 1577 1618 1553 1675 1724 1820 1937 2037 2177 2167 2420 2237 2171 2306 2245 2226 2385 2608 2828 3377 3274 3509 3611 3788 4030 4971 5227 5494 6629 7071 8047 10569 11048 12551 15373 16828 17677 19852 23407 24855 29569 32589 28377 21564 21975 20081 19576 21622 22938 23335 30371 28933 27369 24212 17857 13778 11687 6660 3791 2238 1864 1664 1425 1411 1279 956 924 917 836 704 784 633 639 625 504 662 647 623 482 440 372 307 240 359 379 496 616 
4360 2725 1910 1741 1649 1970 2029 2060 1781 1932 1906 1929 1679 1504 1387 1359 1366 1268 1342 1020 948 998 876 791 777 779 739 803 958 998 1197 1286 1313 1470 1516 1667 1631 1619 1707 1456 1505 1482 1457 1283 1070 1078 1093 1065 1019 1132 1054 1171 1382 1443 1475 1509 1435 1259 1261 1300 1203 1370 1310 1366 1362 1477 1515 1439 1536 1845 2010 1996 1973 2242 2533 3301 3737 4924 4309 4089 3642 3113 2369 2122 2683 2641 2709 2755 3490 4428 6146 6831 2759 1801 1484 1409 1558 1479 1386 1380 1481 1501 1493 1497 1475 1513 1565 1583 1579 1553 1665 1958 2105 2313 2458 2929 3368 3486 3749 4284 4627 4574 4283 3324 2911 2535 2343 2091 2048 1984 1997 1946 1949 1563 1388 1160 1014 981 942 931 855 716 640 544 562 597 615 665 728 759 629 532 543 509 501 674 692 779 756 814 834 820 619 644 593 676 765 829 875 848 958 1123 1195 1283 1290 1586 1717 1481 1326 1441 1450 1466 1713 1818 2029 2031 1945 1773 2140 2045 2099 2194 2292 2206 2780 3449 3106 3678 3339 3619 3858 4300 4572 5244 6301 6919 8114 9342 10498 11816 14282 17642 18609 23706 24747 28459 27513 26322 24081 24420 23355 26266 25747 28499 29514 30465 30197 26340 22335 18950 17576 10526 7971 3812 2186 1844 1606 1360 1402 1333 1021 963 884 894 832 956 871 885 832 778 931 995 933 681 634 796 


