1
0 0 0 0 0 0 0 0 0 0 0 0 0 0 0 0 0 0 0 0 0 0 0 0 0 0 0 0 1 1 2 2 3 6 12 22 38 79 101 147 233 446 723 1081 1523 1675 1753 1831 1810 1775 1655 1175 962 674 540 463 421 416 477 434 459 470 465 448 437 393 445 391 379 440 387 346 413 424 441 420 391 434 416 428 492 530 596 584 514 403 437 471 445 535 600 463 438 439 480 512 545 550 670 784 1000 1146 1276 1216 1258 1372 1435 1416 1254 918 729 519 399 305 279 239 215 184 185 189 178 178 172 189 121 111 121 115 118 104 104 86 77 56 59 51 37 27 25 11 13 12 9 8 6 3 2 5 6 3 9 10 14 19 21 61 87 63 61 37 38 15 11 13 10 19 16 18 15 18 16 15 12 9 9 12 11 6 1 0 4 3 0 4 1 3 2 1 1 0 3 4 1 4 2 3 1 5 3 3 1 1 1 3 2 3 4 1 3 5 0 2 5 4 6 6 12 4 15 9 8 16 14 30 20 20 24 26 22 34 66 89 143 150 183 178 108 65 31 33 17 20 30 40 58 145 367 1018 1594 47763 3556 39 1 0 0 0 
0 0 0 0 0 0 0 0 0 0 0 0 0 0 0 0 0 0 0 0 0 0 0 0 0 0 0 0 0 0 0 0 0 0 1 1 0 0 2 1 2 3 7 13 14 19 32 32 55 90 141 187 328 477 640 876 1433 1928 1641 1718 2069 2253 1756 952 666 558 384 346 333 422 464 465 480 424 291 292 287 368 395 348 368 437 371 362 371 399 281 248 334 353 418 421 458 363 329 348 369 564 732 1008 1651 1724 1426 1526 1842 2560 1732 864 632 585 516 449 464 509 404 379 394 438 352 315 334 349 312 282 281 268 241 178 166 208 151 131 131 154 135 96 106 140 131 137 108 134 108 108 100 122 173 197 144 195 172 122 121 127 113 117 105 76 64 47 37 20 11 8 4 5 20 22 24 70 92 75 63 39 23 11 27 29 34 17 15 22 13 9 9 5 9 1 3 3 3 2 0 1 1 6 1 4 1 2 0 6 5 0 2 3 2 1 2 1 2 2 3 3 2 2 2 0 8 2 2 4 4 10 2 8 11 15 7 19 19 24 12 14 19 26 37 20 22 37 67 122 230 322 165 59 26 26 23 26 45 52 134 358 47700 6296 
0 0 0 0 0 0 0 0 0 0 0 0 0 0 0 0 0 0 0 0 0 0 0 0 0 0 0 0 0 0 0 0 0 0 0 0 0 0 1 0 0 1 0 1 3 6 6 6 9 12 19 18 22 30 39 42 42 61 105 180 256 404 493 592 635 875 1332 1695 1946 2507 2341 1642 1142 732 619 444 409 420 423 366 372 413 483 580 664 879 1275 1508 1785 1847 1873 1365 1089 850 757 606 489 488 503 491 461 367 403 348 312 293 330 318 339 263 279 287 258 285 344 407 380 396 412 377 287 285 287 270 256 230 219 259 234 238 275 298 275 304 311 297 283 267 275 296 269 237 275 276 249 251 220 263 253 217 156 149 164 139 131 122 124 89 87 82 82 76 60 72 70 65 61 70 87 89 82 87 141 158 177 194 184 199 188 139 111 109 90 68 62 66 66 74 85 96 70 52 49 29 21 18 5 5 5 5 2 1 1 2 0 0 1 0 1 6 5 2 2 4 1 4 1 1 0 1 4 5 3 5 3 5 6 2 6 11 6 5 8 17 10 19 21 14 22 28 21 13 25 30 36 56 153 213 209 186 143 67 65 145 776 53635 


35943 1739 1568 882 875 872 787 632 640 545 603 559 639 619 675 832 987 984 1067 1152 1199 1252 1199 1122 1069 1083 1122 1136 974 1051 1092 1043 1207 1267 1612 1426 1367 1236 1073 927 848 672 608 521 493 478 444 456 515 535 492 462 440 437 453 421 432 468 493 508 472 479 475 422 450 495 487 489 526 500 542 533 624 659 605 597 595 579 563 614 635 828 955 1246 1571 2019 2954 3456 4812 5935 5896 6290 6267 6540 7693 7813 7962 8646 9288 10457 10032 10047 9937 9864 9173 8921 9219 9534 8802 8544 9391 9918 10006 11165 11628 13026 12097 12101 12024 12213 11036 11223 11369 11164 10489 8744 8195 7867 7218 7091 7246 7753 9275 9289 9853 9470 9806 8746 8321 8319 8365 7361 7031 6583 6478 6076 5623 6134 5750 5471 5166 5119 5152 5141 5140 5467 5137 4679 4470 4295 4225 4028 3916 3873 4046 3724 3663 3492 3925 3985 3740 4040 4375 4242 4392 3867 3886 3594 3468 3596 3879 3782 3394 2858 3064 3284 3117 3198 3291 3171 2884 2562 2356 2221 2324 2594 2689 2595 2247 2219 2305 2276 2412 2390 2595 2451 2455 1873 1919 1482 1506 1401 1130 805 614 385 213 116 62 46 33 27 26 28 28 41 34 28 33 28 38 46 30 33 48 53 44 65 60 53 32 42 35 36 47 67 100 161 208 680 202 66 115 351 588 15670 
40512 2444 1060 964 840 699 784 858 1215 1319 1430 1606 1609 1410 1106 1137 1416 1449 1372 1582 1654 1292 1279 1294 1240 1011 727 675 626 552 511 539 573 499 474 513 502 436 389 442 450 389 374 387 410 512 473 426 500 537 501 490 500 579 555 481 513 537 494 496 503 648 574 594 584 666 589 559 591 663 632 576 568 682 677 612 680 690 549 533 532 598 596 520 540 556 524 513 555 568 559 486 534 540 501 490 455 500 416 429 415 519 500 468 439 410 391 411 515 840 1024 1270 2043 3162 3885 4530 7033 9247 7388 7728 8923 12383 12352 10627 12567 11910 9082 8917 8926 11356 9682 7833 8242 9769 10983 9630 9544 11367 12767 11908 11294 13543 12939 10122 9853 11511 15857 12472 11831 13539 15910 13495 13123 14969 16185 12525 11425 13098 15320 12579 10848 11207 11944 9299 8416 9476 9908 7369 6504 6806 7980 6537 5931 7141 7778 5630 5141 5449 6047 4314 3641 3487 3900 3067 3038 3379 3419 2614 2357 2712 3468 2913 2444 2883 3118 2321 2273 2792 3427 2343 2083 2008 2611 2297 2022 2009 2173 1306 960 798 570 242 109 51 42 34 12 12 14 20 22 21 20 12 16 24 16 23 15 28 19 25 29 17 17 23 25 30 11 22 16 20 18 22 35 32 53 40 38 66 64 83 103 229 1304 16340 
43373 4167 1931 1871 2125 1818 1663 2007 2355 2126 1891 1709 1539 1203 1016 919 871 699 571 508 566 577 487 571 594 601 586 495 478 504 480 518 562 592 684 558 484 590 518 617 617 648 635 584 575 578 629 654 805 774 738 648 610 640 690 643 705 718 798 875 731 702 711 638 608 699 732 704 617 592 605 624 613 671 688 614 529 487 519 468 504 510 506 431 367 344 351 367 348 320 308 249 253 223 224 183 189 161 186 170 154 150 110 103 113 106 101 88 99 88 68 85 82 85 115 177 196 238 380 540 677 734 756 764 524 447 451 466 424 414 337 378 353 316 272 330 454 611 912 1638 2510 2950 3775 5045 6514 6681 7653 10663 13740 12201 12235 13161 14695 13202 13193 16061 17800 13329 11403 11782 12207 10886 11948 16125 19462 17352 16611 17479 20161 17967 16116 16987 20904 21269 20756 18114 18064 17905 15817 15717 18395 17064 14944 11921 10799 10057 8529 7808 7617 7243 6453 4670 4390 4243 4069 4141 4303 4095 3743 3091 2814 2984 3304 2701 2643 2794 3066 2570 1425 968 840 567 288 156 86 35 28 18 15 19 15 16 18 21 14 22 18 20 13 29 19 21 21 22 26 22 34 37 18 20 27 22 23 27 25 22 27 30 51 59 64 79 107 215 957 16807 


